segmentnr	original	analyzed	folio	translated
['ZH_T31_1604_013:0656c13_0']	大乘莊嚴經論卷第十三	大乘莊嚴經論卷第十三	013	Mahāyāna-sūtrālamkāra, Fascicle 13
['ZH_T31_1604_013:0656c15_0']	無著菩薩造	無著菩薩造	013	Composed by Asaṅga Bodhisattva
['ZH_T31_1604_013:0656c16_0']	大唐天竺三藏波羅頗蜜多羅譯	大唐天竺三藏波羅頗蜜多羅譯	013	Translated by Tripiṭaka Master Prabhākaramitra of India during the Great Tang
['ZH_T31_1604_013:0656c18_2']	23 行住品行住品第二十三釋曰：	23 行住品行住品第二十三釋曰：	013	Chapter on Conduct and Abiding, Chapter 23. Conduct and Abiding. It is said:
['ZH_T31_1604_013:0656c18_17']	已說菩薩功德，次說菩薩五種相。	已說菩薩功德，次說菩薩五種相。	013	Having explained the bodhisattva's merits, next is the explanation of the bodhisattva's five aspects.
['ZH_T31_1604_013:0656c19_1']	偈曰：	偈曰：	013	Verse:
['ZH_T31_1604_013:0656c20_0']	內心有憐愍，　　愛語及勇健，	內心有憐愍，　　愛語及勇健，	013	Inner compassion, loving speech, and valor,
['ZH_T31_1604_013:0656c21_13']	開手并釋義，　　此五菩薩相。	開手并釋義，　　此五菩薩相。	013	Open-handedness and explaining the meaning - these are the five aspects of the bodhisattva.
['ZH_T31_1604_013:0656c22_2']	釋曰：	釋曰：	013	Explanation:
['ZH_T31_1604_013:0656c23_9']	菩薩有五種相，一憐愍、二愛語、三勇健、四開手、五釋義。	菩薩有五種相，一憐愍、二愛語、三勇健、四開手、五釋義。	013	The bodhisattva has five aspects: compassion, loving speech, valor, open-handedness, and explaining the meaning.
['ZH_T31_1604_013:0656c24_3']	憐愍者，以菩提心攝利眾生故。	憐愍者，以菩提心攝利眾生故。	013	Compassion means to gather and benefit sentient beings with the mind of enlightenment.
['ZH_T31_1604_013:0656c24_16']	愛語者，令於佛法得正信故。	愛語者，令於佛法得正信故。	013	Loving speech means to attain right faith in the Buddha's teachings.
['ZH_T31_1604_013:0656c25_8']	勇健者，難行苦行不退屈故。	勇健者，難行苦行不退屈故。	013	Valor means not to be discouraged by difficult practices.
['ZH_T31_1604_013:0656c25_17']	開手者，以財攝故。	開手者，以財攝故。	013	Open-handedness means to gather through wealth.
['ZH_T31_1604_013:0656c26_6']	釋義者，以法攝故。	釋義者，以法攝故。	013	Explaining the meaning means to gather through the Dharma.
['ZH_T31_1604_013:0656c27_2']	此五種相，應知初一是心、後四是行。	此五種相，應知初一是心、後四是行。	013	These five characteristics should be known as the first being mind and the latter four being practices.
['ZH_T31_1604_013:0656c28_1']	已說菩薩五種相，次說菩薩在家出家分。	已說菩薩五種相，次說菩薩在家出家分。	013	Having explained the five characteristics of bodhisattvas, next is the explanation of the lay and renunciant aspects of bodhisattvas.
['ZH_T31_1604_013:0656c28_4']	偈曰：	偈曰：	013	Verse:
['ZH_T31_1604_013:0656c29_0']	菩薩一切時，　　恒居輪王位，	菩薩一切時，　　恒居輪王位，	013	Bodhisattvas at all times always dwell in the position of a wheel-turning king,
['ZH_T31_1604_013:0657a01_13']	利益眾生作，　　在家分如此。	利益眾生作，　　在家分如此。	013	Benefiting beings and acting, the lay aspect is like this.
['ZH_T31_1604_013:0657a02_2']	釋曰：	釋曰：	013	Explanation:
['ZH_T31_1604_013:0657a03_6']	菩薩在家恒作輪王，化行十善，離於十惡，此是利益。	菩薩在家恒作輪王，化行十善，離於十惡，此是利益。	013	Bodhisattvas as householders always act as wheel-turning kings, transforming and practicing the ten wholesome [deeds], detaching from the ten evil [deeds], this is benefiting.
['ZH_T31_1604_013:0657a03_9']	偈曰：	偈曰：	013	Verse:
['ZH_T31_1604_013:0657a04_0']	受得及法得，　　及以示現成，	受得及法得，　　及以示現成，	013	Receiving, obtaining through the Dharma, and manifesting attainment,
['ZH_T31_1604_013:0657a05_13']	三種出家分，　　在於一切地。	三種出家分，　　在於一切地。	013	The three aspects of renunciation are in all stages.
['ZH_T31_1604_013:0657a06_2']	釋曰：	釋曰：	013	Explanation:
['ZH_T31_1604_013:0657a07_1']	菩薩出家有三分，一受得分，謂從他受護；	菩薩出家有三分，一受得分，謂從他受護；	013	Bodhisattvas' renunciation has three aspects: First, the aspect of receiving precepts, which means receiving precepts from others;
['ZH_T31_1604_013:0657a07_12']	二法得分，謂得無流護；	二法得分，謂得無流護；	013	Second, the aspect of obtaining through the Dharma, which means obtaining the precepts of the uncontaminated [path];
['ZH_T31_1604_013:0657a08_2']	三示現分，謂變化作受。	三示現分，謂變化作受。	013	Third, the aspect of manifesting, which means transforming and receiving [precepts].
['ZH_T31_1604_013:0657a09_2']	得分謂信行地，法得分及示現分謂入大地。	得分謂信行地，法得分及示現分謂入大地。	013	The partial attainment refers to the stage of faith practice, and the attainment of the Dharma and the manifest attainment refer to entering the stages.
['ZH_T31_1604_013:0657a09_5']	偈曰：	偈曰：	013	The verse says:
['ZH_T31_1604_013:0657a10_0']	應知出家分，　　無量功德具，	應知出家分，　　無量功德具，	013	It should be known that the aspect of going forth is endowed with immeasurable merits,
['ZH_T31_1604_013:0657a11_13']	欲比在家分，　　最勝彼無等。	欲比在家分，　　最勝彼無等。	013	If compared to the aspect of staying at home, it is supreme and unequaled.
['ZH_T31_1604_013:0657a12_2']	釋曰：	釋曰：	013	The commentary says:
['ZH_T31_1604_013:0657a13_1']	二分挍量出家分勝，由無量功德具足故。	二分挍量出家分勝，由無量功德具足故。	013	The comparison of the two aspects shows that the aspect of going forth is superior, because it is endowed with immeasurable merits.
['ZH_T31_1604_013:0657a14_2']	已說菩薩在家出家分，次說菩薩五種極大心。	已說菩薩在家出家分，次說菩薩五種極大心。	013	Having already discussed the aspects of the bodhisattva staying at home and going forth, next is the discussion of the bodhisattva's five kinds of extremely great minds.
['ZH_T31_1604_013:0657a14_5']	偈曰：	偈曰：	013	The verse says:
['ZH_T31_1604_013:0657a15_0']	愛果及善根，　　涅槃欲令得，	愛果及善根，　　涅槃欲令得，	013	Desiring the fruit of love and the roots of goodness, nirvana, and enabling attainment,
['ZH_T31_1604_013:0657a16_13']	未淨淨極淨，　　謂在諸地中。	未淨淨極淨，　　謂在諸地中。	013	Not yet pure, pure, and extremely pure, referring to being in the various stages.
['ZH_T31_1604_013:0657a17_2']	釋曰：	釋曰：	013	The commentary says:
['ZH_T31_1604_013:0657a19_1']	五極大心者，一樂極大心、二利極大心、三未淨極大心、四已淨極大心、五極淨極大心。	五極大心者，一樂極大心、二利極大心、三未淨極大心、四已淨極大心、五極淨極大心。	013	The five extremely great minds are: 1) the extremely great mind of joy, 2) the extremely great mind of benefit, 3) the extremely great mind of impurity, 4) the extremely great mind of purity, and 5) the extremely great mind of extreme purity.
['ZH_T31_1604_013:0657a20_2']	愛果者，謂樂極大心，令諸眾生得後世愛果故。	愛果者，謂樂極大心，令諸眾生得後世愛果故。	013	The fruit of love refers to the extremely great mind of joy, because it enables all beings to attain the loved fruit in future lives.
['ZH_T31_1604_013:0657a21_6']	善根者，謂利極大心，令諸眾生現行諸善及得涅槃故。	善根者，謂利極大心，令諸眾生現行諸善及得涅槃故。	013	The roots of goodness refer to the mind of great benefit, causing sentient beings to presently practice various good deeds and attain nirvana.
['ZH_T31_1604_013:0657a22_4']	未淨者，謂未淨極大心，即信行地菩薩。	未淨者，謂未淨極大心，即信行地菩薩。	013	Those who are not yet pure refer to those whose great mind is not yet pure, namely bodhisattvas on the stage of faith and practice.
['ZH_T31_1604_013:0657a23_3']	淨者，謂已淨極大心，即初地至七地菩薩。	淨者，謂已淨極大心，即初地至七地菩薩。	013	Those who are pure refer to those whose great mind is already pure, namely bodhisattvas from the first stage up to the seventh stage.
['ZH_T31_1604_013:0657a24_1']	極淨者，謂極淨極大心，即後三地菩薩。	極淨者，謂極淨極大心，即後三地菩薩。	013	Those who are extremely pure refer to those whose great mind is extremely pure, namely bodhisattvas on the last three stages.
['ZH_T31_1604_013:0657a25_2']	已說菩薩五種極大心，次說菩薩四種攝眾生。	已說菩薩五種極大心，次說菩薩四種攝眾生。	013	Having explained the five kinds of great mind of bodhisattvas, next the four kinds of embracing sentient beings by bodhisattvas are explained.
['ZH_T31_1604_013:0657a25_5']	偈曰：	偈曰：	013	The verse says:
['ZH_T31_1604_013:0657a26_0']	欲樂及平等，　　增上與徒眾，	欲樂及平等，　　增上與徒眾，	013	Desire, joy, equality, and superiority,
['ZH_T31_1604_013:0657a27_13']	四心於諸地，　　攝受一切生。	四心於諸地，　　攝受一切生。	013	With these four minds in the various stages, all beings are embraced.
['ZH_T31_1604_013:0657a28_2']	釋曰：	釋曰：	013	The commentary says:
['ZH_T31_1604_013:0657a29_3']	四種攝眾生者，一欲樂心攝，由以菩提心攝故；	四種攝眾生者，一欲樂心攝，由以菩提心攝故；	013	The four kinds of embracing sentient beings are: First, embracing with a mind of desire and joy, by embracing with the mind of enlightenment;
['ZH_T31_1604_013:0657b01_3']	二平等心攝，由入初地得自他平等心攝故；	二平等心攝，由入初地得自他平等心攝故；	013	Second, embracing with an equal mind, by entering the first stage and attaining an equal mind of self and others, thus embracing;
['ZH_T31_1604_013:0657b02_1']	三增上心攝，由居主位以自在力攝故；	三增上心攝，由居主位以自在力攝故；	013	Third, the mind of superiority includes them, because they are included by the power of the sovereign's own mastery.
['ZH_T31_1604_013:0657b02_15']	四徒眾心攝，由攝成自弟子故。	四徒眾心攝，由攝成自弟子故。	013	Fourth, the mind of disciples includes them, because they become one's own disciples.
['ZH_T31_1604_013:0657b03_14']	已說菩薩四種攝眾生，次說菩薩四種受生。	已說菩薩四種攝眾生，次說菩薩四種受生。	013	Having explained the four kinds of bodhisattvas' inclusion of sentient beings, next is the explanation of the four kinds of bodhisattvas' taking rebirth.
['ZH_T31_1604_013:0657b03_17']	偈曰：	偈曰：	013	The verse says:🔽The power of karma and the power of vows,
['ZH_T31_1604_013:0657b04_0']	業力及願力，　　定力亦通力，	業力及願力，　　定力亦通力，	013	The power of concentration and the power of spiritual abilities,🔽Relying on these four kinds of power,
['ZH_T31_1604_013:0657b05_13']	依此四種力，　　菩薩而受生。	依此四種力，　　菩薩而受生。	013	Bodhisattvas take rebirth.
['ZH_T31_1604_013:0657b06_2']	釋曰：	釋曰：	013	The explanation says:
['ZH_T31_1604_013:0657b07_7']	四種受生者，一業力生、二願力生、三定力生、四通力生。	四種受生者，一業力生、二願力生、三定力生、四通力生。	013	The four kinds of taking rebirth are: first, rebirth through the power of karma; second, rebirth through the power of vows; third, rebirth through the power of concentration; fourth, rebirth through the power of spiritual abilities.
['ZH_T31_1604_013:0657b08_12', 'ZH_T31_1604_013:0657b10_1']	業力生者，謂信行地菩薩業力自在，隨所欲處而受生故。🔽願力生者，謂入大地菩薩願力自在，為成熟他受畜生等生故。	業力生者，謂信行地菩薩業力自在，隨所欲處而受生故。 願力生者，謂入大地菩薩願力自在，為成熟他受畜生等生故。	013	Rebirth through the power of karma refers to bodhisattvas on the stage of faith who, through the power of karma, freely take rebirth wherever they wish.🔽Rebirth through the power of vows refers to bodhisattvas who have entered the stages and, through the power of vows, take rebirth as animals and so forth in order to bring others to maturity.
['ZH_T31_1604_013:0657b11_5']	定力生者，謂得定菩薩定力自在，捨於上界下受生故。	定力生者，謂得定菩薩定力自在，捨於上界下受生故。	013	Rebirth through the power of concentration refers to bodhisattvas who have attained concentration and, through the power of concentration, abandon the higher realms and take rebirth in the lower realms.
['ZH_T31_1604_013:0657b12_17']	通力生者，謂得神通菩薩通力自在，能於兜率天等示現諸相而受生故。	通力生者，謂得神通菩薩通力自在，能於兜率天等示現諸相而受生故。	013	As for being born through spiritual powers, it means that bodhisattvas who have attained spiritual powers, through their mastery of spiritual powers, are able to manifest various characteristics in places like the Tuṣita Heaven and receive birth there.
['ZH_T31_1604_013:0657b13_16']	已說菩薩四種受生，次說菩薩十一住相。	已說菩薩四種受生，次說菩薩十一住相。	013	Having already explained the four kinds of birth of bodhisattvas, next is the explanation of the eleven aspects of the stages of bodhisattvas.
['ZH_T31_1604_013:0657b14_1']	偈曰：	偈曰：	013	A verse says:
['ZH_T31_1604_013:0657b15_0']	證空證業果，　　住禪住覺分，	證空證業果，　　住禪住覺分，	013	Realizing emptiness, realizing the fruits of karma, abiding in meditation, abiding in the factors of enlightenment,
['ZH_T31_1604_013:0657b16_0']	觀諦觀緣起，　　無相無功用，	觀諦觀緣起，　　無相無功用，	013	Contemplating the truths, contemplating dependent origination, signlessness, effortless,
['ZH_T31_1604_013:0657b17_0']	化力淨二門，　　及以菩提淨，	化力淨二門，　　及以菩提淨，	013	Transforming, purifying the two gates, and also purifying enlightenment,
['ZH_T31_1604_013:0657b18_13']	以此諸所說，　　立地相應知。	以此諸所說，　　立地相應知。	013	Based on these various explanations, the characteristics of the stages should be understood.
['ZH_T31_1604_013:0657b19_2']	釋曰：	釋曰：	013	The commentary says:
['ZH_T31_1604_013:0657b19_17']	十一住者即十一地，住者名地故。	十一住者即十一地，住者名地故。	013	The eleven stages are precisely the eleven grounds, because stage is synonymous with ground.
['ZH_T31_1604_013:0657b20_14']	證空者顯初住相，多住人法二無我故。	證空者顯初住相，多住人法二無我故。	013	Realizing emptiness shows the characteristics of the first stage, because one mostly abides in the two kinds of selflessness of persons and phenomena.
['ZH_T31_1604_013:0657b21_17']	證業果者顯第二住相，證業及果不壞，能護戒故。	證業果者顯第二住相，證業及果不壞，能護戒故。	013	Realizing the fruits of karma shows the characteristics of the second stage, because one realizes that karma and its fruits are indestructible, and is able to protect the precepts.
['ZH_T31_1604_013:0657b22_16']	住禪者顯第三住相，能生欲界而不退禪故。	住禪者顯第三住相，能生欲界而不退禪故。	013	Abiding in meditation shows the characteristics of the third stage, because one is able to give rise to the desire realm without regressing from meditation.
['ZH_T31_1604_013:0657b23_18']	住覺分者顯第四住相，能入生死而不捨覺分故。	住覺分者顯第四住相，能入生死而不捨覺分故。	013	Abiding in the factors of enlightenment shows the characteristics of the fourth abode, being able to enter saṃsāra without abandoning the factors of enlightenment.
['ZH_T31_1604_013:0657b25_3']	觀諦者顯第五住相，以明教化惱唯惱心，以我無故。	觀諦者顯第五住相，以明教化惱唯惱心，以我無故。	013	Contemplating the truths shows the characteristics of the fifth abode, clarifying that afflictions only afflict the mind, because there is no self.
['ZH_T31_1604_013:0657b26_7']	觀緣起者顯第六住相，能不起染心而依緣起受生故。	觀緣起者顯第六住相，能不起染心而依緣起受生故。	013	Contemplating dependent origination shows the characteristics of the sixth abode, being able to take rebirth in dependence on dependent origination without giving rise to defiled mind.
['ZH_T31_1604_013:0657b27_13']	無相者顯第七住相，行雖功用而上參一道，多住無相故。	無相者顯第七住相，行雖功用而上參一道，多住無相故。	013	Signlessness shows the characteristics of the seventh abode, although practice has effort, it often abides in signlessness, ascending to participate in the one path.
['ZH_T31_1604_013:0657b29_1']	無功用者顯第八住相，雖淨佛土而無起作，多住無功用故。	無功用者顯第八住相，雖淨佛土而無起作，多住無功用故。	013	Effortlessness shows the characteristics of the eighth abode, although purifying the Buddha land, it is often effortless, without giving rise to activity.
['ZH_T31_1604_013:0657c01_4']	化力者顯第九住相，四辯自在能成熟一切眾生故。	化力者顯第九住相，四辯自在能成熟一切眾生故。	013	Power of transformation shows the characteristics of the ninth abode, being able to mature all sentient beings with the four unobstructed abilities and mastery.
['ZH_T31_1604_013:0657c02_8']	淨二門者顯第十住相，三昧門、陀羅尼門極清淨故。	淨二門者顯第十住相，三昧門、陀羅尼門極清淨故。	013	Purifying the two gates shows the characteristics of the tenth abode, because the gate of samādhi and the gate of dhāraṇī are extremely pure.
['ZH_T31_1604_013:0657c03_10']	淨菩提者顯第十一住相，一切智障斷究竟故。	淨菩提者顯第十一住相，一切智障斷究竟故。	013	Purifying bodhi shows the characteristics of the eleventh abode, because the obstacle of knowledge is ultimately eliminated.
['ZH_T31_1604_013:0657c04_8']	已說菩薩十一住相，次說菩薩依地立名。	已說菩薩十一住相，次說菩薩依地立名。	013	Having already explained the characteristics of the eleven stages of the bodhisattva, next is the explanation of the bodhisattva's names based on the stages.
['ZH_T31_1604_013:0657c04_11']	偈曰：	偈曰：	013	Verse:
['ZH_T31_1604_013:0657c05_0']	初三三行淨，　　次三三慢斷，	初三三行淨，　　次三三慢斷，	013	The first three purify the three practices, the next three eliminate the three kinds of pride,
['ZH_T31_1604_013:0657c06_13']	後三覺捨化，　　第十有四名。	後三覺捨化，　　第十有四名。	013	The last three are enlightenment, abandonment, and transformation, the tenth has four names.
['ZH_T31_1604_013:0657c07_2']	釋曰：	釋曰：	013	Explanation:
['ZH_T31_1604_013:0657c07_13']	於十地中建立十菩薩名。	於十地中建立十菩薩名。	013	The names of the ten bodhisattvas are established in the ten stages.
['ZH_T31_1604_013:0657c08_19']	初三三行淨者，初地名見淨，菩薩得人法二見對治智故。	初三三行淨者，初地名見淨，菩薩得人法二見對治智故。	013	As for the first three purifying the three practices, the first stage is called the purity of view, because the bodhisattva attains the wisdom that counteracts the two views of person and dharmas.
['ZH_T31_1604_013:0657c09_17']	第二地名戒淨，菩薩微細犯垢永無體故。	第二地名戒淨，菩薩微細犯垢永無體故。	013	The second stage is called the purity of precepts, because the bodhisattva is forever free from the substance of the subtle defilements of transgressions.
['ZH_T31_1604_013:0657c10_16']	第三地名定淨，菩薩諸禪三昧得不退故。	第三地名定淨，菩薩諸禪三昧得不退故。	013	The third stage is called the purity of concentration, because the bodhisattva attains irreversibility in the dhyānas and samādhis.
['ZH_T31_1604_013:0657c12_8']	次三三慢斷者，第四地名斷法門異慢，菩薩於諸經法破起差別慢故。	次三三慢斷者，第四地名斷法門異慢，菩薩於諸經法破起差別慢故。	013	As for the next three eliminating the three kinds of pride, the fourth stage is called the elimination of the pride of differences in Dharma doors, because the bodhisattva breaks the pride of giving rise to distinctions in the various sūtras and dharmas.
['ZH_T31_1604_013:0657c13_16']	第五地名斷相續異慢，菩薩入十平等心於一切相續得平等故。	第五地名斷相續異慢，菩薩入十平等心於一切相續得平等故。	013	The fifth stage is called the elimination of the pride of differences in continuity, because the bodhisattva enters the ten minds of equality and attains equality in all continuities.
['ZH_T31_1604_013:0657c15_16']	第六地名斷染淨異慢，菩薩如性本淨、客塵故染能住緣起法，如不起黑白差別見故。	第六地名斷染淨異慢，菩薩如性本淨、客塵故染能住緣起法，如不起黑白差別見故。	013	The sixth ground is called the elimination of the conceit of defilement and purity. The bodhisattva, as the nature is originally pure, is defiled by adventitious dust. He is able to abide in the Dharma of dependent origination, and thus does not give rise to the view of black and white distinctions.
['ZH_T31_1604_013:0657c17_10']	後三覺捨化者，第七地名得覺，菩薩住無相力，能念念中修三十七覺分故。	後三覺捨化者，第七地名得覺，菩薩住無相力，能念念中修三十七覺分故。	013	The last three grounds are called abandonment, realization, and transformation. The seventh ground is called realization, because the bodhisattva, abiding in the power of signlessness, is able to cultivate the thirty-seven factors of enlightenment in every moment of thought.
['ZH_T31_1604_013:0657c18_8']	第八地名行捨，菩薩住無功用無相故；	第八地名行捨，菩薩住無功用無相故；	013	The eighth ground is called abandonment, because the bodhisattva, abiding in effortless signlessness,
['ZH_T31_1604_013:0657c19_8']	亦名淨土，菩薩方便行與不退地菩薩合故。	亦名淨土，菩薩方便行與不退地菩薩合故。	013	is also called the Pure Land, because the bodhisattva's skillful practices accord with the bodhisattvas on the grounds of nonretrogression.
['ZH_T31_1604_013:0657c20_8']	第九地名化眾生，菩薩能成熟一切眾生故。	第九地名化眾生，菩薩能成熟一切眾生故。	013	The ninth ground is called transforming sentient beings, because the bodhisattva is able to bring all sentient beings to maturity.
['ZH_T31_1604_013:0657c21_10']	第十有四名者，一名大神通，菩薩得大神通故；	第十有四名者，一名大神通，菩薩得大神通故；	013	The tenth ground has four names. The first is called the great supernormal powers, because the bodhisattva attains the great supernormal powers;
['ZH_T31_1604_013:0657c22_11']	二名滿法身，菩薩具無量三昧門陀羅尼門故；	二名滿法身，菩薩具無量三昧門陀羅尼門故；	013	the second is called the fulfilled Dharma body, because the bodhisattva is endowed with the innumerable doors of samādhi and dhāraṇī;
['ZH_T31_1604_013:0657c23_10']	三名能現身，菩薩住兜率天等示相身故；	三名能現身，菩薩住兜率天等示相身故；	013	the third is called the ability to manifest the body, because the bodhisattva, abiding in Tuṣita Heaven and other places, manifests the characteristics of the body;
['ZH_T31_1604_013:0657c24_7']	四名受職，菩薩於諸佛所得受職故。	四名受職，菩薩於諸佛所得受職故。	013	The fourth is called receiving the position, because the bodhisattva receives the position from the buddhas.
['ZH_T31_1604_013:0657c25_9']	已說菩薩依地立名，次說菩薩隨地修學及學果。	已說菩薩依地立名，次說菩薩隨地修學及學果。	013	Having already explained the bodhisattva's establishment of names based on the grounds, next is explaining the bodhisattva's cultivation and learning according to the grounds, as well as the fruits of learning.
['ZH_T31_1604_013:0657c25_12']	偈曰：	偈曰：	013	The verse says:
['ZH_T31_1604_013:0657c26_0']	隨次依前六，　　見性修三學，	隨次依前六，　　見性修三學，	013	In sequence, based on the first six, one sees the nature and cultivates the three learnings.
['ZH_T31_1604_013:0657c27_13']	隨次依後四，　　得果有四種。	隨次依後四，　　得果有四種。	013	In sequence, based on the last four, one attains the fruits, which are of four kinds.
['ZH_T31_1604_013:0657c28_2']	釋曰：	釋曰：	013	The explanation says:
['ZH_T31_1604_013:0658a01_14']	隨次依前六見性修三學者，菩薩於初地通達真如，第二地學增上戒，第三地學增上心，第四第五第六地學增上慧。	隨次依前六見性修三學者，菩薩於初地通達真如，第二地學增上戒，第三地學增上心，第四第五第六地學增上慧。	013	In sequence, based on the first six, one sees the nature and cultivates the three learnings. The bodhisattva, in the first ground, penetrates suchness. In the second ground, one cultivates superior morality. In the third ground, one cultivates superior concentration. In the fourth, fifth, and sixth grounds, one cultivates superior wisdom.
['ZH_T31_1604_013:0658a02_9']	慧有二境，一法實，謂苦等四諦；	慧有二境，一法實，謂苦等四諦；	013	Wisdom has two objects: first, the reality of dharmas, referring to the four noble truths such as suffering;
['ZH_T31_1604_013:0658a03_3']	二緣起，謂逆順觀十二因緣。	二緣起，謂逆順觀十二因緣。	013	second, dependent origination, referring to the forward and reverse progressions of the twelve links of dependent origination.
['ZH_T31_1604_013:0658a04_7']	此二境亦在第二第三地中，是故彼地亦增上慧建立。	此二境亦在第二第三地中，是故彼地亦增上慧建立。	013	These two objects are also in the second and third grounds, therefore those grounds are also established as superior wisdom.
['ZH_T31_1604_013:0658a06_14']	然第四地中菩提分慧增上，第五地中諦觀慧增上，第六地中緣起觀慧增上，故此三地建立增上慧學。	然第四地中菩提分慧增上，第五地中諦觀慧增上，第六地中緣起觀慧增上，故此三地建立增上慧學。	013	However, in the fourth ground, the wisdom of the factors of enlightenment is superior, in the fifth ground, the wisdom of contemplating the truths is superior, and in the sixth ground, the wisdom of contemplating dependent origination is superior. Therefore, these three grounds establish the superior training in wisdom.
['ZH_T31_1604_013:0658a08_6']	隨次依後四得果有四種者，依第七地得無相有功用住，為第一果。	隨次依後四得果有四種者，依第七地得無相有功用住，為第一果。	013	There are four kinds of fruits obtained by relying on the latter four in sequence. Relying on the seventh ground, one obtains the abode of signlessness with effort, as the first fruit.
['ZH_T31_1604_013:0658a09_3']	依第八地得無相無功用住，為第二果。	依第八地得無相無功用住，為第二果。	013	Relying on the eighth ground, one obtains the abode of signlessness without effort, as the second fruit.
['ZH_T31_1604_013:0658a09_18']	依第九地得成熟眾生，為第三果。	依第九地得成熟眾生，為第三果。	013	Relying on the ninth ground, one obtains the maturation of sentient beings, as the third fruit.
['ZH_T31_1604_013:0658a10_13']	依第十地得二門成熟，為第四果。	依第十地得二門成熟，為第四果。	013	Relying on the tenth ground, one obtains the maturation of the two gates, as the fourth fruit.
['ZH_T31_1604_013:0658a11_17']	已說隨地修學及學果，次說菩薩隨地修習無流五陰。	已說隨地修學及學果，次說菩薩隨地修習無流五陰。	013	Having explained the training and fruits of training according to the grounds, next is the explanation of the bodhisattvas' cultivation of the five uncontaminated aggregates according to the grounds.
['ZH_T31_1604_013:0658a12_1']	偈曰：	偈曰：	013	The verse says:
['ZH_T31_1604_013:0658a13_0']	見性淨三身，　　亦在前六地，	見性淨三身，　　亦在前六地，	013	The three bodies of seeing, nature, and purity are also in the first six grounds,
['ZH_T31_1604_013:0658a14_13']	餘地淨餘二，　　遠離五障故。	餘地淨餘二，　　遠離五障故。	013	The other two are purified in the other grounds, because they are far removed from the five hindrances.
['ZH_T31_1604_013:0658a15_2']	釋曰：	釋曰：	013	The commentary says:🔽Here is the corrected and aligned text:
['ZH_T31_1604_013:0658a17_3']	初地見性如前解，第二地中戒身清淨，第三地中定身清淨，第四第五第六地中慧身清淨。	初地見性如前解，第二地中戒身清淨，第三地中定身清淨，第四第五第六地中慧身清淨。	013	The seeing of the nature in the first ground is as explained before. In the second ground, the body of precepts is pure. In the third ground, the body of concentration is pure. In the fourth, fifth, and sixth grounds, the body of wisdom is pure.
['ZH_T31_1604_013:0658a18_8']	後四地及佛地，解脫身、解脫知見身清淨，由離五障故。	後四地及佛地，解脫身、解脫知見身清淨，由離五障故。	013	In the latter four grounds and the Buddha ground, the body of liberation and the body of liberation wisdom-knowledge are pure, because they are free from five hindrances.
['ZH_T31_1604_013:0658a21_7']	五障者，第七地中以執相無知為障，第八地中以功用無知為障，第九地中以不能化生無知為障，第十地中以未淨二門無知為障。	五障者，第七地中以執相無知為障，第八地中以功用無知為障，第九地中以不能化生無知為障，第十地中以未淨二門無知為障。	013	The five hindrances are: in the seventh ground, the hindrance of the ignorance of grasping at characteristics; in the eighth ground, the hindrance of the ignorance of effort; in the ninth ground, the hindrance of the ignorance of being unable to transform beings; in the tenth ground, the hindrance of the ignorance of not purifying the two gates;
['ZH_T31_1604_013:0658a23_11']	佛地中以礙障無知為障，謂此無知能礙聲聞緣覺境界智，諸佛知一切境無礙，由解脫此障故。	佛地中以礙障無知為障，謂此無知能礙聲聞緣覺境界智，諸佛知一切境無礙，由解脫此障故。	013	in the Buddha ground, the hindrance of the ignorance of obstruction. This ignorance can obstruct the wisdom of the realms of śrāvakas and pratyekabuddhas. All buddhas know all realms without obstruction. By being liberated from this hindrance,
['ZH_T31_1604_013:0658a24_16']	已說菩薩隨地修無流五陰，次說菩薩隨地成就未成就。	已說菩薩隨地修無流五陰，次說菩薩隨地成就未成就。	013	The five uncontaminated aggregates cultivated by bodhisattvas according to the grounds have already been explained. Next, the attainment and non-attainment of bodhisattvas according to the grounds will be explained.
['ZH_T31_1604_013:0658a24_19']	偈曰：	偈曰：	013	Verse:
['ZH_T31_1604_013:0658a25_0']	未成就成就，　　成復未成成，	未成就成就，　　成復未成成，	013	Not yet accomplished, accomplished, accomplished and yet not accomplished,
['ZH_T31_1604_013:0658a26_13']	如地建立知，　　分別無分別。	如地建立知，　　分別無分別。	013	Like the establishment of the stages, knowing the distinctions and non-distinctions.
['ZH_T31_1604_013:0658a27_2']	釋曰：	釋曰：	013	The commentary says:
['ZH_T31_1604_013:0658a28_7']	未成就成就者，彼信行地是未成就，自餘諸地是名成就。	未成就成就者，彼信行地是未成就，自餘諸地是名成就。	013	As for not yet accomplished, accomplished, the stage of faith and practice is not yet accomplished, while the remaining stages are called accomplished.
['ZH_T31_1604_013:0658b01_4']	成復未成成者，於前成就地中復有未成就成就，七地已還名未成就，有功用故。	成復未成成者，於前成就地中復有未成就成就，七地已還名未成就，有功用故。	013	As for accomplished and yet not accomplished, within the previously mentioned accomplished stages there are also those that are not yet accomplished and those that are accomplished. The first seven stages are called not yet accomplished because they require effort.
['ZH_T31_1604_013:0658b01_18']	八地已上是名成就，無功用故。	八地已上是名成就，無功用故。	013	The eighth stage and above are called accomplished because they are effortless.
['ZH_T31_1604_013:0658b01_20']	問：	問：	013	Question:
['ZH_T31_1604_013:0658b02_14']	前說歡喜地亦是成就，此義云何？	前說歡喜地亦是成就，此義云何？	013	Previously it was said that the stage of joy is also accomplished. What does this mean?
['ZH_T31_1604_013:0658b02_16']	答：	答：	013	Answer:
['ZH_T31_1604_013:0658b05_8']	如地建立知分別無分別，此由於地建立中知唯分別，於此分別亦無分別，所執能執俱無體故，約此義故說名成就。	如地建立知分別無分別，此由於地建立中知唯分別，於此分別亦無分別，所執能執俱無體故，約此義故說名成就。	013	Like the establishment of the stages, knowing the distinctions and non-distinctions means that within the establishment of the stages one knows that they are only distinctions, and within these distinctions there are also no distinctions, because both the grasped and the grasper are devoid of substance. Based on this meaning, it is said to be accomplished.
['ZH_T31_1604_013:0658b05_11']	偈曰：	偈曰：	013	A verse says:
['ZH_T31_1604_013:0658b06_0']	應知諸地中，　　修習及成就，	應知諸地中，　　修習及成就，	013	It should be known that in all stages, cultivation and accomplishment,
['ZH_T31_1604_013:0658b07_13']	此二不思議，　　諸佛境界故。	此二不思議，　　諸佛境界故。	013	These two are inconceivable, because they are the realm of all Buddhas.
['ZH_T31_1604_013:0658b08_2']	釋曰：	釋曰：	013	The commentary says:
['ZH_T31_1604_013:0658b10_9']	菩薩於諸地中各有修習及成就，應知地地皆不可思議，由諸菩薩內自證覺是諸佛所知非餘人境界故。	菩薩於諸地中各有修習及成就，應知地地皆不可思議，由諸菩薩內自證覺是諸佛所知非餘人境界故。	013	Bodhisattvas in all stages have both cultivation and accomplishment. It should be known that each stage is inconceivable, because it is realized by bodhisattvas themselves and is known by all Buddhas, not the realm of other people.
['ZH_T31_1604_013:0658b11_13']	已說菩薩隨地成就未成就，次說菩薩入地十種相。	已說菩薩隨地成就未成就，次說菩薩入地十種相。	013	Having explained the bodhisattvas' accomplishment and non-accomplishment in accordance with the stages, next is the explanation of the ten aspects of the bodhisattvas' entry into the stages.
['ZH_T31_1604_013:0658b11_16']	偈曰：	偈曰：	013	A verse says:
['ZH_T31_1604_013:0658b12_0']	明信及無劣，　　無怯亦無待，	明信及無劣，　　無怯亦無待，	013	Clear faith, absence of inferiority, absence of fear, also absence of dependence,
['ZH_T31_1604_013:0658b13_0']	通達及平等，　　離偏亦離著，	通達及平等，　　離偏亦離著，	013	Penetration, equality, freedom from bias, also freedom from attachment,
['ZH_T31_1604_013:0658b14_0']	及以知方便，　　亦在聖眾生，	及以知方便，　　亦在聖眾生，	013	And knowledge of skillful means, also being born in the assembly of sages,
['ZH_T31_1604_013:0658b15_13']	如此十種相，　　地地皆圓滿。	如此十種相，　　地地皆圓滿。	013	In this way, these ten aspects are fully perfected in each stage.
['ZH_T31_1604_013:0658b16_2']	釋曰：	釋曰：	013	The commentary says:
['ZH_T31_1604_013:0658b16_13']	入地菩薩地地皆有十相。	入地菩薩地地皆有十相。	013	The bodhisattvas who have entered the stages have ten aspects in each stage.
['ZH_T31_1604_013:0658b16_18']	何者為十？	何者為十？	013	What are the ten?
['ZH_T31_1604_013:0658b18_19']	一明信、二無劣、三無怯、四無待、五通達、六平等、七離偏、八離著、九知方便、十聖眾生。	一明信、二無劣、三無怯、四無待、五通達、六平等、七離偏、八離著、九知方便、十聖眾生。	013	First, clear faith; second, no inferiority; third, no fear; fourth, no dependence; fifth, thorough understanding; sixth, equality; seventh, freedom from bias; eighth, freedom from attachment; ninth, knowledge of skillful means; tenth, holy beings.
['ZH_T31_1604_013:0658b19_17']	明信者，於自地得明，於諸法中除無知故；	明信者，於自地得明，於諸法中除無知故；	013	Clear faith means attaining clarity in one's own stage and eliminating ignorance regarding all dharmas;
['ZH_T31_1604_013:0658b20_13']	於他地得信，於後諸地生願樂故。	於他地得信，於後諸地生願樂故。	013	attaining faith in other stages and giving rise to aspiration and delight in the subsequent stages.
['ZH_T31_1604_013:0658b21_6']	無劣者，聞深妙法不驚怖故。	無劣者，聞深妙法不驚怖故。	013	No inferiority means not being startled or frightened upon hearing the profound and wondrous Dharma.
['ZH_T31_1604_013:0658b21_20']	無怯者，行難行行，極勇猛故。	無怯者，行難行行，極勇猛故。	013	No fear means practicing difficult practices with utmost courage and valor.
['ZH_T31_1604_013:0658b22_12']	無待者，起自地行不待教故。	無待者，起自地行不待教故。	013	No dependence means giving rise to one's own stage of practice without relying on instruction.
['ZH_T31_1604_013:0658b23_4']	通達者，他地方便能起故。	通達者，他地方便能起故。	013	Thorough understanding means being able to give rise to the skillful means of other stages.
['ZH_T31_1604_013:0658b23_17']	平等者，普於眾生同自心故。	平等者，普於眾生同自心故。	013	Equality means regarding all beings as the same as oneself.
['ZH_T31_1604_013:0658b24_10']	離偏者，耳聞毀譽無高下故。	離偏者，耳聞毀譽無高下故。	013	Freedom from bias means hearing slander and praise without feeling superior or inferior.
['ZH_T31_1604_013:0658b25_4']	離著者，得輪王等位無愛染故。	離著者，得輪王等位無愛染故。	013	Freedom from attachment means attaining the status of a wheel-turning king and so forth without feeling love or desire.
['ZH_T31_1604_013:0658b26_2']	知方便者，知諸法不可得，為佛方便故。	知方便者，知諸法不可得，為佛方便故。	013	Knowledge of skillful means means knowing that all dharmas are unobtainable, but using skillful means to become a buddha.
['ZH_T31_1604_013:0658b26_16']	聖眾生者，諸佛徒眾恒在生故。	聖眾生者，諸佛徒眾恒在生故。	013	The holy beings are the disciples of the Buddhas who are always born.
['ZH_T31_1604_013:0658b27_7']	此等十相地地皆具應知。	此等十相地地皆具應知。	013	One should know that these ten characteristics are all present in each ground.
['ZH_T31_1604_013:0658b28_8']	已說菩薩入地十種相，次說菩薩地中十度相。	已說菩薩入地十種相，次說菩薩地中十度相。	013	Having explained the ten aspects of the bodhisattvas' entry into the grounds, next is the explanation of the ten perfections in the bodhisattvas' grounds.
['ZH_T31_1604_013:0658b28_11']	偈曰：	偈曰：	013	The verse says:
['ZH_T31_1604_013:0658b29_0']	有欲無六障，　　其次無亂慧，	有欲無六障，　　其次無亂慧，	013	Having desire, being free from the six hindrances, then being free from confused wisdom,
['ZH_T31_1604_013:0658c01_0']	不漂亦不迴，　　事友及供養，	不漂亦不迴，　　事友及供養，	013	Not drifting and not turning back, serving friends and making offerings,
['ZH_T31_1604_013:0658c02_0']	迴向將生勝，　　修善與戲通，	迴向將生勝，　　修善與戲通，	013	Directing towards the supreme, cultivating goodness and playing through penetration,
['ZH_T31_1604_013:0658c03_13']	功德藏如是，　　佛子十六相。	功德藏如是，　　佛子十六相。	013	The treasure of merit is like this, the Buddha's disciples have sixteen aspects.
['ZH_T31_1604_013:0658c04_2']	釋曰：	釋曰：	013	The commentary says:
['ZH_T31_1604_013:0658c04_18']	諸菩薩於諸地中得十度，有十六相。	諸菩薩於諸地中得十度，有十六相。	013	The bodhisattvas attain the ten perfections in the grounds, having sixteen aspects.
['ZH_T31_1604_013:0658c05_3']	何者十六？	何者十六？	013	What are the sixteen?
['ZH_T31_1604_013:0658c05_13']	一有欲樂，行諸度故。	一有欲樂，行諸度故。	013	First, having the desire to practice the perfections.
['ZH_T31_1604_013:0658c06_1']	二無慳，離施障故。	二無慳，離施障故。	013	Second, being free from stinginess, leaving behind the hindrance to giving.
['ZH_T31_1604_013:0658c06_10']	三無違，離戒障故。	三無違，離戒障故。	013	Third, being free from contradiction, leaving behind the hindrance to morality.
['ZH_T31_1604_013:0658c06_19']	四無恚，離忍障故。	四無恚，離忍障故。	013	Fourth, being free from anger, leaving behind the hindrance to patience.
['ZH_T31_1604_013:0658c07_7']	五無懈，離進障故。	五無懈，離進障故。	013	Fifth, being free from laziness, leaving behind the hindrance to vigor.
['ZH_T31_1604_013:0658c07_16']	六慈悲，離定障故。	六慈悲，離定障故。	013	Sixth, having loving-kindness and compassion, leaving behind the hindrance to concentration.
['ZH_T31_1604_013:0658c08_14']	慈悲能與樂拔苦，是瞋惱對治，由定得故。	慈悲能與樂拔苦，是瞋惱對治，由定得故。	013	Compassion is able to bestow happiness and remove suffering, which is the antidote to anger and vexation, because it is attained through concentration.
['ZH_T31_1604_013:0658c09_3']	七無惡慧，離慧障故。	七無惡慧，離慧障故。	013	Seventh, being free from evil wisdom, because it is free from the hindrance of wisdom.
['ZH_T31_1604_013:0658c10_8']	惡慧有三，謂自性分別、隨憶分別、顯示分別，此能斷故。	惡慧有三，謂自性分別、隨憶分別、顯示分別，此能斷故。	013	Evil wisdom has three kinds: the discrimination of intrinsic nature, the discrimination of following memory, and the discrimination of manifestation. This [wisdom] is able to eliminate them.
['ZH_T31_1604_013:0658c10_19']	八無亂慧，離異乘心故。	八無亂慧，離異乘心故。	013	Eighth, being without confused wisdom, because it is free from the mind of other vehicles.
['ZH_T31_1604_013:0658c11_13']	九不漂，不為人天勝樂醉其心故。	九不漂，不為人天勝樂醉其心故。	013	Ninth, being unmoved, because it is not intoxicated by the supreme bliss of humans and gods.
['ZH_T31_1604_013:0658c12_12']	十不迴，不為不成就苦及難行苦退其心故。	十不迴，不為不成就苦及難行苦退其心故。	013	Tenth, being irreversible, because it is not discouraged by the suffering of non-accomplishment and the suffering of difficulty.
['ZH_T31_1604_013:0658c13_10']	十一事友，依佛所示善知識聞大乘故。	十一事友，依佛所示善知識聞大乘故。	013	Eleventh, befriending, because one hears the Mahayana from good and wise advisors as shown by the Buddha.
['ZH_T31_1604_013:0658c14_2']	十二供養，供養三寶故。	十二供養，供養三寶故。	013	Twelfth, making offerings, because one makes offerings to the Three Jewels.
['ZH_T31_1604_013:0658c14_13']	十三迴向，善巧方便故。	十三迴向，善巧方便故。	013	Thirteenth, dedicating, because of skillful means.
['ZH_T31_1604_013:0658c15_17']	十四生勝，此顯願波羅蜜相，離八難處不離諸佛菩薩故。	十四生勝，此顯願波羅蜜相，離八難處不離諸佛菩薩故。	013	Fourteenth, having a superior rebirth, which shows the characteristic of the perfection of vows, because one is free from the eight difficult circumstances and does not leave the buddhas and bodhisattvas.
['ZH_T31_1604_013:0658c16_19']	十五修善，此顯力波羅蜜相，無間修諸善根故。	十五修善，此顯力波羅蜜相，無間修諸善根故。	013	Fifteenth, cultivating goodness, which shows the characteristic of the perfection of power, because one cultivates all wholesome roots without interruption.
['ZH_T31_1604_013:0658c18_3']	十六戲通，此顯智波羅蜜相，遊戲諸大神通功德故。	十六戲通，此顯智波羅蜜相，遊戲諸大神通功德故。	013	The sixteenth is the commonality of play, which manifests the characteristic of the perfection of wisdom, because it is the merit of playing with various great supernatural powers.
['ZH_T31_1604_013:0658c19_7']	菩薩若得此相，則為一切眾中上首，是名佛子十六相。	菩薩若得此相，則為一切眾中上首，是名佛子十六相。	013	If a bodhisattva attains these characteristics, he will be the foremost among all assemblies. These are called the sixteen characteristics of the Buddha's disciples.
['ZH_T31_1604_013:0658c20_8']	已說菩薩地中十度相，次說菩薩度度五功德。	已說菩薩地中十度相，次說菩薩度度五功德。	013	Having already explained the characteristics of the ten perfections in the bodhisattva stages, next is the explanation of the five merits of each perfection of the bodhisattva.
['ZH_T31_1604_013:0658c20_11']	偈曰：	偈曰：	013	The verse says:
['ZH_T31_1604_013:0658c21_0']	地地昇進時，　　度度有五德，	地地昇進時，　　度度有五德，	013	When advancing from stage to stage, each perfection has five merits,
['ZH_T31_1604_013:0658c22_13']	二及二及一，　　應知止觀俱。	二及二及一，　　應知止觀俱。	013	two, two, and one, which should be known as both stillness and contemplation.
['ZH_T31_1604_013:0658c23_2']	釋曰：	釋曰：	013	The commentary says:
['ZH_T31_1604_013:0658c24_17']	地地昇進時度度有五德者，菩薩於一一地修一一度，於一一度皆具五種功德。	地地昇進時度度有五德者，菩薩於一一地修一一度，於一一度皆具五種功德。	013	As for when advancing from stage to stage, each perfection has five merits, when a bodhisattva cultivates a single perfection in each stage, each perfection is fully endowed with five kinds of merits.
['ZH_T31_1604_013:0658c25_3']	何者為五？	何者為五？	013	What are the five?
['ZH_T31_1604_013:0658c26_2']	一滅習、二得猗、三圓明、四相起、五廣因。	一滅習、二得猗、三圓明、四相起、五廣因。	013	First, eliminating habits; second, attaining tranquility; third, perfect illumination; fourth, arising of characteristics; fifth, extensive causes.
['ZH_T31_1604_013:0658c26_19']	滅習者，一一剎那滅除依中習氣聚故。	滅習者，一一剎那滅除依中習氣聚故。	013	As for eliminating habits, in each instant, it eliminates the accumulation of habitual tendencies within the basis.
['ZH_T31_1604_013:0658c27_12']	得猗者，離種種相得法樂故。	得猗者，離種種相得法樂故。	013	Attaining pliancy means attaining the bliss of the Dharma by abandoning various characteristics.
['ZH_T31_1604_013:0658c28_7']	圓明者，遍知一切種不作分段故。	圓明者，遍知一切種不作分段故。	013	Luminous means knowing all aspects without making distinctions.
['ZH_T31_1604_013:0658c29_3']	相起者，由入大地無分別相生故。	相起者，由入大地無分別相生故。	013	Arising of characteristics means entering the stages without discrimination.
['ZH_T31_1604_013:0659a01_7']	廣因者，為滿為淨一切種法身福聚智聚攝令增長故。	廣因者，為滿為淨一切種法身福聚智聚攝令增長故。	013	Extensive causes means gathering and increasing the accumulation of blessings and wisdom of the Dharma body in all aspects in order to fulfill and purify them.
['ZH_T31_1604_013:0659a03_15']	二及二及一應知止觀俱者，此中應知，初二功德是奢摩他分，次二功德是毘鉢舍那分，第五功德是俱分。	二及二及一應知止觀俱者，此中應知，初二功德是奢摩他分，次二功德是毘鉢舍那分，第五功德是俱分。	013	It should be known that the two, two, and one correspond to tranquility and insight. Here it should be known that the first two merits are aspects of tranquility, the next two merits are aspects of insight, and the fifth merit is an aspect of both.
['ZH_T31_1604_013:0659a04_14']	已說菩薩度度五功德，次釋菩薩十地名。	已說菩薩度度五功德，次釋菩薩十地名。	013	Having explained the five merits of each bodhisattva stage, next the names of the ten stages of bodhisattvas are explained.
['ZH_T31_1604_013:0659a04_17']	偈曰：	偈曰：	013	Verse:
['ZH_T31_1604_013:0659a05_13']	見真見利物，　　此處得歡喜；	見真見利物，　　此處得歡喜；	013	Seeing reality and benefiting beings, one attains joy here;
['ZH_T31_1604_013:0659a06_13']	出犯出異心，　　是名離垢地；	出犯出異心，　　是名離垢地；	013	Leaving transgressions and leaving different minds, this is called the ground of freedom from defilements;
['ZH_T31_1604_013:0659a07_13']	求法持法力，　　作明故名明；	求法持法力，　　作明故名明；	013	Seeking the Dharma, upholding the Dharma's power, and becoming bright is called brightness;
['ZH_T31_1604_013:0659a08_13']	惑障智障薪，　　能燒是焰慧；	惑障智障薪，　　能燒是焰慧；	013	The firewood of afflictive hindrances and cognitive hindrances can be burned, this is called flaming wisdom;
['ZH_T31_1604_013:0659a09_13']	難退有二種，　　能退故難勝；	難退有二種，　　能退故難勝；	013	There are two kinds of difficulties to overcome, able to overcome them is the Difficult to Overcome;
['ZH_T31_1604_013:0659a10_13']	不住二法觀，　　恒現名現前；	不住二法觀，　　恒現名現前；	013	Not abiding in two dharmas, constantly manifesting is called the Manifesting;
['ZH_T31_1604_013:0659a11_13']	雜道隣一道，　　遠去名遠行；	雜道隣一道，　　遠去名遠行；	013	Mixed path, neighboring the one path, going far is called the Far-Going;
['ZH_T31_1604_013:0659a12_13']	相想無相想，　　動無不動地；	相想無相想，　　動無不動地；	013	Signs, signless thoughts, moving, immovable ground;
['ZH_T31_1604_013:0659a13_13']	四辯智力巧，　　說善稱善慧；	四辯智力巧，　　說善稱善慧；	013	Four unobstructed eloquences, wisdom powers, skillful speech, well-praised is called the Well-Praised Wisdom;
['ZH_T31_1604_013:0659a14_13']	二門如雲遍，　　雨法名法雲。	二門如雲遍，　　雨法名法雲。	013	Two gates like clouds, pervading, raining Dharma is called the Dharma Cloud.
['ZH_T31_1604_013:0659a15_2']	釋曰：	釋曰：	013	The Explanation says:
['ZH_T31_1604_013:0659a17_7']	見真見利物此處得歡喜者，菩薩於初地中一見真如，謂見自利，昔曾未見今時始見，去菩提近故。	見真見利物此處得歡喜者，菩薩於初地中一見真如，謂見自利，昔曾未見今時始見，去菩提近故。	013	Seeing the truth, seeing benefiting beings, attaining joy here - the bodhisattva in the first ground, first sees the truth, which is seeing one's own benefit. What was never seen before is now seen for the first time, because it is close to enlightenment.
['ZH_T31_1604_013:0659a18_8']	二見利物，謂見利他，一一剎那能成熟百眾生故。	二見利物，謂見利他，一一剎那能成熟百眾生故。	013	Second, seeing benefiting beings, which is seeing benefiting others. In each instant, one can mature a hundred beings.
['ZH_T31_1604_013:0659a19_3']	由此二見起勝歡喜，故名歡喜地。	由此二見起勝歡喜，故名歡喜地。	013	Because of these two seeings, supreme joy arises, thus it is called the Ground of Joy.
['ZH_T31_1604_013:0659a21_2']	出犯出異心是名離垢地者，菩薩於二地中出二種垢，一出犯戒垢、二出起異乘心垢。	出犯出異心是名離垢地者，菩薩於二地中出二種垢，一出犯戒垢、二出起異乘心垢。	013	Leaving behind transgressions and leaving behind the mind of seeking other vehicles, this is called the ground of leaving behind defilements. The bodhisattva in the second ground leaves behind two kinds of defilements: first, leaving behind the defilement of transgressions; second, leaving behind the defilement of giving rise to the mind of seeking other vehicles.
['ZH_T31_1604_013:0659a21_13']	由出二垢故，名離垢地。	由出二垢故，名離垢地。	013	Because of leaving behind these two defilements, it is called the ground of leaving behind defilements.
['ZH_T31_1604_013:0659a21_21']	如《十地經》說：	如《十地經》說：	013	As the Daśabhūmika-sūtra says:
['ZH_T31_1604_013:0659a22_13']	我等應得應淨一切種智故勤精進。	我等應得應淨一切種智故勤精進。	013	We should attain and purify all-inclusive cognition, therefore we diligently cultivate.
['ZH_T31_1604_013:0659a25_2']	求法持法力作明故名明者，菩薩於三地中得三昧自在力，於無量佛法能求能持，得大法明為他作明。	求法持法力作明故名明者，菩薩於三地中得三昧自在力，於無量佛法能求能持，得大法明為他作明。	013	Because of seeking the Dharma, upholding the Dharma, and generating illumination, it is called the ground of illumination. The bodhisattva in the third ground attains the power of mastery over samādhis, is able to seek and uphold immeasurable Buddha-Dharmas, attains great Dharma illumination, and generates illumination for others.
['ZH_T31_1604_013:0659a25_16', 'ZH_T31_1604_013:0659a27_16']	由能以法自明明他，故名明地。🔽惑障智障薪能燒是焰慧者，菩薩於四地中以菩提分慧為焰自性，以惑智二障為薪自性。	由能以法自明明他，故名明地。 惑障智障薪能燒是焰慧者，菩薩於四地中以菩提分慧為焰自性，以惑智二障為薪自性。	013	Because of being able to illuminate the Dharma for oneself and illuminate others, it is called the ground of illumination.🔽The fuel of afflictive obstructions and knowledge obstructions is burned by this flame, it is called the ground of flaming wisdom. The bodhisattva in the fourth ground takes the wisdom of the factors of enlightenment as the nature of the flame, and takes the two obstructions of afflictions and knowledge as the nature of the fuel.
['ZH_T31_1604_013:0659a28_16']	此地菩薩能起慧焰燒二障薪故，名焰慧地。	此地菩薩能起慧焰燒二障薪故，名焰慧地。	013	Because the bodhisattva in this ground is able to generate the flame of wisdom to burn the fuel of the two obstructions, it is called the ground of flaming wisdom.
['ZH_T31_1604_013:0659b02_4']	難退有二種能退故難勝者，菩薩於五地中有二種難，一勤化眾生心無惱難、二眾生不從化心無惱難。	難退有二種能退故難勝者，菩薩於五地中有二種難，一勤化眾生心無惱難、二眾生不從化心無惱難。	013	There are two kinds of difficulties to overcome, because it is difficult to surpass. In the fifth ground, bodhisattvas have two kinds of difficulties: first, the difficulty of transforming sentient beings without being troubled; second, the difficulty of sentient beings not being transformed without being troubled.
['ZH_T31_1604_013:0659b03_4']	此地菩薩能退二難、於難得勝故，名難勝地。	此地菩薩能退二難、於難得勝故，名難勝地。	013	This ground bodhisattva can overcome these two difficulties and attain victory over difficulties, thus it is called the ground of overcoming difficulties.
['ZH_T31_1604_013:0659b04_18']	不住二法觀恒現名現前者，菩薩於六地中依般若力，能不住生死涅槃二法。	不住二法觀恒現名現前者，菩薩於六地中依般若力，能不住生死涅槃二法。	013	The observation of not abiding in two dharmas is always present and is called the ground of presence. In the sixth ground, the bodhisattva relies on the power of prajñā to be able to not abide in the two dharmas of saṃsāra and nirvāṇa.
['ZH_T31_1604_013:0659b05_14']	如此觀慧恒現在前故，名現前地。	如此觀慧恒現在前故，名現前地。	013	Such observation and wisdom are always present, thus it is called the ground of presence.
['ZH_T31_1604_013:0659b07_6']	雜道隣一道遠去名遠行者，菩薩於七地中近一乘道，故名遠去。	雜道隣一道遠去名遠行者，菩薩於七地中近一乘道，故名遠去。	013	The mixed path is adjacent to the one path, far going, and is called the ground of far going. In the seventh ground, the bodhisattva is close to the path of the One Vehicle, thus it is called far going.
['ZH_T31_1604_013:0659b07_8']	問：	問：	013	Question:
['ZH_T31_1604_013:0659b07_13']	誰是遠去？	誰是遠去？	013	Who is the far goer?
['ZH_T31_1604_013:0659b07_15']	答：	答：	013	Answer:
['ZH_T31_1604_013:0659b08_14']	功用方便究竟此遠能去，由此遠去故名遠行地。	功用方便究竟此遠能去，由此遠去故名遠行地。	013	The ultimate of skillful means with effort is able to go far, and because of this far going, it is called the ground of far going.
['ZH_T31_1604_013:0659b11_5']	相想無相想動無不動地者，菩薩於八地中有相想及無相有功用想，二想俱不能動，由無此動故，故名不動地。	相想無相想動無不動地者，菩薩於八地中有相想及無相有功用想，二想俱不能動，由無此動故，故名不動地。	013	The stage of Immovable is where one is unmoved by either the conception of characteristics or the conception of signlessness and effort. Bodhisattvas in the eighth stage have the conception of characteristics and the conception of signlessness and effort, and these two conceptions cannot move them. Because they are unmoved by these, it is called the stage of Immovability.
['ZH_T31_1604_013:0659b15_8']	四辯智力巧說善稱善慧者，菩薩於九地中四無礙慧最為殊勝，於一剎那頃三千世界所有人天異類異音異義異問，此地菩薩能以一音普答眾問遍斷眾疑，由此說善故名善慧地。	四辯智力巧說善稱善慧者，菩薩於九地中四無礙慧最為殊勝，於一剎那頃三千世界所有人天異類異音異義異問，此地菩薩能以一音普答眾問遍斷眾疑，由此說善故名善慧地。	013	The stage of Good Wisdom is where one skillfully expounds the four unobstructed eloquences with the power of wisdom. Bodhisattvas in the ninth stage have the four unobstructed wisdoms that are most excellent. In a single instant, they can answer all the different sounds, meanings, questions, and so forth of humans and devas in the trichiliocosm with a single voice, and completely resolve all doubts. Because of this skillful expounding, it is called the stage of Good Wisdom.
['ZH_T31_1604_013:0659b20_12']	二門如雲遍雨法名法雲者，菩薩於十地中，由三昧門及陀羅尼門攝一切聞熏習因，遍滿阿梨耶識中，譬如浮雲遍滿虛空，能以此聞熏習雲，於一一剎那、於一一相、於一一好、於一一毛孔，雨無量無邊法雨，充足一切可化眾生。	二門如雲遍雨法名法雲者，菩薩於十地中，由三昧門及陀羅尼門攝一切聞熏習因，遍滿阿梨耶識中，譬如浮雲遍滿虛空，能以此聞熏習雲，於一一剎那、於一一相、於一一好、於一一毛孔，雨無量無邊法雨，充足一切可化眾生。	013	The two gates are like clouds that rain the Dharma, named the Dharma Cloud. In the ten grounds, by the samādhi gate and dhāraṇī gate, all causes of perfumed hearing are included and pervade the ālaya consciousness, like floating clouds filling the sky. Able to use this cloud of perfumed hearing, in each instant, in each mark, in each excellent feature, in each pore, rain immeasurable and boundless Dharma rain, satisfying all beings to be transformed.
['ZH_T31_1604_013:0659b21_6']	由能如雲雨法故，名法雲地。	由能如雲雨法故，名法雲地。	013	Because of being able to rain the Dharma like clouds, it is named the Dharma Cloud Ground.
['ZH_T31_1604_013:0659b21_8']	問：	問：	013	Question:
['ZH_T31_1604_013:0659b21_18']	釋別名已，云何名住？	釋別名已，云何名住？	013	Having explained the specific names, what is called abiding?
['ZH_T31_1604_013:0659b22_1']	云何名地？	云何名地？	013	What is called ground?
['ZH_T31_1604_013:0659b22_4']	偈曰：	偈曰：	013	The verse says:
['ZH_T31_1604_013:0659b23_0']	為集諸善根，　　樂住故說住，	為集諸善根，　　樂住故說住，	013	In order to gather all wholesome roots, it is called abiding because of delighting in dwelling.
['ZH_T31_1604_013:0659b24_13']	數數數無畏，　　復以地為名。	數數數無畏，　　復以地為名。	013	Again, it is named ground because of the repeated and numerous fearlessnesses.
['ZH_T31_1604_013:0659b25_2']	釋曰：	釋曰：	013	The explanation says:
['ZH_T31_1604_013:0659b27_7']	為集諸善根樂住故名住者，諸菩薩為成就種種善根，於一切時樂住一切地，是故諸地說名為住。	為集諸善根樂住故名住者，諸菩薩為成就種種善根，於一切時樂住一切地，是故諸地說名為住。	013	As for being called abodes because one delights in abiding in order to gather various roots of goodness, bodhisattvas, in order to perfect various roots of goodness, always delight in abiding in all stages. Therefore, the stages are called abodes.
['ZH_T31_1604_013:0659b28_8']	數數數無畏復以地為名者，步彌耶名為地。	數數數無畏復以地為名者，步彌耶名為地。	013	As for the name of stage being given because of repeatedly and truly being fearless, the word stage means repeatedly.
['ZH_T31_1604_013:0659b28_15']	步者，數數義。	步者，數數義。	013	Repeatedly means the meaning of frequently.
['ZH_T31_1604_013:0659b29_1']	彌者，實數義。	彌者，實數義。	013	Truly means the meaning of real number.
['ZH_T31_1604_013:0659b29_8']	耶者，無畏義。	耶者，無畏義。	013	Fearless means the meaning of being fearless.
['ZH_T31_1604_013:0659c01_18']	諸菩薩欲進上地，於一一地中數數斷障礙、數數得功德，是名數數義。	諸菩薩欲進上地，於一一地中數數斷障礙、數數得功德，是名數數義。	013	Bodhisattvas, wishing to advance to higher stages, repeatedly eliminate hindrances and repeatedly attain merits in each stage. This is called the meaning of frequently.
['ZH_T31_1604_013:0659c03_20']	地以十數為量，諸菩薩於一一地中知斷爾所障礙、知得爾所功德、知此不虛，是名實數義。	地以十數為量，諸菩薩於一一地中知斷爾所障礙、知得爾所功德、知此不虛，是名實數義。	013	The stages are measured by the number ten. Bodhisattvas know that in each stage they eliminate that many hindrances, know that they attain that many merits, and know that this is not false. This is called the meaning of real number.
['ZH_T31_1604_013:0659c05_14']	上地是無畏處，諸菩薩畏於自地中退失自他利功德進求上地，是名無畏義。	上地是無畏處，諸菩薩畏於自地中退失自他利功德進求上地，是名無畏義。	013	The higher stages are places of fearlessness. Bodhisattvas fear regressing from their own and others' beneficial merits in their own stages and seek to advance to higher stages. This is called the meaning of being fearless.
['ZH_T31_1604_013:0659c06_4']	由此三義，故名為地。	由此三義，故名為地。	013	For these three reasons, they are called grounds.
['ZH_T31_1604_013:0659c07_4']	已說菩薩十地名，次說菩薩四種得地差別。	已說菩薩十地名，次說菩薩四種得地差別。	013	Having explained the names of the ten grounds of the bodhisattvas, next is the explanation of the four kinds of distinctions in attaining the grounds by the bodhisattvas.
['ZH_T31_1604_013:0659c07_7']	偈曰：	偈曰：	013	A verse says:
['ZH_T31_1604_013:0659c08_0']	由信及由行，　　由達亦由成，	由信及由行，　　由達亦由成，	013	By faith, by practice, by penetration, and by accomplishment,
['ZH_T31_1604_013:0659c09_13']	應知諸菩薩，　　得地有四種。	應知諸菩薩，　　得地有四種。	013	One should know that the bodhisattvas attain the grounds in four ways.
['ZH_T31_1604_013:0659c10_2']	釋曰：	釋曰：	013	The commentary says:
['ZH_T31_1604_013:0659c11_9']	四種得地者，一由信得、二由行得、三由通達得、四由成就得。	四種得地者，一由信得、二由行得、三由通達得、四由成就得。	013	The four kinds of attaining the grounds are: 1. attaining by faith, 2. attaining by practice, 3. attaining by penetration, and 4. attaining by accomplishment.
['ZH_T31_1604_013:0659c12_5']	由信者，以信得諸地故，如信地中說。	由信者，以信得諸地故，如信地中說。	013	By faith means attaining the grounds through faith, as explained in the stage of faith.
['ZH_T31_1604_013:0659c12_17']	由行者，以正行得諸地故。	由行者，以正行得諸地故。	013	By practice means attaining the grounds through correct practice.
['ZH_T31_1604_013:0659c13_10']	諸菩薩於大乘法有十種正行：	諸菩薩於大乘法有十種正行：	013	The bodhisattvas have ten kinds of correct practices in the Mahāyāna teachings:
['ZH_T31_1604_013:0659c15_9']	一書寫、二供養、三流傳、四聽受、五轉讀、六教他、七習誦、八解說、九思擇、十修習。	一書寫、二供養、三流傳、四聽受、五轉讀、六教他、七習誦、八解說、九思擇、十修習。	013	1. writing, 2. making offerings, 3. transmitting, 4. listening and receiving, 5. turning and reading, 6. teaching others, 7. memorizing, 8. explaining, 9. contemplating, and 10. cultivating.
['ZH_T31_1604_013:0659c16_10']	此十正行能生無量功德聚，此行得地故名行得。	此十正行能生無量功德聚，此行得地故名行得。	013	These ten correct practices can give rise to an immeasurable aggregate of merit. These practices are attained by the stages, so they are called attained through practice.
['ZH_T31_1604_013:0659c17_9']	通達者，通達第一義諦，乃至七地名通達。	通達者，通達第一義諦，乃至七地名通達。	013	Penetration means penetrating the ultimate truth. Up to the seventh stage is called penetration.
['ZH_T31_1604_013:0659c18_4']	得成就者，八地至佛地名成就得。	得成就者，八地至佛地名成就得。	013	Attainment means from the eighth stage up to Buddhahood is called attainment.
['ZH_T31_1604_013:0659c19_7']	已說菩薩四種得地，差別次說菩薩四種修行差別。	已說菩薩四種得地，差別次說菩薩四種修行差別。	013	Having already explained the four kinds of attainment of the stages by bodhisattvas, next the four kinds of practice by bodhisattvas are explained.
['ZH_T31_1604_013:0659c19_10']	偈曰：	偈曰：	013	Verse:
['ZH_T31_1604_013:0659c20_0']	諸度諸覺分，　　諸通及諸攝，	諸度諸覺分，　　諸通及諸攝，	013	The perfections, factors of enlightenment, supernormal powers, and skillful means,
['ZH_T31_1604_013:0659c21_13']	為大亦為小，　　俱入亦俱成。	為大亦為小，　　俱入亦俱成。	013	Are for the great and the small, both entering and both accomplishing.
['ZH_T31_1604_013:0659c22_2']	釋曰：	釋曰：	013	Explanation:
['ZH_T31_1604_013:0659c23_17']	總說一切菩薩行不過四種，一波羅蜜行、二菩提分行、三神通行、四攝生行。	總說一切菩薩行不過四種，一波羅蜜行、二菩提分行、三神通行、四攝生行。	013	In general, all the practices of bodhisattvas are not beyond four kinds: first, the practice of the perfections; second, the practice of the factors of enlightenment; third, the practice of the supernormal powers; fourth, the practice of benefiting beings.
['ZH_T31_1604_013:0659c26_13']	說波羅蜜行為求大乘眾生，說菩提分行為求小乘眾生，說神通行為令二種眾生得入佛法，說攝生行為令二種眾生成熟佛法。	說波羅蜜行為求大乘眾生，說菩提分行為求小乘眾生，說神通行為令二種眾生得入佛法，說攝生行為令二種眾生成熟佛法。	013	The practice of the perfections is taught for the sake of beings seeking the Great Vehicle, the practice of the factors of enlightenment is taught for the sake of beings seeking the Lesser Vehicle, the practice of spiritual powers is taught in order to enable both kinds of beings to enter the Buddha's teachings, and the practice of benefiting beings is taught in order to enable both kinds of beings to mature the Buddha's teachings.
['ZH_T31_1604_013:0659c27_1']	行住品究竟。	行住品究竟。	013	The chapter on practice and abode is concluded.
['ZH_T31_1604_013:0659c29_2']	24 敬佛品大乘莊嚴經論敬佛品第二十四釋曰：	24 敬佛品大乘莊嚴經論敬佛品第二十四釋曰：	013	Chapter 24: Paying Homage to the Buddha, from the Mahāyāna-śraddhotpāda-śāstra
['ZH_T31_1604_013:0659c29_16']	已說菩薩行住，次說禮佛功德。	已說菩薩行住，次說禮佛功德。	013	It has already been explained about the practices and abodes of bodhisattvas. Next, the merits of paying homage to the Buddha are explained.
['ZH_T31_1604_013:0659c29_19']	偈曰：	偈曰：	013	The verse says:
['ZH_T31_1604_013:0660a01_0']	合心及離心，　　不離利益心，	合心及離心，　　不離利益心，	013	With a mind of unity and a mind of separation, a mind that is never apart from the thought of benefiting,
['ZH_T31_1604_013:0660a02_13']	憐愍諸眾生，　　救世我頂禮。	憐愍諸眾生，　　救世我頂禮。	013	Having compassion for all sentient beings, I pay homage to the savior of the world.
['ZH_T31_1604_013:0660a03_2']	釋曰：	釋曰：	013	The commentary says:
['ZH_T31_1604_013:0660a03_13']	此偈禮如來無量勝功德。	此偈禮如來無量勝功德。	013	This verse pays homage to the immeasurable supreme merits of the Tathāgata.
['ZH_T31_1604_013:0660a04_6']	合心者，是慈心，由與樂故。	合心者，是慈心，由與樂故。	013	A mind of unity refers to the mind of loving-kindness, because it brings about happiness.
['ZH_T31_1604_013:0660a04_19']	離心者，是悲心，由拔苦故。	離心者，是悲心，由拔苦故。	013	A mind of separation refers to the mind of compassion, because it removes suffering.
['ZH_T31_1604_013:0660a05_12']	不離心者，是喜心，由恒悅故。	不離心者，是喜心，由恒悅故。	013	A mind that is never apart refers to the mind of joy, because it is always delighted.
['ZH_T31_1604_013:0660a06_6']	利益心者，是捨心，由無染故。	利益心者，是捨心，由無染故。	013	The beneficial mind is the mind of equanimity, because it is free from defilements.
['ZH_T31_1604_013:0660a06_9']	偈曰：	偈曰：	013	Verse:
['ZH_T31_1604_013:0660a07_0']	一切障解脫，　　一切世間勝，	一切障解脫，　　一切世間勝，	013	Liberated from all obstructions, supreme in all worlds,
['ZH_T31_1604_013:0660a08_13']	一切處遍滿，　　心脫我頂禮。	一切處遍滿，　　心脫我頂禮。	013	Pervading all places, I bow to the liberated mind.
['ZH_T31_1604_013:0660a09_2']	釋曰：	釋曰：	013	Explanation:
['ZH_T31_1604_013:0660a09_13']	此偈禮如來三處勝功德。	此偈禮如來三處勝功德。	013	This verse praises the Tathāgata's three superior qualities.
['ZH_T31_1604_013:0660a11_1']	一切障解脫者，顯解脫勝，由一切惑障、一切智障得解脫故。	一切障解脫者，顯解脫勝，由一切惑障、一切智障得解脫故。	013	Liberated from all obstructions shows the superiority of liberation, because he is liberated from all afflictive obstructions and all obstructions to omniscience.
['ZH_T31_1604_013:0660a12_6']	一切世間勝者，顯制入勝，由心自在，隨其所緣隨意轉故。	一切世間勝者，顯制入勝，由心自在，隨其所緣隨意轉故。	013	Supreme in all worlds shows the superiority of mastery, because he has mastery over the mind and can transform it as he wishes according to his thoughts.
['ZH_T31_1604_013:0660a13_8']	一切處遍滿者，顯遍入勝，由一切境中智遍滿故。	一切處遍滿者，顯遍入勝，由一切境中智遍滿故。	013	Pervading all places shows the superiority of pervasiveness, because his wisdom pervades all objects.
['ZH_T31_1604_013:0660a14_9']	由此三義，心於三處而得解脫，故說心解脫。	由此三義，心於三處而得解脫，故說心解脫。	013	Because of these three meanings, the mind attains liberation in the three places, and therefore it is said that the mind is liberated.
['ZH_T31_1604_013:0660a14_12']	偈曰：	偈曰：	013	Verse:
['ZH_T31_1604_013:0660a15_0']	能遮彼惑起，　　亦能害彼惑，	能遮彼惑起，　　亦能害彼惑，	013	Able to prevent the arising of those afflictions, and also able to destroy those afflictions,
['ZH_T31_1604_013:0660a16_13']	染污諸眾生，　　悲者我頂禮。	染污諸眾生，　　悲者我頂禮。	013	Defiling all beings, I bow to the compassionate one.
['ZH_T31_1604_013:0660a17_2']	釋曰：	釋曰：	013	The commentary states:
['ZH_T31_1604_013:0660a17_13']	此偈禮如來無諍勝功德。	此偈禮如來無諍勝功德。	013	This verse praises the Tathāgata's supreme merit of being free from conflict.
['ZH_T31_1604_013:0660a19_2']	能遮彼惑起者，一切眾生應起煩惱，如來凡所作業能令不起。	能遮彼惑起者，一切眾生應起煩惱，如來凡所作業能令不起。	013	Able to prevent the arising of those afflictions means that all sentient beings should give rise to afflictions, but the Tathāgata's every activity is able to prevent their arising.
['ZH_T31_1604_013:0660a20_7']	亦能害彼惑者，彼惑若已起，如來亦能令起對治方便。	亦能害彼惑者，彼惑若已起，如來亦能令起對治方便。	013	Also able to destroy those afflictions means that if those afflictions have already arisen, the Tathāgata is also able to cause the arising of antidotes.
['ZH_T31_1604_013:0660a21_14']	若餘人無諍，但能令他緣自不起煩惱，而不能令他起對治。	若餘人無諍，但能令他緣自不起煩惱，而不能令他起對治。	013	If other people are free from conflict, they can only cause others not to give rise to afflictions in relation to themselves, but they are unable to cause others to give rise to antidotes.
['ZH_T31_1604_013:0660a23_3']	如來無諍則不爾，非但令彼不起，亦能令彼起對治，是故為勝。	如來無諍則不爾，非但令彼不起，亦能令彼起對治，是故為勝。	013	The Tathāgata's freedom from conflict is not like this. Not only does he cause others not to give rise [to afflictions], he is also able to cause them to give rise to antidotes. Therefore, he is supreme.
['ZH_T31_1604_013:0660a25_5']	染污諸眾生悲者我頂禮者，如來無諍三昧於一切染污眾生偏起憐愍，是故於彼名為悲者。	染污諸眾生悲者我頂禮者，如來無諍三昧於一切染污眾生偏起憐愍，是故於彼名為悲者。	013	The compassionate one who is defiled by all sentient beings, I pay homage to him means that the Tathāgata's samādhi of being free from conflict gives rise to special compassion for all defiled sentient beings, and therefore he is called the compassionate one in relation to them.
['ZH_T31_1604_013:0660a25_8']	偈曰：	偈曰：	013	The verse states:
['ZH_T31_1604_013:0660a26_0']	無功用無著，　　無礙恒寂靜，	無功用無著，　　無礙恒寂靜，	013	Effortless, unattached, unobstructed, always tranquil,
['ZH_T31_1604_013:0660a27_13']	能釋一切疑，　　勝智我頂禮。	能釋一切疑，　　勝智我頂禮。	013	Able to resolve all doubts, I pay homage to the supreme wisdom.
['ZH_T31_1604_013:0660a28_2']	釋曰：	釋曰：	013	The commentary states:
['ZH_T31_1604_013:0660a28_13']	此偈禮如來願智勝功德。	此偈禮如來願智勝功德。	013	This verse praises the Tathāgata's wisdom of vows and its superior merits.
['ZH_T31_1604_013:0660a29_3']	如來願智由五事勝：	如來願智由五事勝：	013	The Tathāgata's wisdom of vows is superior due to five things:
['ZH_T31_1604_013:0660b01_14']	一於起無功用、二於境不著、三於中無礙、四恒時寂靜、五能釋眾疑。	一於起無功用、二於境不著、三於中無礙、四恒時寂靜、五能釋眾疑。	013	First, it arises effortlessly; second, it is not attached to objects; third, it is unobstructed in the middle; fourth, it is always tranquil; fifth, it can resolve the doubts of the assembly.
['ZH_T31_1604_013:0660b02_3']	由此五義，是故為勝。	由此五義，是故為勝。	013	Because of these five meanings, it is therefore superior.
['ZH_T31_1604_013:0660b02_19']	餘人願智，一非無功用，作意起故；	餘人願智，一非無功用，作意起故；	013	The wisdom of vows of other people is not effortless, because it arises through intention;
['ZH_T31_1604_013:0660b03_8']	二非無著，假定力故；	二非無著，假定力故；	013	It is not without attachment, because it relies on the power of concentration;
['ZH_T31_1604_013:0660b03_18']	三非無礙，少分知故；	三非無礙，少分知故；	013	It is not unobstructed, because it knows only a little;
['ZH_T31_1604_013:0660b04_7']	四非恒靜，非常定故；	四非恒靜，非常定故；	013	It is not always tranquil, because it is not always in concentration;
['ZH_T31_1604_013:0660b04_17']	五不釋疑，有無知故。	五不釋疑，有無知故。	013	It does not resolve doubts, because it has knowledge of some things and not others.
['ZH_T31_1604_013:0660b04_20']	偈曰：	偈曰：	013	The verse states:
['ZH_T31_1604_013:0660b05_0']	所依及能依，　　於言及於智，	所依及能依，　　於言及於智，	013	The basis and what is based on, in words and in wisdom,
['ZH_T31_1604_013:0660b06_13']	說者無礙慧，　　善說我頂禮。	說者無礙慧，　　善說我頂禮。	013	The speaker's unobstructed wisdom, I praise the good teaching.
['ZH_T31_1604_013:0660b07_2']	釋曰：	釋曰：	013	The commentary states:
['ZH_T31_1604_013:0660b07_13']	此偈禮如來無礙勝功德。	此偈禮如來無礙勝功德。	013	This verse praises the Tathāgata's superior unobstructed wisdom.
['ZH_T31_1604_013:0660b07_19']	所說有二種：	所說有二種：	013	What is taught is of two kinds:
['ZH_T31_1604_013:0660b08_6']	一所依、謂法；	一所依、謂法；	013	First, the basis, which is the Dharma;
['ZH_T31_1604_013:0660b08_13']	二能依，謂義。	二能依，謂義。	013	Second, the supported, which refers to the meaning.
['ZH_T31_1604_013:0660b08_19']	說具有二種：	說具有二種：	013	It is said to have two kinds:
['ZH_T31_1604_013:0660b09_5']	一方言、二巧智。	一方言、二巧智。	013	First, speech, and second, skillful wisdom.
['ZH_T31_1604_013:0660b10_4']	如來於此所說及說具，慧常無礙，是故為勝。	如來於此所說及說具，慧常無礙，是故為勝。	013	The Tathāgata's wisdom in speaking and speaking is always unobstructed, and therefore it is superior.
['ZH_T31_1604_013:0660b10_13']	說者，即顯無礙業。	說者，即顯無礙業。	013	Speaking refers to the unobstructed activity.
['ZH_T31_1604_013:0660b11_2']	開示有方，故名善說。	開示有方，故名善說。	013	Because it has a method for revealing, it is called good speaking.
['ZH_T31_1604_013:0660b11_5']	偈曰：	偈曰：	013	Verse:
['ZH_T31_1604_013:0660b12_0']	能去及能聞，　　知行知來去，	能去及能聞，　　知行知來去，	013	Able to go and able to hear, knowing activities and knowing coming and going,
['ZH_T31_1604_013:0660b13_13']	令彼得出離，　　教授我頂禮。	令彼得出離，　　教授我頂禮。	013	Causing them to attain liberation, I pay homage to the one who instructs.
['ZH_T31_1604_013:0660b14_2']	釋曰：	釋曰：	013	Explanation:
['ZH_T31_1604_013:0660b14_13']	此偈禮如來神通勝功德。	此偈禮如來神通勝功德。	013	This verse praises the Tathāgata's superior merit of spiritual powers.
['ZH_T31_1604_013:0660b15_10']	能去者，是如意通，能往彼彼所故。	能去者，是如意通，能往彼彼所故。	013	Able to go refers to the spiritual power of mind-reading, which is able to go to this and that place.
['ZH_T31_1604_013:0660b16_6']	能聞者，是天耳通，能聞彼彼音故。	能聞者，是天耳通，能聞彼彼音故。	013	Able to hear refers to the spiritual power of divine hearing, which is able to hear this and that sound.
['ZH_T31_1604_013:0660b17_6']	知行者，是他心通，能知彼人心行差別故。	知行者，是他心通，能知彼人心行差別故。	013	Knowing activities refers to the spiritual power of knowing others' minds, which is able to know the distinctions in the mental activities of others.
['ZH_T31_1604_013:0660b18_8']	知來者，是宿住通，能知彼人前世從此因來故。	知來者，是宿住通，能知彼人前世從此因來故。	013	Knowing coming refers to the spiritual power of knowing past lives, which is able to know the causes from which a person came in their past lives.
['ZH_T31_1604_013:0660b19_10']	知去者，是生死通，能知彼人今世從此因去故。	知去者，是生死通，能知彼人今世從此因去故。	013	Knowing the one who goes is the power of knowing destinies, able to know that person will go from here in this life.
['ZH_T31_1604_013:0660b20_12']	令彼得出離者，是漏盡通，能如實為彼說法故。	令彼得出離者，是漏盡通，能如實為彼說法故。	013	Causing them to attain liberation is the power of knowing the destruction of contaminants, able to speak the Dharma for them as it really is.
['ZH_T31_1604_013:0660b20_15']	偈曰：	偈曰：	013	Verse:
['ZH_T31_1604_013:0660b21_0']	眾生若有見，　　知定是丈夫，	眾生若有見，　　知定是丈夫，	013	If sentient beings see it, they know it is definitely a great man,
['ZH_T31_1604_013:0660b22_13']	深起淨信心，　　方便我頂禮。	深起淨信心，　　方便我頂禮。	013	Deeply giving rise to pure faith, I pay homage with skillful means.
['ZH_T31_1604_013:0660b23_2']	釋曰：	釋曰：	013	Explanation:
['ZH_T31_1604_013:0660b23_13']	此偈禮如來相好勝功德。	此偈禮如來相好勝功德。	013	This verse praises the Tathāgata's excellent merit of physical marks and characteristics.
['ZH_T31_1604_013:0660b25_11']	一切眾生若有見者，即知如來是大丈夫，及於如來起淨信業，由以相好為方便故。	一切眾生若有見者，即知如來是大丈夫，及於如來起淨信業，由以相好為方便故。	013	If all sentient beings see it, they immediately know the Tathāgata is a great man, and give rise to the karma of pure faith in the Tathāgata, because the physical marks and characteristics are the skillful means.
['ZH_T31_1604_013:0660b25_14']	偈曰：	偈曰：	013	Verse:
['ZH_T31_1604_013:0660b26_0']	取捨住變化，　　定智得自在，	取捨住變化，　　定智得自在，	013	Grasping, abandoning, abiding, and transformation, concentration and wisdom attain mastery,
['ZH_T31_1604_013:0660b27_13']	如此四清淨，　　世尊我頂禮。	如此四清淨，　　世尊我頂禮。	013	Thus, these four purities, I pay homage to the World-Honored One.
['ZH_T31_1604_013:0660b28_2']	釋曰：	釋曰：	013	Explanation:
['ZH_T31_1604_013:0660b28_13']	此偈禮如來清淨勝功德。	此偈禮如來清淨勝功德。	013	This verse praises the Tathāgata's excellent merit of purity.
['ZH_T31_1604_013:0660b28_18']	清淨四種：	清淨四種：	013	Purity is of four kinds:
['ZH_T31_1604_013:0660b29_18']	一身清淨、二緣清淨、三心清淨、四智清淨。	一身清淨、二緣清淨、三心清淨、四智清淨。	013	First, the purity of the body; second, the purity of conditions; third, the purity of the mind; fourth, the purity of wisdom.
['ZH_T31_1604_013:0660c02_5']	取捨住者，顯身清淨，能於自身壽中若取若捨若住得自在故。	取捨住者，顯身清淨，能於自身壽中若取若捨若住得自在故。	013	Taking, abandoning, and abiding shows the purity of the body, because one can freely take, abandon, or abide in one's own life.
['ZH_T31_1604_013:0660c03_7']	變化者，顯緣清淨，能於諸境轉變起化得自在故。	變化者，顯緣清淨，能於諸境轉變起化得自在故。	013	Transformation shows the purity of conditions, because one can freely transform and create things in the world.
['ZH_T31_1604_013:0660c04_6']	定者，顯心清淨，能於諸定出入得自在故。	定者，顯心清淨，能於諸定出入得自在故。	013	Concentration shows the purity of the mind, because one can freely enter and exit various concentrations.
['ZH_T31_1604_013:0660c05_5']	智者，顯智清淨，能知諸境無礙得自在故。	智者，顯智清淨，能知諸境無礙得自在故。	013	Wisdom shows the purity of wisdom, because one can freely know all things without obstruction.
['ZH_T31_1604_013:0660c05_8']	偈曰：	偈曰：	013	Verse:
['ZH_T31_1604_013:0660c06_0']	方便及歸依，　　清淨與出離，	方便及歸依，　　清淨與出離，	013	Skillful means, refuge, purity, and liberation,
['ZH_T31_1604_013:0660c07_13']	於此破四誑，　　降魔我頂禮。	於此破四誑，　　降魔我頂禮。	013	Here, destroying the four deceptions and subduing demons, I pay homage.
['ZH_T31_1604_013:0660c08_2']	釋曰：	釋曰：	013	Explanation:
['ZH_T31_1604_013:0660c08_12']	此偈禮如來力勝功德。	此偈禮如來力勝功德。	013	This verse praises the Tathāgata's supreme virtue of power.
['ZH_T31_1604_013:0660c09_2']	魔依四事破壞眾生。	魔依四事破壞眾生。	013	Demons rely on four things to destroy sentient beings.
['ZH_T31_1604_013:0660c09_7']	何者四事？	何者四事？	013	What are the four things?
['ZH_T31_1604_013:0660c10_11']	一依方便誑惑眾生，言受用五塵得生善道不墮惡道。	一依方便誑惑眾生，言受用五塵得生善道不墮惡道。	013	First, deceiving sentient beings by means of expedient means, saying that by enjoying the five sense objects one can be reborn in good realms and not fall into evil realms.
['ZH_T31_1604_013:0660c11_16']	二依歸依誑惑眾生，言自在天等是歸依處餘處則非。	二依歸依誑惑眾生，言自在天等是歸依處餘處則非。	013	Second, deceiving sentient beings by means of taking refuge, saying that the Lord of the Heaven of Sovereignty and others are the objects of refuge, while others are not.
['ZH_T31_1604_013:0660c13_2']	三依清淨誑惑眾生，言世間諸定唯此清淨餘非清淨。	三依清淨誑惑眾生，言世間諸定唯此清淨餘非清淨。	013	Third, deceiving sentient beings by means of purity, saying that only the various samādhis in the world are pure, while others are not pure.
['ZH_T31_1604_013:0660c14_6']	四依出離誑惑眾生，言小乘道果唯此出離非有大乘。	四依出離誑惑眾生，言小乘道果唯此出離非有大乘。	013	Fourth, deceiving sentient beings by means of liberation, saying that only the fruits of the Hīnayāna path are liberation, and that there is no Mahāyāna.
['ZH_T31_1604_013:0660c14_17']	佛為破魔四事顯己十力。	佛為破魔四事顯己十力。	013	The Buddha, in order to destroy the four matters of Māra, manifested his ten powers.
['ZH_T31_1604_013:0660c16_7']	一以是非智力破魔第一事，由善方便可得生天，非惡方便故。	一以是非智力破魔第一事，由善方便可得生天，非惡方便故。	013	First, using the power of knowledge of what is proper and improper to destroy Māra's first matter, because one can be reborn in the heavens by skillful means, not by unskillful means.
['ZH_T31_1604_013:0660c17_14']	二以自業智力破魔第二事，由自業生天，非依自在天等力故。	二以自業智力破魔第二事，由自業生天，非依自在天等力故。	013	Second, using the power of knowledge of the results of actions to destroy Māra's second matter, because one is reborn in the heavens due to one's own actions, not by relying on the power of the Lord of the Heaven of Sovereignty and others.
['ZH_T31_1604_013:0660c19_5']	三以禪定智力破魔第三事，由具知禪定解脫三昧三摩跋提故。	三以禪定智力破魔第三事，由具知禪定解脫三昧三摩跋提故。	013	Third, using the power of knowledge of various meditative absorptions to destroy Māra's third matter, because one fully knows the meditative absorptions, liberations, samādhis, and samāpattis.
['ZH_T31_1604_013:0660c20_12']	四以後七智力破魔第四事，由下根等令離、上根等安置故。	四以後七智力破魔第四事，由下根等令離、上根等安置故。	013	The last seven powers of wisdom break the fourth matter of Māra, because they cause those of lower faculties to be separated from [afflictions] and those of higher faculties to be placed [in liberation].
['ZH_T31_1604_013:0660c20_15']	偈曰：	偈曰：	013	Verse:
['ZH_T31_1604_013:0660c21_0']	於智亦於斷，　　於離亦於障，	於智亦於斷，　　於離亦於障，	013	In wisdom, in cutting off, in separation, and in obstacles,
['ZH_T31_1604_013:0660c22_13']	能說自他利，　　摧邪我頂禮。	能說自他利，　　摧邪我頂禮。	013	You can speak of benefiting oneself and others, and subduing the non-Buddhists. I pay homage to you.
['ZH_T31_1604_013:0660c23_2']	釋曰：	釋曰：	013	Explanation:
['ZH_T31_1604_013:0660c23_13']	此偈禮如來無畏勝功德。	此偈禮如來無畏勝功德。	013	This verse praises the Tathāgata's supreme merit of fearlessness.
['ZH_T31_1604_013:0660c24_6']	於智者，是說一切智無畏。	於智者，是說一切智無畏。	013	In wisdom refers to the fearlessness of speaking of omniscience.
['ZH_T31_1604_013:0660c24_17']	於斷者，是說漏盡無畏。	於斷者，是說漏盡無畏。	013	In cutting off refers to the fearlessness of speaking of the exhaustion of defilements.
['ZH_T31_1604_013:0660c25_9']	於離者，是說盡苦道無畏。	於離者，是說盡苦道無畏。	013	In separation refers to the fearlessness of speaking of the path to the exhaustion of suffering.
['ZH_T31_1604_013:0660c25_20']	於障者，是說障道無畏。	於障者，是說障道無畏。	013	In obstacles refers to the fearlessness of speaking of obstacles to the path.
['ZH_T31_1604_013:0660c27_3']	此中智及斷是說自利功德，離及障是說利他功德。	此中智及斷是說自利功德，離及障是說利他功德。	013	Among them, wisdom and cutting off are speaking of the merits of benefiting oneself, while separation and obstacles are speaking of benefiting others.
['ZH_T31_1604_013:0660c27_10']	若諸外道難言：	若諸外道難言：	013	If the non-Buddhists argue, saying:
['ZH_T31_1604_013:0660c28_18']	瞿曇非具一切智、非盡一切漏、說道不能盡苦、說障不能妨道。	瞿曇非具一切智、非盡一切漏、說道不能盡苦、說障不能妨道。	013	Gautama is not fully omniscient, has not exhausted all defilements, speaks of a path that cannot exhaust suffering, and speaks of obstacles that cannot hinder the path.
['ZH_T31_1604_013:0660c29_14']	如來於此四難而能摧伏，故名無畏。	如來於此四難而能摧伏，故名無畏。	013	The Tathāgata is able to subdue these four difficulties, and therefore he is called fearless.
['ZH_T31_1604_013:0660c29_17']	偈曰：	偈曰：	013	Verse:
['ZH_T31_1604_013:0661a01_0']	在眾極治罰，　　自無所護故，	在眾極治罰，　　自無所護故，	013	In the assembly, he punishes severely, because he has nothing to protect himself.
['ZH_T31_1604_013:0661a02_13']	離二染正住，　　攝眾我頂禮。	離二染正住，　　攝眾我頂禮。	013	Free from the two defilements, he abides correctly, gathering the assembly, I pay homage to him.
['ZH_T31_1604_013:0661a03_2']	釋曰：	釋曰：	013	Explanation:
['ZH_T31_1604_013:0661a05_2']	在眾極治罰自無所護故者，此禮如來不護勝功德，若自有所護，在眾不能說極治罰故。	在眾極治罰自無所護故者，此禮如來不護勝功德，若自有所護，在眾不能說極治罰故。	013	In the assembly, he punishes severely, because he has nothing to protect himself - this pays homage to the Tathāgata's supreme virtue of having nothing to protect. If he had something to protect himself, he would not be able to speak of severe punishment in the assembly.
['ZH_T31_1604_013:0661a06_10']	離二染正住者，此禮如來念處勝功德，離二染者無喜憂故。	離二染正住者，此禮如來念處勝功德，離二染者無喜憂故。	013	Free from the two defilements, he abides correctly - this pays homage to the Tathāgata's supreme virtue of the bases of mindfulness. Being free from the two defilements means being free from joy and sorrow.
['ZH_T31_1604_013:0661a06_19']	正住者，不忘念故。	正住者，不忘念故。	013	Abiding correctly means not forgetting mindfulness.
['ZH_T31_1604_013:0661a08_1']	由此二種功德勝故，能攝於一切徒眾，此即是業。	由此二種功德勝故，能攝於一切徒眾，此即是業。	013	Because of these two kinds of supreme virtues, he is able to gather all disciples, which is his function.
['ZH_T31_1604_013:0661a08_4']	偈曰：	偈曰：	013	Verse:
['ZH_T31_1604_013:0661a09_0']	行住一切處，　　無非一切智，	行住一切處，　　無非一切智，	013	In walking, standing, and all places, there is nothing that is not omniscience.
['ZH_T31_1604_013:0661a10_13']	由斷一切習，　　實義我頂禮。	由斷一切習，　　實義我頂禮。	013	By cutting off all habits, I pay homage to the one with true meaning.
['ZH_T31_1604_013:0661a11_2']	釋曰：	釋曰：	013	Explanation:
['ZH_T31_1604_013:0661a11_13']	此偈禮如來斷習勝功德。	此偈禮如來斷習勝功德。	013	This verse praises the Tathāgata's excellent merit of eliminating habits.
['ZH_T31_1604_013:0661a13_7']	如來於一切處一切時行住等事，無非一切智威儀，由具斷一切煩惱習故。	如來於一切處一切時行住等事，無非一切智威儀，由具斷一切煩惱習故。	013	The Tathāgata, in all places and at all times, whether walking, standing, or otherwise, has no conduct that is not the conduct of omniscience, because he is fully endowed with the elimination of all afflictive habits.
['ZH_T31_1604_013:0661a15_10']	若無一切智者，煩惱雖盡而習不盡，於行住時或逢奔車逸馬即被損害，由非一切智威儀故。	若無一切智者，煩惱雖盡而習不盡，於行住時或逢奔車逸馬即被損害，由非一切智威儀故。	013	If one lacks omniscience, even though the afflictions are exhausted, the habits are not exhausted. When walking or standing, if one encounters a runaway carriage or horse, one may be harmed, because one's conduct is not that of omniscience.
['ZH_T31_1604_013:0661a16_4']	如來無此事，由實有一切智故。	如來無此事，由實有一切智故。	013	The Tathāgata has no such things, because he truly possesses omniscience.
['ZH_T31_1604_013:0661a16_7']	偈曰：	偈曰：	013	The verse states:
['ZH_T31_1604_013:0661a17_0']	利益眾生事，　　隨時不過時，	利益眾生事，　　隨時不過時，	013	Benefiting sentient beings, always at the right time, never missing the right time,
['ZH_T31_1604_013:0661a18_13']	所作恒無謬，　　不忘我頂禮。	所作恒無謬，　　不忘我頂禮。	013	What is done is always without error, I bow my head in reverence to the one who never forgets.
['ZH_T31_1604_013:0661a19_2']	釋曰：	釋曰：	013	The commentary states:
['ZH_T31_1604_013:0661a19_13', 'ZH_T31_1604_013:0661a20_19']	此偈禮如來不忘勝功德。🔽如來作利益眾生事，恒得其時不過其時，此是不忘法業。	此偈禮如來不忘勝功德。 如來作利益眾生事，恒得其時不過其時，此是不忘法業。	013	This verse praises the Tathāgata's excellent merit of never forgetting.🔽The Tathāgata's activities to benefit sentient beings always accord with the right time and never miss the right time. This is the function of the dharma of never forgetting.
['ZH_T31_1604_013:0661a22_1']	如來所作，一切時皆實不虛，此是不忘法自性。	如來所作，一切時皆實不虛，此是不忘法自性。	013	What the Tathāgata does is always true and never false. This is the intrinsic nature of the dharma of never forgetting.
['ZH_T31_1604_013:0661a22_4']	偈曰：	偈曰：	013	Verse:
['ZH_T31_1604_013:0661a23_0']	晝夜六時觀，　　一切眾生界，	晝夜六時觀，　　一切眾生界，	013	Observing the realms of all sentient beings six times, day and night,
['ZH_T31_1604_013:0661a24_13']	大悲具足故，　　利意我頂禮。	大悲具足故，　　利意我頂禮。	013	Endowed with great compassion, for the sake of benefiting, I pay homage with my head.
['ZH_T31_1604_013:0661a25_2']	釋曰：	釋曰：	013	Explanation:
['ZH_T31_1604_013:0661a25_13']	此偈禮如來大悲勝功德。	此偈禮如來大悲勝功德。	013	This verse praises the Tathāgata's supreme merit of great compassion.
['ZH_T31_1604_013:0661a27_15']	如來以大悲故，晝夜六時觀察眾生誰退誰進，未起善根者令其得起、已起善根者令其增進。	如來以大悲故，晝夜六時觀察眾生誰退誰進，未起善根者令其得起、已起善根者令其增進。	013	Because of great compassion, the Tathāgata observes sentient beings six times, day and night, to see who is regressing and who is progressing. For those who have not yet given rise to wholesome roots, he causes them to give rise to them. For those who have already given rise to wholesome roots, he causes them to increase and progress.
['ZH_T31_1604_013:0661a29_4']	雖日六時，而實一切時恒轉法輪，由大悲具足故，此即大悲業。	雖日六時，而實一切時恒轉法輪，由大悲具足故，此即大悲業。	013	Although it is six times a day, in reality he always turns the wheel of the Dharma at all times, because he is fully endowed with great compassion. This is the function of great compassion.
['ZH_T31_1604_013:0661b01_3']	於一切眾生常起利益意，此是大悲自性。	於一切眾生常起利益意，此是大悲自性。	013	He always gives rise to the intention to benefit all sentient beings. This is the essence of great compassion.
['ZH_T31_1604_013:0661b01_6']	偈曰：	偈曰：	013	Verse:
['ZH_T31_1604_013:0661b02_0']	由行及由得，　　由智及由業，	由行及由得，　　由智及由業，	013	By practice, attainment, wisdom, and function,
['ZH_T31_1604_013:0661b03_13']	於一切二乘，　　最上我頂禮。	於一切二乘，　　最上我頂禮。	013	Supreme among all two-vehicle practitioners, I pay homage with my head.
['ZH_T31_1604_013:0661b04_2']	釋曰：	釋曰：	013	Explanation:
['ZH_T31_1604_013:0661b04_13']	此偈禮如來不共勝功德。	此偈禮如來不共勝功德。	013	This verse praises the Tathāgata's supreme, uncommon merits.
['ZH_T31_1604_013:0661b05_3']	如來有十八不共法：	如來有十八不共法：	013	The Tathāgata has eighteen uncommon qualities:
['ZH_T31_1604_013:0661b11_14']	一身無失、二口無失、三念無失、四無異想、五無不定心、六無不知已捨、七欲無減、八精進無減、九念無減、十慧無減、十一解脫無減、十二解脫知見無減、十三智知過去無著無礙、十四智知未來無著無礙、十五智知現在無著無礙、十六身業隨智慧行、十七口業隨智慧行、十八意業隨智慧行。	一身無失、二口無失、三念無失、四無異想、五無不定心、六無不知已捨、七欲無減、八精進無減、九念無減、十慧無減、十一解脫無減、十二解脫知見無減、十三智知過去無著無礙、十四智知未來無著無礙、十五智知現在無著無礙、十六身業隨智慧行、十七口業隨智慧行、十八意業隨智慧行。	013	First, no loss in body; second, no loss in speech; third, no loss in mindfulness; fourth, no different thoughts; fifth, no undetermined mind; sixth, no unknowing or abandoning; seventh, no decrease in desire; eighth, no decrease in vigor; ninth, no decrease in mindfulness; tenth, no decrease in wisdom; eleventh, no decrease in liberation; twelfth, no decrease in the knowledge and insight of liberation; thirteenth, the knowledge of the past is unobstructed and unimpeded; fourteenth, the knowledge of the future is unobstructed and unimpeded; fifteenth, the knowledge of the present is unobstructed and unimpeded; sixteenth, bodily actions follow wisdom; seventeenth, verbal actions follow wisdom; eighteenth, mental actions follow wisdom.
['ZH_T31_1604_013:0661b12_8']	此中由行者，攝初節六不共。	此中由行者，攝初節六不共。	013	Herein, by the practitioner, the first section of six uncommon [qualities] is included.
['ZH_T31_1604_013:0661b12_20', 'ZH_T31_1604_013:0661b13_11']	由得者，攝第二節六不共。🔽由智者，攝第三節三不共。	由得者，攝第二節六不共。 由智者，攝第三節三不共。	013	By the one who has attained, the second section of six uncommon [qualities] is included.🔽By the one with knowledge, the third section of three uncommon [qualities] is included.
['ZH_T31_1604_013:0661b14_3']	由業者，攝第四節三不共。	由業者，攝第四節三不共。	013	By the one with action, the fourth section of three uncommon [qualities] is included.
['ZH_T31_1604_013:0661b16_1']	一切聲聞緣覺於餘一切眾生為上，如來由此四事不共故於彼上復上，故名最上。	一切聲聞緣覺於餘一切眾生為上，如來由此四事不共故於彼上復上，故名最上。	013	All śrāvakas and pratyekabuddhas are superior to all other sentient beings. The Tathāgata, due to these four unique qualities, is even more superior to them, and is therefore called the most supreme.
['ZH_T31_1604_013:0661b16_4']	偈曰：	偈曰：	013	Verse:
['ZH_T31_1604_013:0661b17_0']	三身大菩提，　　一切種得故，	三身大菩提，　　一切種得故，	013	The great enlightenment of the three bodies is attained in all aspects,
['ZH_T31_1604_013:0661b18_13']	眾生諸處疑，　　能除我頂禮。	眾生諸處疑，　　能除我頂禮。	013	Able to eliminate the doubts of sentient beings everywhere, I pay homage with my head.
['ZH_T31_1604_013:0661b19_2']	釋曰：	釋曰：	013	Explanation:
['ZH_T31_1604_013:0661b19_13']	此偈禮如來種智勝功德。	此偈禮如來種智勝功德。	013	This verse praises the Tathāgata's supreme merit of the wisdom of specific characteristics.
['ZH_T31_1604_013:0661b21_1']	三身者，一自性身、二受用身、三化身，此說種智自性。	三身者，一自性身、二受用身、三化身，此說種智自性。	013	The three bodies are: 1) the essential body, 2) the body of enjoyment, and 3) the transformation body. This explains the nature of the wisdom of specific characteristics.
['ZH_T31_1604_013:0661b21_3']	問：	問：	013	Question:
['ZH_T31_1604_013:0661b21_17']	此智於一切境知一切種復云何？	此智於一切境知一切種復云何？	013	How does this wisdom know all aspects of all objects?
['ZH_T31_1604_013:0661b21_19']	答：	答：	013	Answer:
['ZH_T31_1604_013:0661b23_1']	一切眾生於一切處生疑，此智能斷，此說種智業。	一切眾生於一切處生疑，此智能斷，此說種智業。	013	The doubts of all sentient beings arising in all places can be eliminated by this wisdom. This explains the function of the wisdom of specific characteristics.
['ZH_T31_1604_013:0661b23_4']	偈曰：	偈曰：	013	Verse:🔽Free from attachment, free from faults,
['ZH_T31_1604_013:0661b24_0']	無著及無過，　　無穢亦無息，	無著及無過，　　無穢亦無息，	013	Free from defilements, free from cessation,
['ZH_T31_1604_013:0661b25_13']	無動無戲論，　　清淨我頂禮。	無動無戲論，　　清淨我頂禮。	013	Free from movement, free from conceptual proliferation, pure, I pay homage with my head.
['ZH_T31_1604_013:0661b26_2']	釋曰：	釋曰：	013	Explanation:
['ZH_T31_1604_013:0661b26_13']	此偈禮如來度滿勝功德。	此偈禮如來度滿勝功德。	013	This verse praises the Tathāgata's perfect and excellent merit of crossing over.
['ZH_T31_1604_013:0661b27_7']	無著者，於諸資財無所染故。	無著者，於諸資財無所染故。	013	Unattached means being unstained by any possessions.
['ZH_T31_1604_013:0661b28_1']	無過者，於身等業永無垢故。	無過者，於身等業永無垢故。	013	Faultless means the body and other karmas are eternally pure.
['ZH_T31_1604_013:0661b28_14']	無穢者，世法諸苦不濁心故。	無穢者，世法諸苦不濁心故。	013	Unstained means worldly dharmas and sufferings do not muddy the mind.
['ZH_T31_1604_013:0661b29_7']	無息者，少有所得不即住故。	無息者，少有所得不即住故。	013	Unceasing means not dwelling in the attainment of little.
['ZH_T31_1604_013:0661c01_1']	無動者，心恒寂靜不散亂故。	無動者，心恒寂靜不散亂故。	013	Unmoving means the mind is always tranquil and undistracted.
['ZH_T31_1604_013:0661c01_19']	無戲論者，一切法中所有分別皆不行故。	無戲論者，一切法中所有分別皆不行故。	013	Free from conceptual proliferation means all discriminations in all dharmas do not operate.
['ZH_T31_1604_013:0661c02_16']	如來此六圓滿，具離六障，故名清淨。	如來此六圓滿，具離六障，故名清淨。	013	The Tathāgata's perfection of these six is fully free from the six hindrances, thus it is called pure.
['ZH_T31_1604_013:0661c02_19']	偈曰：	偈曰：	013	Verse:
['ZH_T31_1604_013:0661c03_0']	成就第一義，　　出離一切地，	成就第一義，　　出離一切地，	013	Accomplishing the ultimate truth, transcending all stages,
['ZH_T31_1604_013:0661c04_0']	於他得尊極，　　解脫諸眾生，	於他得尊極，　　解脫諸眾生，	013	Attaining supremacy over others, liberating all beings,
['ZH_T31_1604_013:0661c05_0']	無盡等功德，　　現在皆具足，	無盡等功德，　　現在皆具足，	013	Imperishable and other merits, all complete in the present,
['ZH_T31_1604_013:0661c06_13']	世見眾亦見，　　不見人天等。	世見眾亦見，　　不見人天等。	013	Seen by the world and assemblies, unseen by humans, devas, and others.
['ZH_T31_1604_013:0661c07_2']	釋曰：	釋曰：	013	Explanation:
['ZH_T31_1604_013:0661c07_14']	此二偈禮如來佛相勝功德。	此二偈禮如來佛相勝功德。	013	These two verses praise the Tathāgata's excellent merit of the Buddha's characteristics.
['ZH_T31_1604_013:0661c08_5']	此中略說佛相有六種：	此中略說佛相有六種：	013	Here, the characteristics of a Buddha are briefly explained as being of six kinds:
['ZH_T31_1604_013:0661c09_1']	一體、二因、三果、四業、五相應、六差別。	一體、二因、三果、四業、五相應、六差別。	013	1) essence, 2) cause, 3) effect, 4) activity, 5) association, and 6) distinction.
['ZH_T31_1604_013:0661c09_15']	由此六種表知是佛，故說佛相。	由此六種表知是佛，故說佛相。	013	Because these six kinds indicate that it is a Buddha, they are called the characteristics of a Buddha.
['ZH_T31_1604_013:0661c11_1']	成就第一義者，此是體相，由真如最清淨第一義成就故。	成就第一義者，此是體相，由真如最清淨第一義成就故。	013	Accomplishing the ultimate truth refers to the characteristic of the essence, because it is accomplished by the purest ultimate truth of suchness.
['ZH_T31_1604_013:0661c12_3']	出離一切地者，此是因相，由出離一切菩薩地故。	出離一切地者，此是因相，由出離一切菩薩地故。	013	Departing from all stages refers to the characteristic of the cause, because it departs from all bodhisattva stages.
['ZH_T31_1604_013:0661c13_8']	於他得尊極者，此是果相，由於一切眾生中得第一故。	於他得尊極者，此是果相，由於一切眾生中得第一故。	013	Attaining supremacy over others refers to the characteristic of the effect, because it attains the foremost among all sentient beings.
['ZH_T31_1604_013:0661c14_13']	解脫諸眾生者，此是業相，由能令一切眾生得解脫故。	解脫諸眾生者，此是業相，由能令一切眾生得解脫故。	013	Liberating all sentient beings refers to the characteristic of the activity, because it is able to cause all sentient beings to attain liberation.
['ZH_T31_1604_013:0661c15_12']	無盡等功德現世皆具足者，此是相應相。	無盡等功德現世皆具足者，此是相應相。	013	Manifesting in the present world with inexhaustible virtues all complete refers to the characteristic of association.
['ZH_T31_1604_013:0661c16_11']	世見眾亦見不見人天等者，此是差別相。	世見眾亦見不見人天等者，此是差別相。	013	Seen by the world and also unseen by humans, gods, etc. refers to the characteristic of distinction.
['ZH_T31_1604_013:0661c17_8']	世見者，謂種種世界皆見，此是化身。	世見者，謂種種世界皆見，此是化身。	013	The world sees it refers to various worlds all seeing it, this is the transformation body.
['ZH_T31_1604_013:0661c18_8']	眾亦見者，謂佛大弟子眾亦見，此是受用身。	眾亦見者，謂佛大弟子眾亦見，此是受用身。	013	The assembly also sees it refers to the Buddha's great disciples also seeing it, this is the enjoyment body.
['ZH_T31_1604_013:0661c19_8']	不見者，謂人天等一切時不見，此是自性身。	不見者，謂人天等一切時不見，此是自性身。	013	Not seeing it refers to humans, gods, and others never seeing it at any time, this is the essential body.
['ZH_T31_1604_013:0661c19_15']	此即三身差別。	此即三身差別。	013	This is the distinction between the three bodies.
['ZH_T31_1604_013:0661c20_1']	敬佛品究竟。	敬佛品究竟。	013	The chapter on respecting the Buddha is concluded.
['ZH_T31_1604_013:0661c20_18']	大乘修多羅莊嚴論極清淨時說已究竟。	大乘修多羅莊嚴論極清淨時說已究竟。	013	The treatise on the adornment of the Mahāyāna Sūtras is completely finished at the time of utmost purity.🔽Here is the corrected and aligned text:
['ZH_T31_1604_013:真實空0649b25_100']	大乘莊嚴經論卷第十三文義俗在，世般若種智濁多故槃劣心法塵生成就經》	大乘莊嚴經論卷第十三文義俗在，世般若種智濁多故槃劣心法塵生成就經》	013	Mahāyāna-śraddhotpāda-śāstra, fascicle 13, the meaning of the text is in the world, because the wisdom of prajñā is turbid and many, therefore the mind is inferior, the dharmas are generated and accomplished by dust
