segmentnr	original	analyzed	folio	translated
['ZH_T16_0658_002:0215a22_0']	寶雲經卷第二	寶雲經卷第二	002	Bao yun jing, Scroll 2
['ZH_T16_0658_002:0215a24_0']	梁扶南三藏曼陀羅仙譯	梁扶南三藏曼陀羅仙譯	002	Translated by Tripiṭaka Master Mandrasena of Liang Fu-nan
['ZH_T16_0658_002:0215a25_0', 'ZH_T16_0658_002:0215a26_2']	「善男子！菩薩摩訶薩復有十法名具禪波🔽羅蜜。	「善男子！菩薩摩訶薩復有十法名具禪波 羅蜜。	002	Good sons! Bodhisattva-mahāsattvas who have ten dharmas are called those who possess the perfection of meditation.
['ZH_T16_0658_002:0215a26_7']	何等為十？	何等為十？	002	What are the ten?
['ZH_T16_0658_002:0215a28_14']	多集福德、深厭諸惡、能勤精進、具於多聞、不顛倒解、解法向法、利根聰明、有純善心、善解定智、不著禪相。	多集福德、深厭諸惡、能勤精進、具於多聞、不顛倒解、解法向法、利根聰明、有純善心、善解定智、不著禪相。	002	Accumulating much merit and virtue, deeply detesting evil, being able to diligently make energetic progress, being endowed with much learning, understanding without error, understanding the Dharma and turning towards the Dharma, having sharp faculties and being intelligent, having a pure and good mind, skillfully understanding concentration and wisdom, and not being attached to the characteristics of meditation.
['ZH_T16_0658_002:0215a29_3']	「云何名為多集福德？	「云何名為多集福德？	002	What is meant by accumulating much merit and virtue?
['ZH_T16_0658_002:0215b04_2']	久於大乘積集善根，在所生處常護持善戒、遇善知識，世世恒生種族剎利、大姓婆羅門、大家居士，生處恒生正見家增長善法，憶所修善方便不捨，常不離善知識、菩薩、諸佛。	久於大乘積集善根，在所生處常護持善戒、遇善知識，世世恒生種族剎利、大姓婆羅門、大家居士，生處恒生正見家增長善法，憶所修善方便不捨，常不離善知識、菩薩、諸佛。	002	For a long time in the Great Vehicle, accumulating wholesome roots, being born in places where one always protects and upholds wholesome precepts, encountering good spiritual friends, always being born in the families of kṣatriyas and great-family brāhmans and wealthy householders, being born in places where one always gives rise to the view of right and increases wholesome dharmas, remembering the wholesome practices cultivated and not abandoning them by skillful means, and always not being apart from good spiritual friends, bodhisattvas, and buddhas.
['ZH_T16_0658_002:0215b04_12']	「漸漸增長觀察諸法：	「漸漸增長觀察諸法：	002	Gradually increasing and expanding, contemplating all dharmas:
['ZH_T16_0658_002:0215b06_4']	『世間大苦，常為災患之所逼惱無有暫停，長為眾苦、無明所盲，皆因愛欲。	『世間大苦，常為災患之所逼惱無有暫停，長為眾苦、無明所盲，皆因愛欲。	002	'The great suffering in the world is constantly oppressed by calamities and afflictions without a moment's respite. For a long time, one is blinded by suffering and ignorance, all due to desire.
['ZH_T16_0658_002:0215b07_3']	欲為根本，我今不應同於凡夫親近於欲。	欲為根本，我今不應同於凡夫親近於欲。	002	Desire is the root. I should not now be the same as ordinary people and be close to desire.
['ZH_T16_0658_002:0215b08_14']	欲者，諸佛世尊說從妄想生，無量因緣毀訾過患，譬如以木貫人心腎。	欲者，諸佛世尊說從妄想生，無量因緣毀訾過患，譬如以木貫人心腎。	002	Desire, the Buddhas and World-Honored Ones say, arises from false imagination. With immeasurable causes and conditions, they criticize its faults and say it is like a wooden stake piercing the heart and kidneys.
['ZH_T16_0658_002:0215b10_3']	欲如利戟、欲如劍刃、欲如毒蛇、欲如鋒焰、欲如膿爛，不可觸近；	欲如利戟、欲如劍刃、欲如毒蛇、欲如鋒焰、欲如膿爛，不可觸近；	002	Desire is like a sharp spear, desire is like a sword's edge, desire is like a poisonous snake, desire is like a blazing flame, desire is like festering pus, it cannot be touched or approached;
['ZH_T16_0658_002:0215b11_2']	欲如聚沫、欲如熱焰、欲如幻化、欲如夢想；	欲如聚沫、欲如熱焰、欲如幻化、欲如夢想；	002	Desire is like a mass of foam, desire is like a blazing flame, desire is like an illusion, desire is like a dream;
['ZH_T16_0658_002:0215b12_3']	欲為不淨，令人臭穢，欲如熟癰、欲如腐敗爛肉。	欲為不淨，令人臭穢，欲如熟癰、欲如腐敗爛肉。	002	Desire is impure, it makes people foul-smelling, desire is like a ripe pimple, desire is like rotten and decaying flesh.'
['ZH_T16_0658_002:0215b13_15']	』作如是厭惡欲想，剃除鬚髮，捨離產業，出家學道，被服法衣而作沙門。	』作如是厭惡欲想，剃除鬚髮，捨離產業，出家學道，被服法衣而作沙門。	002	Thinking in this way, with disgust for desire, he shaves his beard and hair, abandons his occupation, goes forth to study the path, dons the Dharma robes, and becomes a monk.
['ZH_T16_0658_002:0215b16_4']	「正法出家，信家非家，出家學道，發大精進，未得善法者能令使得、未得智者能令得智、未得證者當令得證。	「正法出家，信家非家，出家學道，發大精進，未得善法者能令使得、未得智者能令得智、未得證者當令得證。	002	Renouncing the correct Dharma, having faith in the household life, not the renunciant life, leaving home to study the path, giving rise to great diligence, those who have not attained wholesome dharmas are able to attain them, those who have not attained wisdom are able to attain wisdom, those who have not attained realization are able to attain realization.
['ZH_T16_0658_002:0215b18_15']	「如是因、如是緣，以是事故即得多聞，於世諦第一義諦悉能宣說，善知世諦即第一義諦，善知不顛倒法如法體相。	「如是因、如是緣，以是事故即得多聞，於世諦第一義諦悉能宣說，善知世諦即第一義諦，善知不顛倒法如法體相。	002	 For such causes, such conditions, and such matters, one then attains much learning, is able to expound the conventional truth and ultimate truth, well knows the conventional truth is the ultimate truth, and well knows the non-inverted dharmas as they are in essence.
['ZH_T16_0658_002:0215b19_4']	「何者是善知法相？	「何者是善知法相？	002	 What is it to well know the characteristics of dharmas?
['ZH_T16_0658_002:0215b20_5']	正見、正志、正語、正業、正命、正方便、正念、正定。	正見、正志、正語、正業、正命、正方便、正念、正定。	002	Right view, right thought, right speech, right action, right livelihood, right effort, right mindfulness, and right concentration.
['ZH_T16_0658_002:0215b20_21']	「得見正道，利根轉勝，心常在道；	「得見正道，利根轉勝，心常在道；	002	 Attaining to see the right path, with superior sharp faculties, the mind always abides in the path;
['ZH_T16_0658_002:0215b23_10']	以利根故，多生厭惡，遠離大眾憒閙之處，遠離欲覺、貪瞋、邪見、殘害之心，遠離眷屬、遠離名聞利養、遠離一切身心。	以利根故，多生厭惡，遠離大眾憒閙之處，遠離欲覺、貪瞋、邪見、殘害之心，遠離眷屬、遠離名聞利養、遠離一切身心。	002	Because of their sharp faculties, they often give rise to disgust and aversion, staying far away from the noisy company of the great assembly, far away from the thoughts of desire, greed, anger, wrong views, and the intention to harm, far away from relatives, far away from fame, profit, and offerings, far away from all body and mind.
['ZH_T16_0658_002:0215b24_9']	「常念自觀察己心，為念善、不善、無記。	「常念自觀察己心，為念善、不善、無記。	002	Always contemplate and observe one's own mind, whether it thinks of good, bad, or neutral things.
['ZH_T16_0658_002:0215b24_18']	若念善，應念勝善。	若念善，應念勝善。	002	If one thinks of good, one should think of superior good.
['ZH_T16_0658_002:0215b25_11']	念勝善者，心生歡喜，起發信樂。	念勝善者，心生歡喜，起發信樂。	002	Thinking of superior good, the mind gives rise to joy and gives rise to faith and delight.
['ZH_T16_0658_002:0215b25_18']	云何是勝善心？	云何是勝善心？	002	What is the superior good mind?
['ZH_T16_0658_002:0215b26_2']	三十七品。	三十七品。	002	The thirty-seven factors of enlightenment.
['ZH_T16_0658_002:0215b26_10']	云何是三十七品？	云何是三十七品？	002	What are the thirty-seven factors?
['ZH_T16_0658_002:0215b28_4']	四念處、四正勤、四如意足、五根、五力、七覺分、八正道法，是名勝善，是真道支。	四念處、四正勤、四如意足、五根、五力、七覺分、八正道法，是名勝善，是真道支。	002	The four establishments of mindfulness, the four right efforts, the four bases of supernatural power, the five faculties, the five powers, the seven factors of enlightenment, and the eightfold noble path—these are called superior good, the true factors of the path.
['ZH_T16_0658_002:0215b28_15']	「心猶不善，極生厭惡。	「心猶不善，極生厭惡。	002	If the mind is still not good, one should give rise to extreme disgust.
['ZH_T16_0658_002:0215b29_8']	多作觀察，勤行方便，斷於不善。	多作觀察，勤行方便，斷於不善。	002	Contemplating a lot, diligently practicing skillful means, one should cut off the unwholesome.
['ZH_T16_0658_002:0215b29_13']	何等不善？	何等不善？	002	What is unwholesome?
['ZH_T16_0658_002:0215b29_22']	貪欲、瞋恚、愚癡。	貪欲、瞋恚、愚癡。	002	Greed, anger, and delusion.
['ZH_T16_0658_002:0215c01_5']	貪欲有三種：	貪欲有三種：	002	Greed is of three kinds:
['ZH_T16_0658_002:0215c01_11']	上、中、下。	上、中、下。	002	Superior, middling, and inferior.
['ZH_T16_0658_002:0215c01_18']	何者是上貪欲？	何者是上貪欲？	002	What is superior greed?
['ZH_T16_0658_002:0215c02_6']	欲心逼身，正見衰損；	欲心逼身，正見衰損；	002	When the mind of desire oppresses the body, right view declines;
['ZH_T16_0658_002:0215c02_16']	離欲心少，離於慚愧。	離欲心少，離於慚愧。	002	The mind of detachment is little, and one is separated from shame and conscience.
['ZH_T16_0658_002:0215c03_2']	云何離慚愧心？	云何離慚愧心？	002	What is meant by a mind lacking shame and conscience?
['ZH_T16_0658_002:0215c05_8']	若攝身靜念獨處林野，爾時思惟欲覺增長熾盛，貴於欲覺、讚歎欲覺，以欲覺故，作是思惟時無有愧心。	若攝身靜念獨處林野，爾時思惟欲覺增長熾盛，貴於欲覺、讚歎欲覺，以欲覺故，作是思惟時無有愧心。	002	If one's body is restrained, mindfulness is tranquil, and one dwells alone in the forest, at that time, thoughts of desire increase and flourish. One values thoughts of desire and praises thoughts of desire. Because of thoughts of desire, when one has such thoughts, there is no mind of shame.
['ZH_T16_0658_002:0215c05_13']	云何無慚？	云何無慚？	002	What is meant by lack of shame?
['ZH_T16_0658_002:0215c07_12']	以欲業、欲作、欲因緣，於父母所生懟恨語、於尊重處而無畏難，亦不羞愧自現有德。	以欲業、欲作、欲因緣，於父母所生懟恨語、於尊重處而無畏難，亦不羞愧自現有德。	002	Due to the karma of desire, the actions of desire, and the causes and conditions of desire, one gives rise to resentful words towards one's parents, and in places of respect, one is fearless and unafraid, and also does not feel ashamed to show one's own virtues.
['ZH_T16_0658_002:0215c08_11']	以是欲故，命終之時墮於惡趣，是名上欲。	以是欲故，命終之時墮於惡趣，是名上欲。	002	Because of this desire, when one's life ends, one falls into an evil realm. This is called superior desire.
['ZH_T16_0658_002:0215c08_18']	云何名為中欲？	云何名為中欲？	002	What is meant by middling desire?
['ZH_T16_0658_002:0215c09_18']	若受欲已，心生厭離、或起悔心，是名中欲。	若受欲已，心生厭離、或起悔心，是名中欲。	002	If, after engaging in sexual activity, one's mind becomes disgusted or one gives rise to regret, this is called middling desire.
['ZH_T16_0658_002:0215c10_4']	云何名為下欲？	云何名為下欲？	002	What is called inferior desire?
['ZH_T16_0658_002:0215c12_3']	若摩觸之時欲想即息、或共言語雖有染想生念即滅、或見欲時欲想亦息，是名下欲。	若摩觸之時欲想即息、或共言語雖有染想生念即滅、或見欲時欲想亦息，是名下欲。	002	If, when being touched, the thought of desire immediately ceases, or if, when speaking with someone, although defiled thoughts arise, the thought immediately ceases, or if, when seeing desire, the thought of desire also ceases, this is called inferior desire.
['ZH_T16_0658_002:0215c13_2']	欲者，一切衣服、飲食、供身之具悉名為欲。	欲者，一切衣服、飲食、供身之具悉名為欲。	002	Desire refers to all clothing, food and drink, and personal belongings, all of which are called desires.
['ZH_T16_0658_002:0215c13_10']	「瞋恚亦有三種：	「瞋恚亦有三種：	002	Hatred also has three kinds:
['ZH_T16_0658_002:0215c13_16']	上、中、下。	上、中、下。	002	superior, middling, and inferior.
['ZH_T16_0658_002:0215c13_22']	何者為上瞋？	何者為上瞋？	002	What is superior hatred?
['ZH_T16_0658_002:0215c15_9']	若惱彼時深生忿怒，或作五逆、或五逆中作一一逆、或誹謗正法等。	若惱彼時深生忿怒，或作五逆、或五逆中作一一逆、或誹謗正法等。	002	If, when afflicting others, one gives rise to deep anger, commits the five heinous crimes, or commits each of the five heinous crimes, or slanders the true Dharma,
['ZH_T16_0658_002:0215c18_3']	如是之罪非算數譬喻之所能及，身壞命終墮大地獄受罪，餘報得生人中，膚體黑瘦、兩目皆赤、志逞常怒、多懷擾害。	如是之罪非算數譬喻之所能及，身壞命終墮大地獄受罪，餘報得生人中，膚體黑瘦、兩目皆赤、志逞常怒、多懷擾害。	002	such offenses are beyond calculation or analogy, and upon the dissolution of the body and the end of life, one falls into the great hells to receive punishment. The remaining retribution is to be reborn among humans, with a dark and emaciated body, both eyes red, a mind always angry, and harboring much disturbance and harm.
['ZH_T16_0658_002:0215c18_13']	以是義故，名為上瞋。	以是義故，名為上瞋。	002	For this reason, it is called the highest anger.
['ZH_T16_0658_002:0215c19_1']	云何名為中瞋？	云何名為中瞋？	002	What is called middling anger?
['ZH_T16_0658_002:0215c20_2']	所作諸惡速疾變悔，即修對治之法，是名中瞋。	所作諸惡速疾變悔，即修對治之法，是名中瞋。	002	Quickly repenting of the evil one has done, and immediately cultivating the methods of counteraction, this is called middling anger.
['ZH_T16_0658_002:0215c20_9']	云何名為下瞋？	云何名為下瞋？	002	What is called the lowest anger?
['ZH_T16_0658_002:0215c22_1']	或出惡言、或起譏訶、或集微惡業、或時時起發，尋生對治，是名下瞋。	或出惡言、或起譏訶、或集微惡業、或時時起發，尋生對治，是名下瞋。	002	Sometimes uttering harsh words, sometimes giving rise to slander, sometimes accumulating slight evil karma, sometimes giving rise to it from time to time, and immediately giving rise to counteraction, this is called the lowest anger.
['ZH_T16_0658_002:0215c22_9']	「愚癡亦有三種：	「愚癡亦有三種：	002	Ignorance is also of three kinds:
['ZH_T16_0658_002:0215c22_15']	上、中、下。	上、中、下。	002	superior, middling, and inferior.
['ZH_T16_0658_002:0215c22_21']	何者為上癡？	何者為上癡？	002	What is called the highest ignorance?
['ZH_T16_0658_002:0215c23_19']	作惡不悔、不生慚愧、心無厭時，如是名為上癡。	作惡不悔、不生慚愧、心無厭時，如是名為上癡。	002	Committing evil and not repenting, not giving rise to shame or humility, and the mind being without disgust, this is called the highest ignorance.
['ZH_T16_0658_002:0215c24_5']	云何名為中癡？	云何名為中癡？	002	What is called middling ignorance?
['ZH_T16_0658_002:0215c25_15']	身作惡時尋生變悔，於同梵行邊發露懺悔、不顯己德，是名中癡。	身作惡時尋生變悔，於同梵行邊發露懺悔、不顯己德，是名中癡。	002	When the body commits evil, quickly giving rise to repentance, confessing to fellow practitioners, and not revealing one's own virtues, this is called middling ignorance.
['ZH_T16_0658_002:0215c26_2']	云何名為下癡？	云何名為下癡？	002	What is called the lowest ignorance?
['ZH_T16_0658_002:0215c27_4']	依如來所制非性重罪少有所犯，是故名為下癡。	依如來所制非性重罪少有所犯，是故名為下癡。	002	Depending on the Tathāgata's prohibitions, slightly transgressing the non-grave offenses, therefore it is called the lowest ignorance.
['ZH_T16_0658_002:0215c28_16']	「菩薩摩訶薩善心起時，能迴貪瞋癡、能除欲愛、能除欲樂、能除欲著。	「菩薩摩訶薩善心起時，能迴貪瞋癡、能除欲愛、能除欲樂、能除欲著。	002	When the mind of a bodhisattva-mahāsattva arises in a wholesome way, it can turn away from greed, anger, and delusion, can eliminate desire and love, can eliminate desire and pleasure, and can eliminate attachment to desire.
['ZH_T16_0658_002:0215c29_4']	以善心故，令欲不起。	以善心故，令欲不起。	002	Because of the wholesome mind, it causes desire not to arise.
['ZH_T16_0658_002:0215c29_13']	「云何名為無記心？	「云何名為無記心？	002	What is called a neutral mind?
['ZH_T16_0658_002:0216a01_22']	此心起時，不緣外、不緣內，不緣善、不緣不善，不從定、不從智。	此心起時，不緣外、不緣內，不緣善、不緣不善，不從定、不從智。	002	When this mind arises, it does not depend on the external or the internal, does not depend on the wholesome or the unwholesome, and does not come from concentration or wisdom.
['ZH_T16_0658_002:0216a02_19']	如從眠起目視不了，不緣善、惡，名為無記。	如從眠起目視不了，不緣善、惡，名為無記。	002	Like one who has arisen from sleep and whose eyes are unclear, it does not depend on the wholesome or the unwholesome, and is called neutral.
['ZH_T16_0658_002:0216a04_16']	若無記心生時，菩薩方便自策發起善心，令生歡喜、安住於善，是名菩薩得於善心。	若無記心生時，菩薩方便自策發起善心，令生歡喜、安住於善，是名菩薩得於善心。	002	When a neutral mind arises, a bodhisattva uses skillful means to spur himself and give rise to a wholesome mind, causing joy to arise and abiding in the wholesome. This is called a bodhisattva attaining a wholesome mind.
['ZH_T16_0658_002:0216a07_2']	以善心故，觀察一切諸法如幻、如夢、如熱時焰、如呼聲響，此是善法、此非善法，此法跡乘、此法不跡乘。	以善心故，觀察一切諸法如幻、如夢、如熱時焰、如呼聲響，此是善法、此非善法，此法跡乘、此法不跡乘。	002	Because of the wholesome mind, he observes all dharmas as being like an illusion, like a dream, like a mirage, like an echo, and that these are wholesome dharmas and these are not wholesome dharmas, these are dharmas of the vehicle of traces and these are dharmas not of the vehicle of traces.
['ZH_T16_0658_002:0216a09_7']	「菩薩摩訶薩觀於一切法發起善心，以法為想、心為先導，當善持其心調順其心、善持諸法調伏諸法。	「菩薩摩訶薩觀於一切法發起善心，以法為想、心為先導，當善持其心調順其心、善持諸法調伏諸法。	002	Bodhisattva-mahāsattvas contemplate all dharmas and give rise to a wholesome mind. Taking the Dharma as the concept, with the mind as the forerunner, they should skillfully uphold the mind, tame the mind, skillfully uphold all dharmas, and subdue all dharmas.
['ZH_T16_0658_002:0216a10_2']	見正法已，以是緣故便得寂定。	見正法已，以是緣故便得寂定。	002	Having seen the true Dharma, for this reason they attain tranquility and concentration.
['ZH_T16_0658_002:0216a11_5']	心為境界，以心繫心漸入寂定、以心住心正住三昧。	心為境界，以心繫心漸入寂定、以心住心正住三昧。	002	The mind is the object, using the mind to bind the mind, gradually entering tranquility and concentration, using the mind to abide in the mind, correctly abiding in samādhi.
['ZH_T16_0658_002:0216a11_14']	心寂定故便能專一；	心寂定故便能專一；	002	Because the mind is tranquil and concentrated, one is then able to be single-minded;
['ZH_T16_0658_002:0216a12_4']	心專一故，次第無間；	心專一故，次第無間；	002	because the mind is single-minded, it is uninterrupted in sequence;
['ZH_T16_0658_002:0216a12_13']	得定心故心常寂靜；	得定心故心常寂靜；	002	because one attains a concentrated mind, the mind is always tranquil;
['ZH_T16_0658_002:0216a13_15']	心寂靜故心生喜樂，便除欲愛、諸惡、不善。	心寂靜故心生喜樂，便除欲愛、諸惡、不善。	002	because the mind is tranquil, the mind gives rise to joy and bliss, and one then removes desire, evil, and unwholesomeness.
['ZH_T16_0658_002:0216a14_8']	「有覺有觀定生喜樂，成就初禪；	「有覺有觀定生喜樂，成就初禪；	002	The concentration that gives rise to joy and bliss through having perception and investigation accomplishes the first dhyāna;
['ZH_T16_0658_002:0216a15_2', 'ZH_T16_0658_002:0216a15_16']	無覺少觀定生喜樂，成就二禪；🔽除喜、得樂、念捨，得第三禪；	無覺少觀定生喜樂，成就二禪； 除喜、得樂、念捨，得第三禪；	002	the concentration that gives rise to joy and bliss through having little investigation but no perception accomplishes the second dhyāna;🔽removing joy and attaining bliss, mindfulness and equanimity, one attains the third dhyāna;
['ZH_T16_0658_002:0216a16_6']	離喜樂、行捨心，得第四禪；	離喜樂、行捨心，得第四禪；	002	apart from joy and bliss, practicing equanimity and mind, one attains the fourth dhyāna;
['ZH_T16_0658_002:0216a17_3']	除我見、離憂喜、捨苦樂，淨念捨行四禪。	除我見、離憂喜、捨苦樂，淨念捨行四禪。	002	Abandoning the view of self, free from sorrow and joy, abandoning suffering and pleasure, with pure mindfulness and equanimity, one practices the fourth dhyāna.
['ZH_T16_0658_002:0216a18_11']	一切解脫離色相，如虛空，眾生心相、虛空相等作一解脫觀。	一切解脫離色相，如虛空，眾生心相、虛空相等作一解脫觀。	002	All liberations are free from the characteristics of form, like space. The characteristics of sentient beings' minds and the characteristics of space are equal. One contemplates with the observation of a single liberation.
['ZH_T16_0658_002:0216a19_3']	以是故，色相滅，空相生；	以是故，色相滅，空相生；	002	For this reason, the characteristics of form are extinguished, and the characteristics of emptiness arise.
['ZH_T16_0658_002:0216a19_16']	惱壞相已滅，無邊虛空相成。	惱壞相已滅，無邊虛空相成。	002	The characteristics of affliction and destruction have already been extinguished, and the characteristics of boundless space are accomplished.
['ZH_T16_0658_002:0216a21_1']	從無邊虛空相以次觀識，識無邊故，虛空相滅。	從無邊虛空相以次觀識，識無邊故，虛空相滅。	002	From the characteristics of boundless space, one subsequently contemplates consciousness. Because consciousness is boundless, the characteristics of space are extinguished.
['ZH_T16_0658_002:0216a21_16']	觀識漸損乃至少識，名為不用處；	觀識漸損乃至少識，名為不用處；	002	Contemplating consciousness gradually diminishes until it reaches a small amount of consciousness, which is called the sphere of nothingness.
['ZH_T16_0658_002:0216a22_15']	復觀此識若有、若無，是名非想非非想處；	復觀此識若有、若無，是名非想非非想處；	002	Further contemplating this consciousness, whether it exists or not, is called the sphere of neither perception nor non-perception;
['ZH_T16_0658_002:0216a23_4']	滅諸想、受，是名滅定。	滅諸想、受，是名滅定。	002	Extinguishing all perceptions and feelings is called the concentration of cessation.
['ZH_T16_0658_002:0216a25_5']	菩薩雖入滅定而不捨教化眾生，亦不永樂滅定以為寂靜，不捨滅定而能慈悲普覆眾生；	菩薩雖入滅定而不捨教化眾生，亦不永樂滅定以為寂靜，不捨滅定而能慈悲普覆眾生；	002	Although the bodhisattva enters the concentration of cessation, he does not abandon teaching and transforming sentient beings. He also does not permanently delight in the concentration of cessation as being tranquil. Without abandoning the concentration of cessation, he is able to universally cover sentient beings with compassion and pity;
['ZH_T16_0658_002:0216a26_3']	於滅定中乃至起悲、喜、捨心亦復如是。	於滅定中乃至起悲、喜、捨心亦復如是。	002	In the concentration of cessation, even when giving rise to the mind of compassion, joy, and equanimity, it is also like this.
['ZH_T16_0658_002:0216a28_16']	「菩薩爾時便獲五神通，而不以十二門禪、五神通等以為自足，方求上法阿耨多羅三藐三菩提，莊嚴之具，功德滿足。	「菩薩爾時便獲五神通，而不以十二門禪、五神通等以為自足，方求上法阿耨多羅三藐三菩提，莊嚴之具，功德滿足。	002	At that time, the bodhisattva attains the five supernatural powers, but does not take the twelve-gate dhyāna and the five supernatural powers as sufficient, and instead seeks the supreme Dharma of anuttarā-samyak-saṃbodhi, the adornments, and the fulfillment of merit.
['ZH_T16_0658_002:0216a28_21']	「善男子！	「善男子！	002	Good man!
['ZH_T16_0658_002:0216a29_13']	具此十事是名菩薩具禪波羅蜜。	具此十事是名菩薩具禪波羅蜜。	002	Possessing these ten things is called the bodhisattva perfecting the perfection of meditation.
['ZH_T16_0658_002:0216b01_4']	「善男子！	「善男子！	002	Good man!
['ZH_T16_0658_002:0216b01_17']	菩薩復有十法名為智慧滿足。	菩薩復有十法名為智慧滿足。	002	Bodhisattvas have ten more dharmas called the perfection of wisdom.
['ZH_T16_0658_002:0216b02_2']	何等為十？	何等為十？	002	What are the ten?
['ZH_T16_0658_002:0216b05_14']	具無我善、善解業報、善解有為法、善解生死相續不絕、善解生死出要之法、善解聲聞辟支二乘之法、善解摩訶衍、善解遮魔業智慧、不顛倒智慧、無等智慧。	具無我善、善解業報、善解有為法、善解生死相續不絕、善解生死出要之法、善解聲聞辟支二乘之法、善解摩訶衍、善解遮魔業智慧、不顛倒智慧、無等智慧。	002	Possessing the good of no-self, well understanding karmic retribution, well understanding conditioned phenomena, well understanding the continuity of birth and death, well understanding the Dharma of liberation from birth and death, well understanding the Dharma of the two vehicles of śrāvakas and pratyekabuddhas, well understanding the Mahāyāna, well understanding the wisdom that obstructs demonic activities, non-inverted wisdom, and unequaled wisdom.
['ZH_T16_0658_002:0216b05_19']	「善男子！	「善男子！	002	Good man!
['ZH_T16_0658_002:0216b06_4']	云何具無我善？	云何具無我善？	002	What is the good of being without self?
['ZH_T16_0658_002:0216b11_1']	菩薩以智觀察色、受、想、行、識，觀色不生、不起、不見起因，受亦不生、不起、不見起因，想亦不生、不起、不見起因，行亦不生、不起、不見起因，識亦不生、不起、不見起因，滅亦不生、不起、不見起因，第一義諦亦不見、不生、不起。	菩薩以智觀察色、受、想、行、識，觀色不生、不起、不見起因，受亦不生、不起、不見起因，想亦不生、不起、不見起因，行亦不生、不起、不見起因，識亦不生、不起、不見起因，滅亦不生、不起、不見起因，第一義諦亦不見、不生、不起。	002	Bodhisattvas use wisdom to contemplate form, feeling, perception, mental formations, and consciousness. They contemplate that form does not arise, does not occur, and does not see the cause of arising. Feeling also does not arise, does not occur, and does not see the cause of arising. Perception also does not arise, does not occur, and does not see the cause of arising. Mental formations also do not arise, do not occur, and do not see the cause of arising. Consciousness also does not arise, does not occur, and does not see the cause of arising. Cessation also does not arise, does not occur, and does not see the cause of arising. The ultimate truth also is not seen, does not arise, and does not occur.
['ZH_T16_0658_002:0216b11_18']	世諦、第一義諦，但有假名而無實體。	世諦、第一義諦，但有假名而無實體。	002	The conventional truth and the ultimate truth are merely provisional names without any real substance.
['ZH_T16_0658_002:0216b13_21']	雖知諸法虛寂而不捨於精進，深矜一切眾生，如救頭然、如救衣裳然，勤修方便，不懈、不捨。	雖知諸法虛寂而不捨於精進，深矜一切眾生，如救頭然、如救衣裳然，勤修方便，不懈、不捨。	002	Although they know that all phenomena are empty and still, they do not abandon their diligence. They deeply pity all sentient beings, as if their hair were on fire, as if their clothes were on fire, diligently cultivating skillful means, not slacking off, not abandoning.
['ZH_T16_0658_002:0216b15_15']	為一切眾生故而求阿耨多羅三藐三菩提果，莊嚴具足，是名菩薩無我善根。	為一切眾生故而求阿耨多羅三藐三菩提果，莊嚴具足，是名菩薩無我善根。	002	In order to seek the fruit of anuttarā-samyak-saṃbodhi for all sentient beings, and to be fully adorned, this is called the bodhisattva's wholesome roots of non-self.
['ZH_T16_0658_002:0216b16_5']	「云何名菩薩善知業報？	「云何名菩薩善知業報？	002	What is meant by the bodhisattva's good understanding of karmic retribution?
['ZH_T16_0658_002:0216b17_18']	菩薩選擇觀察一切眾生皆如幻相、如乾闥婆城、水中之月，體性空寂。	菩薩選擇觀察一切眾生皆如幻相、如乾闥婆城、水中之月，體性空寂。	002	The bodhisattva selects and observes that all sentient beings are like illusory appearances, like a gandharva city, like the moon in the water, and their essential nature is empty and tranquil.
['ZH_T16_0658_002:0216b19_1']	一切眾生染著我見及我所見，以是因緣不見正道。	一切眾生染著我見及我所見，以是因緣不見正道。	002	All sentient beings are attached to the view of self and the view of what belongs to the self. For this reason, they do not see the right path.
['ZH_T16_0658_002:0216b19_8']	眾生作如是想：	眾生作如是想：	002	Sentient beings give rise to this kind of thought:
['ZH_T16_0658_002:0216b21_1']	『若無我、無人、無眾生、無壽命、無丈夫者，若悉皆無，誰受善惡、六趣差別？	『若無我、無人、無眾生、無壽命、無丈夫者，若悉皆無，誰受善惡、六趣差別？	002	'If there is no self, no person, no sentient being, no life, and no human being, if all of these are non-existent, then who experiences the good and evil, the distinctions of the six destinies?'
['ZH_T16_0658_002:0216b22_10']	』菩薩摩訶薩雖知業報不斷、不常，而受不捨，是名菩薩善知業報。	』菩薩摩訶薩雖知業報不斷、不常，而受不捨，是名菩薩善知業報。	002	Although the bodhisattva-mahāsattva knows that karmic retribution is neither cut off nor eternal, he accepts it without abandoning it. This is called the bodhisattva's good understanding of karmic retribution.
['ZH_T16_0658_002:0216b23_7']	「云何名菩薩善知有為而不取有為相？	「云何名菩薩善知有為而不取有為相？	002	What is meant by the bodhisattva's good understanding of conditioned phenomena without grasping at the characteristics of conditioned phenomena?
['ZH_T16_0658_002:0216b26_8']	如實正見，知有為法迅速不停，念念流動猶華上露、如山㵎水駃流赴下，間無暫息，亦如沙鹵無有牢固，何有智者當生樂著而戀親愛？	如實正見，知有為法迅速不停，念念流動猶華上露、如山㵎水駃流赴下，間無暫息，亦如沙鹵無有牢固，何有智者當生樂著而戀親愛？	002	Correct insight into reality knows that conditioned phenomena are fleeting and do not stay, flowing and moving moment by moment, like dew on flowers, like the water in mountain streams rushing downward without a moment's rest, also like sand and alkali without any solidity. What wise person would give rise to attachment and longing for them?
['ZH_T16_0658_002:0216b27_7']	見有為法如是之相，云何智者而生憂悲？	見有為法如是之相，云何智者而生憂悲？	002	Seeing the characteristics of conditioned phenomena like this, how could a wise person give rise to sorrow and grief?
['ZH_T16_0658_002:0216b28_12']	以是因緣，深樂涅槃、厭惡生死，是名菩薩善知有為法。	以是因緣，深樂涅槃、厭惡生死，是名菩薩善知有為法。	002	For these reasons, deeply delighting in nirvāṇa and detesting saṃsāra, this is called a bodhisattva's skill in conditioned phenomena.
['ZH_T16_0658_002:0216b29_5']	「云何名菩薩善解生死流轉？	「云何名菩薩善解生死流轉？	002	What is meant by a bodhisattva's skill in the flow and turning of birth and death?
['ZH_T16_0658_002:0216c03_21']	菩薩觀察一切眾生，無明所盲、漂流生死、恒為愛羂諸結所縛，以是因緣故受，以受故造善惡業，以業因緣故有，有因緣故生，生因緣故死，憂、悲、苦、惱眾苦聚集。	菩薩觀察一切眾生，無明所盲、漂流生死、恒為愛羂諸結所縛，以是因緣故受，以受故造善惡業，以業因緣故有，有因緣故生，生因緣故死，憂、悲、苦、惱眾苦聚集。	002	Bodhisattvas observe that all sentient beings, blinded by ignorance, drift in birth and death, constantly bound by the bonds of craving and afflictions. For these reasons, they experience. Because of experiencing, they create good and evil karma. Because of the causes and conditions of karma, there is existence. Because of the causes and conditions of existence, there is birth. Because of the causes and conditions of birth, there is death, sorrow, lamentation, suffering, and distress. The mass of various sufferings comes together.
['ZH_T16_0658_002:0216c04_12']	生、死流轉互為上下，猶如火輪。	生、死流轉互為上下，猶如火輪。	002	Birth and death revolve like a fire wheel, with each being the upper and lower of the other.
['ZH_T16_0658_002:0216c05_17']	是故，菩薩正觀生死如實而知，是名菩薩善解生死流轉。	是故，菩薩正觀生死如實而知，是名菩薩善解生死流轉。	002	Therefore, bodhisattvas correctly contemplate birth and death as they truly are, and this is called bodhisattvas' good understanding of the revolving of birth and death.
['ZH_T16_0658_002:0216c06_12']	「云何名菩薩善解生死出要之法？	「云何名菩薩善解生死出要之法？	002	What is meant by bodhisattvas' good understanding of the method of transcending birth and death?
['ZH_T16_0658_002:0216c10_19']	無無明則無行，無行則無識，無識則無名色，無名色則無六入，無六入則無觸，無觸則無受，無受則無愛，無愛則無取，無取則無有，無有則無生，無生則無老、死、憂、悲、苦、惱眾苦聚集。	無無明則無行，無行則無識，無識則無名色，無名色則無六入，無六入則無觸，無觸則無受，無受則無愛，無愛則無取，無取則無有，無有則無生，無生則無老、死、憂、悲、苦、惱眾苦聚集。	002	Without ignorance, there is no formation; without formation, there is no consciousness; without consciousness, there is no name-and-form; without name-and-form, there are no six sense bases; without the six sense bases, there is no contact; without contact, there is no feeling; without feeling, there is no craving; without craving, there is no grasping; without grasping, there is no becoming; without becoming, there is no birth; without birth, there is no old age, death, sorrow, lamentation, pain, and distress. The mass of suffering is all extinguished.
['ZH_T16_0658_002:0216c12_3']	菩薩以如實知見十二因緣，是名菩薩善解生死出要之法。	菩薩以如實知見十二因緣，是名菩薩善解生死出要之法。	002	Bodhisattvas know the twelve links of dependent origination as they truly are, and this is called bodhisattvas' good understanding of the method of transcending birth and death.
['ZH_T16_0658_002:0216c13_1']	「云何名菩薩善解聲聞、辟支二乘之法？	「云何名菩薩善解聲聞、辟支二乘之法？	002	What is meant by bodhisattvas' good understanding of the Dharma of the two vehicles of śrāvakas and pratyekabuddhas?
['ZH_T16_0658_002:0216c16_5']	菩薩觀察如此法時成須陀洹、成斯陀含、成阿那含、成阿羅漢，斷諸結漏得成辟支佛，成辟支佛已如犀一角，善解聲聞、辟支佛法而不取證。	菩薩觀察如此法時成須陀洹、成斯陀含、成阿那含、成阿羅漢，斷諸結漏得成辟支佛，成辟支佛已如犀一角，善解聲聞、辟支佛法而不取證。	002	When the bodhisattva observes these dharmas, he becomes a srota-āpanna, becomes a sakṛd-āgāmin, becomes an anāgāmin, becomes an arhat, severs all bonds and defilements, and attains the state of a pratyekabuddha. Having become a pratyekabuddha, like a rhinoceros, he skillfully understands the teachings of the śrāvakas and pratyekabuddhas but does not attain realization.
['ZH_T16_0658_002:0216c16_9']	何以故？	何以故？	002	Why is this?
['ZH_T16_0658_002:0216c17_7']	我攝受一切眾生故，作師子吼而作是言：	我攝受一切眾生故，作師子吼而作是言：	002	Because I embrace all sentient beings, I roar the lion's roar and say:
['ZH_T16_0658_002:0216c18_14']	『我當拔一切眾生曠野生死之苦，以是故我今不應獨出生死。	『我當拔一切眾生曠野生死之苦，以是故我今不應獨出生死。	002	'I will pull all sentient beings out of the wilderness of birth and death and the suffering of saṃsāra. For this reason, I should not now alone escape from saṃsāra.'
['ZH_T16_0658_002:0216c19_9']	』是名菩薩善解聲聞、辟支佛法。	』是名菩薩善解聲聞、辟支佛法。	002	This is called the bodhisattva's skillful understanding of the teachings of the śrāvakas and pratyekabuddhas.
['ZH_T16_0658_002:0216c20_2']	「云何名菩薩善解摩訶衍法？	「云何名菩薩善解摩訶衍法？	002	What is meant by the bodhisattva's skillful understanding of the Mahāyāna teachings?
['ZH_T16_0658_002:0216c23_14']	菩薩善學一切諸法而不得諸法相、善修學道而不得是道相，不見能行者、不見所行法亦不見所至到處，以是因緣相貌而不墮於斷見，是名菩薩善解摩訶衍。	菩薩善學一切諸法而不得諸法相、善修學道而不得是道相，不見能行者、不見所行法亦不見所至到處，以是因緣相貌而不墮於斷見，是名菩薩善解摩訶衍。	002	Bodhisattvas skillfully study all dharmas but do not attain the characteristics of dharmas, skillfully cultivate the path but do not attain the characteristics of that path, do not see the one who practices, do not see the practiced dharma, and do not see the place to which one arrives, and for this reason of characteristics do not fall into the view of annihilation. This is called the bodhisattva's skillful understanding of the great vehicle.
['ZH_T16_0658_002:0216c24_8']	「云何名菩薩善知遮魔業智慧？	「云何名菩薩善知遮魔業智慧？	002	What is called the bodhisattva's wisdom of skillfully preventing the work of Māra?
['ZH_T16_0658_002:0216c28_13']	菩薩善知不親近惡知識亦不至惡國，而常遠離世俗談話，不樂親近諸餘非法、不求利養，亦於此法不生欣樂，一切結使能障菩提者悉皆遠離，善知對治法，是名菩薩善知遮魔業智慧。	菩薩善知不親近惡知識亦不至惡國，而常遠離世俗談話，不樂親近諸餘非法、不求利養，亦於此法不生欣樂，一切結使能障菩提者悉皆遠離，善知對治法，是名菩薩善知遮魔業智慧。	002	Bodhisattvas skillfully know not to associate with bad friends or go to bad countries, always avoid worldly chatter, do not enjoy associating with other non-dharmas or seeking gain, and also do not delight in this dharma. All the bonds and afflictions that can obstruct bodhi are all completely abandoned. Skillfully knowing the counteractive dharmas is called the bodhisattva's wisdom of skillfully preventing the work of Māra.
['ZH_T16_0658_002:0216c29_5']	「云何名菩薩不顛倒智慧？	「云何名菩薩不顛倒智慧？	002	What is called the bodhisattva's non-inverted wisdom?
['ZH_T16_0658_002:0217a01_13']	善學世諦、第一義諦，及諸經論、善學世間雜論，為成熟眾生故。	善學世諦、第一義諦，及諸經論、善學世間雜論，為成熟眾生故。	002	They are well-versed in worldly truth, ultimate truth, and various sūtras and treatises, and they are well-versed in worldly miscellaneous treatises, in order to mature sentient beings.
['ZH_T16_0658_002:0217a02_15']	雖廣聞多學而不為於顯己功德，但為成熟眾生；	雖廣聞多學而不為於顯己功德，但為成熟眾生；	002	Although they hear much and learn extensively, they do not do so to show off their own merits, but only to mature sentient beings;
['ZH_T16_0658_002:0217a04_12']	雖明知世典而常尊佛法以為最勝，終不染於外道邪見，是名菩薩不顛倒智慧。	雖明知世典而常尊佛法以為最勝，終不染於外道邪見，是名菩薩不顛倒智慧。	002	Although they clearly understand worldly texts, they always revere the Buddha's teachings as supreme, and they are never tainted by non-Buddhist wrong views. This is called the bodhisattvas' non-inverted wisdom.
['ZH_T16_0658_002:0217a05_3']	「云何名菩薩無等智慧？	「云何名菩薩無等智慧？	002	What is called the bodhisattvas' unequaled wisdom?
['ZH_T16_0658_002:0217a08_4']	不見若天、若人、沙門、婆羅門、諸外道與菩薩智慧等者，除諸如來、世尊、等正覺，餘天、人、阿修羅無有能及菩薩智者，是名菩薩無等智慧。	不見若天、若人、沙門、婆羅門、諸外道與菩薩智慧等者，除諸如來、世尊、等正覺，餘天、人、阿修羅無有能及菩薩智者，是名菩薩無等智慧。	002	They do not see any gods, humans, śramaṇas, brāhmaṇas, or non-Buddhists whose wisdom is equal to that of the bodhisattvas, except for the Tathāgatas, the World-Honored Ones, the Perfectly Enlightened Ones. Other gods, humans, and asuras are unable to match the bodhisattvas' wisdom. This is called the bodhisattvas' unequaled wisdom.
['ZH_T16_0658_002:0217a08_9']	「善男子！	「善男子！	002	Good man!
['ZH_T16_0658_002:0217a09_2']	具此十事是名菩薩滿足智慧。	具此十事是名菩薩滿足智慧。	002	Possessing these ten things is called the bodhisattvas' fulfillment of wisdom.
['ZH_T16_0658_002:0217a10_4']	「善男子！	「善男子！	002	Good man!
['ZH_T16_0658_002:0217a10_16']	菩薩復有十法名滿足方便。	菩薩復有十法名滿足方便。	002	Bodhisattvas have ten more dharmas called fulfilling skillful means.
['ZH_T16_0658_002:0217a11_1']	何等為十？	何等為十？	002	What are the ten?
['ZH_T16_0658_002:0217a14_12']	善解方便迴向、善迴外道諸見、善迴五塵、善除疑悔、善救護眾生、善知眾生濟命、善受供養、善移聲聞辟支二乘學者入於大乘、善知示教利喜、善知供養恭敬。	善解方便迴向、善迴外道諸見、善迴五塵、善除疑悔、善救護眾生、善知眾生濟命、善受供養、善移聲聞辟支二乘學者入於大乘、善知示教利喜、善知供養恭敬。	002	Skillfully using skillful means to dedicate, skillfully turning away from the views of non-Buddhists, skillfully turning away from the five sense objects, skillfully eliminating doubts and regrets, skillfully saving and protecting sentient beings, skillfully knowing how to sustain the lives of sentient beings, skillfully accepting offerings, skillfully guiding those in the two vehicles of the śrāvakas and pratyekabuddhas to enter the Great Vehicle, skillfully knowing how to demonstrate, teach, benefit, and delight, and skillfully knowing how to make offerings and respect.
['ZH_T16_0658_002:0217a15_5']	「云何名菩薩善解方便迴向？	「云何名菩薩善解方便迴向？	002	What is called a bodhisattva skillfully using skillful means to dedicate?
['ZH_T16_0658_002:0217a19_1']	一切所有，若華、若果、若香、若香樹、若寶、若寶樹、若疊、若疊樹、一切空澤曠野，無主、非我所諸物，盡皆晝三時、夜三時迴心施佛，以是善根迴向阿耨多羅三藐三菩提。	一切所有，若華、若果、若香、若香樹、若寶、若寶樹、若疊、若疊樹、一切空澤曠野，無主、非我所諸物，盡皆晝三時、夜三時迴心施佛，以是善根迴向阿耨多羅三藐三菩提。	002	All that is possessed, whether flowers, fruits, incense, incense trees, jewels, jewel trees, cotton, cotton trees, all empty marshes and wildernesses, things without an owner, and things that are not one's own, all of these are completely dedicated to the Buddha during the three periods of the day and the three periods of the night, and with these wholesome roots, they are dedicated to supreme, perfect enlightenment.
['ZH_T16_0658_002:0217a21_12']	於修多羅經中讚歎供養三寶之處深生隨喜，十方世界一切菩薩及諸眾生若起一念善根，身心隨喜悉皆迴向。	於修多羅經中讚歎供養三寶之處深生隨喜，十方世界一切菩薩及諸眾生若起一念善根，身心隨喜悉皆迴向。	002	In the sutra scriptures, they deeply rejoice in the places that praise and make offerings to the Three Jewels. If any good roots are produced in the minds of bodhisattvas and sentient beings in the ten directions, they rejoice with their bodies and minds and dedicate them all.
['ZH_T16_0658_002:0217a24_2']	香華供養諸佛形像、塔廟，以是善根願令一切眾生悉除破戒、非法臭穢，當使一切眾生皆得諸佛戒香之身。	香華供養諸佛形像、塔廟，以是善根願令一切眾生悉除破戒、非法臭穢，當使一切眾生皆得諸佛戒香之身。	002	Making offerings of incense and flowers to the Buddha's images and stupas, with these wholesome roots, they wish that all sentient beings may completely eliminate the stench of broken precepts and unwholesomeness, and cause all sentient beings to attain the fragrant bodies of the Buddha's precepts.
['ZH_T16_0658_002:0217a25_5']	若有掃塔塗地，願使一切眾生悉得端正莊嚴之具；	若有掃塔塗地，願使一切眾生悉得端正莊嚴之具；	002	If they sweep stupas and smear the ground, they wish that all sentient beings may attain upright and dignified adornments.
['ZH_T16_0658_002:0217a26_5']	若以華蓋供養佛塔，願一切眾生除煩惱熱；	若以華蓋供養佛塔，願一切眾生除煩惱熱；	002	If they make offerings to Buddha stupas with flower canopies, they wish that all sentient beings may eliminate the heat of afflictions.
['ZH_T16_0658_002:0217a27_3']	若入僧坊、塔寺，願一切眾生入涅槃城；	若入僧坊、塔寺，願一切眾生入涅槃城；	002	If they enter a monastery or temple, they wish that all sentient beings may enter the city of nirvana.
['ZH_T16_0658_002:0217a27_18']	若出塔寺，願一切眾生永離生死；	若出塔寺，願一切眾生永離生死；	002	If they leave a stupa or temple, they wish that all sentient beings may forever depart from birth and death.
['ZH_T16_0658_002:0217a28_13']	若開門時，願一切眾生開善趣門；	若開門時，願一切眾生開善趣門；	002	If they open a door, they wish that all sentient beings may open the door to good destinies;
['ZH_T16_0658_002:0217a29_8']	若閉門時，願一切眾生閉惡趣門；	若閉門時，願一切眾生閉惡趣門；	002	When closing the door, may all sentient beings close the door to evil destinies;
['ZH_T16_0658_002:0217b01_4']	若欲坐時，願一切眾生當坐道場；	若欲坐時，願一切眾生當坐道場；	002	When wishing to sit, may all sentient beings sit in the place of enlightenment;
['ZH_T16_0658_002:0217b02_5']	若欲起時，願一切眾生於煩惱淤埿悉令超出；	若欲起時，願一切眾生於煩惱淤埿悉令超出；	002	When wishing to rise, may all sentient beings rise above the mire of afflictions;
['ZH_T16_0658_002:0217b03_4']	若右脇臥時，願一切眾生得右脇涅槃；	若右脇臥時，願一切眾生得右脇涅槃；	002	When lying on the right side, may all sentient beings attain right-side nirvana;
['ZH_T16_0658_002:0217b03_19']	若著衣時，願一切眾生著慚愧衣；	若著衣時，願一切眾生著慚愧衣；	002	When putting on clothes, may all sentient beings wear the clothes of shame and conscience;
['ZH_T16_0658_002:0217b04_14']	若捉鉢時，願一切眾生滿足佛法；	若捉鉢時，願一切眾生滿足佛法；	002	When holding the alms bowl, may all sentient beings fulfill the Buddha's teachings;
['ZH_T16_0658_002:0217b05_9']	若欲食時，願一切眾生悉得法食；	若欲食時，願一切眾生悉得法食；	002	When wishing to eat, may all sentient beings obtain the food of the Dharma;
['ZH_T16_0658_002:0217b06_14']	若大小便利時，願一切眾生蠲除垢穢，無婬、怒、癡；	若大小便利時，願一切眾生蠲除垢穢，無婬、怒、癡；	002	When defecating or urinating, may all sentient beings eliminate impurities and be free from desire, anger, and ignorance;
['ZH_T16_0658_002:0217b07_6']	若洗手時，當願眾生悉離染穢；	若洗手時，當願眾生悉離染穢；	002	When washing the hands, may all sentient beings be free from defilements;
['ZH_T16_0658_002:0217b08_1']	若洗脚時，願一切眾生除煩惱垢；	若洗脚時，願一切眾生除煩惱垢；	002	When washing the feet, may all sentient beings eliminate the defilements of afflictions;
['ZH_T16_0658_002:0217b09_2']	若嚼楊枝時，願一切眾生種種垢穢皆悉得除；	若嚼楊枝時，願一切眾生種種垢穢皆悉得除；	002	When chewing on willow twigs, may all sentient beings eliminate various impurities;
['ZH_T16_0658_002:0217b10_2']	若身行止及舉動時，願一切眾生悉得安樂；	若身行止及舉動時，願一切眾生悉得安樂；	002	Whether in stillness or movement, may all sentient beings attain peace and happiness;
['ZH_T16_0658_002:0217b10_18']	若禮塔寺時，願一切眾生亦皆敬禮。	若禮塔寺時，願一切眾生亦皆敬禮。	002	When paying homage to stupas and temples, may all sentient beings also pay homage.
['ZH_T16_0658_002:0217b11_9']	是名菩薩善解方便迴向。	是名菩薩善解方便迴向。	002	This is called the bodhisattva's skillful means of dedication.
['ZH_T16_0658_002:0217b12_2']	「云何名菩薩善迴外道諸見？	「云何名菩薩善迴外道諸見？	002	What is meant by the bodhisattva's skillful turning of the views of non-Buddhists?
['ZH_T16_0658_002:0217b14_4']	能令異學九十六種調伏出家，欲調伏時而不貢高為作師範，要先恭事現為弟子然後調伏。	能令異學九十六種調伏出家，欲調伏時而不貢高為作師範，要先恭事現為弟子然後調伏。	002	He is able to subdue and ordain the ninety-six kinds of non-Buddhist practitioners. When wishing to subdue them, he does not act arrogantly but becomes their teacher. He first respectfully serves them as a disciple and then subdues them.
['ZH_T16_0658_002:0217b15_6']	隨諸外道所有威儀、法則，悉皆習學，究盡勝彼。	隨諸外道所有威儀、法則，悉皆習學，究盡勝彼。	002	He studies and thoroughly masters all the conduct and methods of the non-Buddhists, surpassing them.
['ZH_T16_0658_002:0217b16_11']	令調伏已而反制之，使為弟子信受其語，爾時便為說言：	令調伏已而反制之，使為弟子信受其語，爾時便為說言：	002	After subduing them, he controls them and makes them his disciples who believe and accept his words. He then tells them:
['ZH_T16_0658_002:0217b17_7']	『汝先所學法無有離欲，亦無出要。	『汝先所學法無有離欲，亦無出要。	002	'The teachings you previously studied do not lead to detachment from desire or liberation.'
['ZH_T16_0658_002:0217b18_12']	』乃以正道誘化其心令立佛法，是名菩薩善調外道諸見。	』乃以正道誘化其心令立佛法，是名菩薩善調外道諸見。	002	He then uses the true path to guide and transform their minds, causing them to uphold the Buddha's teachings. This is called the bodhisattva's skillful subduing of the views of non-Buddhists.
['ZH_T16_0658_002:0217b19_3']	「云何名菩薩善迴五塵？	「云何名菩薩善迴五塵？	002	What is meant by bodhisattvas skillfully transforming the five sense objects?
['ZH_T16_0658_002:0217b20_16']	見諸眾生貪欲熾盛，為化彼故現作女身，端正殊妙超諸女人，使彼染著；	見諸眾生貪欲熾盛，為化彼故現作女身，端正殊妙超諸女人，使彼染著；	002	Seeing that sentient beings are rampant with greed and desire, in order to transform them they manifest as a female body, upright and extraordinary, surpassing all women, causing them to become attached;
['ZH_T16_0658_002:0217b21_10']	即復現身變為死屍，膖脹臭爛。	即復現身變為死屍，膖脹臭爛。	002	They then manifest a body that transforms into a dead corpse, bloated and foul-smelling.
['ZH_T16_0658_002:0217b22_4']	眾生見者悉生驚怖，即便厭惡：	眾生見者悉生驚怖，即便厭惡：	002	Seeing this, all sentient beings become frightened and immediately disgusted, thinking:
['ZH_T16_0658_002:0217b22_18']	『我今云何疾得遠離臭穢之身？	『我今云何疾得遠離臭穢之身？	002	'How can I quickly get rid of this foul-smelling body?'
['ZH_T16_0658_002:0217b24_11']	』菩薩爾時即復本形而說法要，皆令堅固無上道心，是名菩薩善迴五塵。	』菩薩爾時即復本形而說法要，皆令堅固無上道心，是名菩薩善迴五塵。	002	At that time, the bodhisattvas then return to their original form and expound the essential teachings, causing them all to firmly establish the unsurpassed aspiration for enlightenment. This is called bodhisattvas skillfully transforming the five sense objects.
['ZH_T16_0658_002:0217b25_2']	「云何名菩薩善除疑悔？	「云何名菩薩善除疑悔？	002	What is meant by bodhisattvas skillfully dispelling doubts and regrets?
['ZH_T16_0658_002:0217b26_5']	若見眾生作五逆罪及餘諸惡，菩薩即語眾生言：	若見眾生作五逆罪及餘諸惡，菩薩即語眾生言：	002	If they see sentient beings committing the five heinous crimes and other evils, the bodhisattvas will say to those sentient beings:
['ZH_T16_0658_002:0217b26_15']	『汝今何為愁苦如是？	『汝今何為愁苦如是？	002	'Why are you so sorrowful now?'
['ZH_T16_0658_002:0217b26_21']	』彼人答言：	』彼人答言：	002	That person replies:🔽Bodhisattvas skillfully dispel doubts and regrets.
['ZH_T16_0658_002:0217b28_11']	『我作五逆罪愁憂悔恨，捨此身已當久受苦惱，長夜衰損，無有義利。	『我作五逆罪愁憂悔恨，捨此身已當久受苦惱，長夜衰損，無有義利。	002	'I have committed the five heinous crimes, and I am sorrowful and regretful. After abandoning this body, I will endure suffering for a long time, with long-lasting harm and no benefit.'
['ZH_T16_0658_002:0217b29_13']	』菩薩為現神變適其心念，令彼信服便生信敬愛樂。	』菩薩為現神變適其心念，令彼信服便生信敬愛樂。	002	The Bodhisattva manifests spiritual powers in accordance with their thoughts, causing them to believe and serve, and then gives rise to faith, respect, and joy.
['ZH_T16_0658_002:0217c01_12']	菩薩又復化作父母而加逆害，彼作是念：	菩薩又復化作父母而加逆害，彼作是念：	002	The Bodhisattva also transforms into parents and commits patricide and matricide. They think:
['ZH_T16_0658_002:0217c02_15']	『菩薩神足威力無量猶害父母，況我愚癡而能不作？	『菩薩神足威力無量猶害父母，況我愚癡而能不作？	002	'The Bodhisattva's spiritual powers and awesome virtue are immeasurable, yet he still harms his parents. How much more so would I, foolish and ignorant, not commit such acts?'
['ZH_T16_0658_002:0217c03_1']	』菩薩答言：	』菩薩答言：	002	The Bodhisattva replies:
['ZH_T16_0658_002:0217c03_12']	『我真汝伴，同作逆罪。	『我真汝伴，同作逆罪。	002	'I am truly your companion, committing the same heinous crimes together.'
['ZH_T16_0658_002:0217c05_4']	』菩薩便為說種種法，令彼逆罪即得輕微猶如蚊翅，是名菩薩善除疑悔。	』菩薩便為說種種法，令彼逆罪即得輕微猶如蚊翅，是名菩薩善除疑悔。	002	The Bodhisattva then expounds various teachings for them, causing their heinous crimes to become as light as a mosquito's wing. This is called the Bodhisattva's skill in resolving doubts and regrets.
['ZH_T16_0658_002:0217c05_17']	「云何名菩薩善能救拔眾生？	「云何名菩薩善能救拔眾生？	002	What is meant by the Bodhisattva's skill in rescuing sentient beings?
['ZH_T16_0658_002:0217c07_5']	菩薩觀彼眾生堪為法器而造諸惡，菩薩即為現形種種說法：	菩薩觀彼眾生堪為法器而造諸惡，菩薩即為現形種種說法：	002	The Bodhisattva observes that sentient beings are suitable vessels for the Dharma but commit evil deeds. The Bodhisattva then manifests various forms and expounds the Dharma for them:
['ZH_T16_0658_002:0217c08_1']	應現王身得度者，即現王等身；	應現王身得度者，即現王等身；	002	For those to be liberated who should see a king's body, he manifests a king's body;
['ZH_T16_0658_002:0217c08_16']	應現剎利身得度者，即現剎利身；	應現剎利身得度者，即現剎利身；	002	For those to be liberated who should see a kṣatriya body, he manifests a kṣatriya body;
['ZH_T16_0658_002:0217c09_14']	應現婆羅門身得度者，即現婆羅門身；	應現婆羅門身得度者，即現婆羅門身；	002	For those to be liberated who should see a brāhman body, he manifests a brāhman body;
['ZH_T16_0658_002:0217c10_9']	應現天身得度者，即現天身；	應現天身得度者，即現天身；	002	For those to be liberated who should see a deva body, he manifests a deva body;
['ZH_T16_0658_002:0217c11_9', 'ZH_T16_0658_002:0217c12_5']	應現金剛力士身得度者，即現金剛力士身；🔽應現恐怖身得度者，即現恐怖身；	應現金剛力士身得度者，即現金剛力士身； 應現恐怖身得度者，即現恐怖身；	002	For those to be liberated who should see a vajra-strength body, he manifests a vajra-strength body;🔽For those to be liberated who should see a terrifying body, he manifests a terrifying body;
['ZH_T16_0658_002:0217c13_9']	應見繫閉鞭打驚怖身得度者，即現繫閉鞭打驚怖身；	應見繫閉鞭打驚怖身得度者，即現繫閉鞭打驚怖身；	002	For those to be liberated who should see a body bound, beaten, and frightened, he manifests a body bound, beaten, and frightened;
['ZH_T16_0658_002:0217c14_10']	應見親友愛樂身得度者，即現親友愛樂身；	應見親友愛樂身得度者，即現親友愛樂身；	002	For those to be liberated who should see a body of a loved friend, he manifests a body of a loved friend;
['ZH_T16_0658_002:0217c15_10']	所應見者皆為現之，是名菩薩善能救拔眾生。	所應見者皆為現之，是名菩薩善能救拔眾生。	002	He manifests all that should be seen, this is called the bodhisattva's skillful rescue of sentient beings.
['ZH_T16_0658_002:0217c16_4']	「云何名菩薩善知眾生濟命？	「云何名菩薩善知眾生濟命？	002	What is called the bodhisattva's skillful knowledge of saving sentient beings' lives?
['ZH_T16_0658_002:0217c17_19']	菩薩摩訶薩見眾生無所堪任、不識正法，惟知貪欲、飲食、衣服，更無餘求。	菩薩摩訶薩見眾生無所堪任、不識正法，惟知貪欲、飲食、衣服，更無餘求。	002	Bodhisattva-mahāsattvas see sentient beings who are incapable and do not recognize the true Dharma, only knowing to crave for food, drink, and clothing, with no other aspirations.
['ZH_T16_0658_002:0217c20_4']	菩薩爾時為示算數、醫方、種種伎術，如是善者皆令學習，悉令不乏衣服、飲食，是名菩薩善知眾生濟命。	菩薩爾時為示算數、醫方、種種伎術，如是善者皆令學習，悉令不乏衣服、飲食，是名菩薩善知眾生濟命。	002	At that time, the bodhisattva demonstrates calculation, medical prescriptions, and various skills, causing them to learn all such goodness, and ensuring they lack neither clothing nor food and drink. This is called the bodhisattva's skill in saving sentient beings' lives.
['ZH_T16_0658_002:0217c20_15']	「云何名菩薩善解受供？	「云何名菩薩善解受供？	002	What is called the bodhisattva's skill in accepting offerings?
['ZH_T16_0658_002:0217c21_17']	菩薩爾時得大寶聚，如須彌山悉能受之；	菩薩爾時得大寶聚，如須彌山悉能受之；	002	At that time, the bodhisattva obtains a great treasure trove like Mount Sumeru and is able to receive it all;
['ZH_T16_0658_002:0217c22_12']	若得少施，微毫縷綖亦皆受用。	若得少施，微毫縷綖亦皆受用。	002	if he obtains a small offering, even a mere thread, he also uses it all.
['ZH_T16_0658_002:0217c23_4']	菩薩以何緣故大小皆受？	菩薩以何緣故大小皆受？	002	For what reason does the bodhisattva receive both the great and the small?
['ZH_T16_0658_002:0217c27_18']	見眾生慳貪、嫉妬、無有施心，又見眾生出沒生死如水中魚，深愍眾生漂溺巨海，為作利益令使快樂，受財寶已為供養佛法僧、給施窮乏，隨所施處而為說法，皆發阿耨多羅三藐三菩提心，是名菩薩善解受供。	見眾生慳貪、嫉妬、無有施心，又見眾生出沒生死如水中魚，深愍眾生漂溺巨海，為作利益令使快樂，受財寶已為供養佛法僧、給施窮乏，隨所施處而為說法，皆發阿耨多羅三藐三菩提心，是名菩薩善解受供。	002	Seeing sentient beings are stingy, greedy, jealous, and have no intention to give, and also seeing sentient beings come and go in birth and death like fish in water, deeply pitying sentient beings drifting in the great ocean, making benefits for them to bring happiness, after receiving wealth and treasures, making offerings to the Buddha, Dharma, and Sangha, and giving to the poor and destitute, speaking the Dharma wherever they give, all giving rise to the mind of supreme, perfect enlightenment, this is called the bodhisattva's skill in receiving offerings.
['ZH_T16_0658_002:0217c28_16']	「云何名菩薩善能移於二乘入於大乘？	「云何名菩薩善能移於二乘入於大乘？	002	What is meant by the bodhisattva's skill in moving the two vehicles and entering the Great Vehicle?
['ZH_T16_0658_002:0218a01_7']	菩薩見眾生堪任大器，乃至作聲聞、辟支佛二乘，精進勤修、苦行。	菩薩見眾生堪任大器，乃至作聲聞、辟支佛二乘，精進勤修、苦行。	002	The bodhisattva sees sentient beings who are worthy of the great vessel, up to becoming śrāvakas and pratyekabuddhas of the two vehicles, diligently practicing and austerely training.
['ZH_T16_0658_002:0218a02_10']	爾時菩薩令住大乘，及其徒眾悉皆令轉，捨於小心；	爾時菩薩令住大乘，及其徒眾悉皆令轉，捨於小心；	002	At that time, the bodhisattva causes them to abide in the Great Vehicle, and all of their followers are also caused to turn away from the lesser mind;
['ZH_T16_0658_002:0218a03_1']	為繼佛種、不斷三寶故。	為繼佛種、不斷三寶故。	002	In order to continue the Buddha's lineage and not cut off the Three Jewels.
['ZH_T16_0658_002:0218a03_14']	是名菩薩移於二乘安住大乘。	是名菩薩移於二乘安住大乘。	002	This is called the bodhisattva moving the two vehicles and establishing them in the Great Vehicle.
['ZH_T16_0658_002:0218a04_7']	「云何名菩薩善能示教利喜？	「云何名菩薩善能示教利喜？	002	What is meant by bodhisattvas being able to skillfully instruct and delight others?
['ZH_T16_0658_002:0218a04_18']	未發菩提心者能令發心；	未發菩提心者能令發心；	002	Those who have not given rise to the aspiration for enlightenment are caused to give rise to the aspiration;
['ZH_T16_0658_002:0218a05_9']	懈怠懶墮者令勤精進；	懈怠懶墮者令勤精進；	002	Those who are lazy and indolent are caused to diligently make energetic progress;
['ZH_T16_0658_002:0218a06_9']	若以少善而自足者，方便發起，令具諸善；	若以少善而自足者，方便發起，令具諸善；	002	If someone is content with a little goodness, skillful means are used to cause them to be endowed with all goodness;
['ZH_T16_0658_002:0218a08_7']	若有虧損、少戒、生大障礙而心遠離一切諸善者，菩薩即為說法，令其歡喜具修戒行；	若有虧損、少戒、生大障礙而心遠離一切諸善者，菩薩即為說法，令其歡喜具修戒行；	002	If there are those who violate precepts, have little morality, give rise to great hindrances, and are far removed from all goodness in their minds, bodhisattvas then expound the Dharma for them, causing them to joyfully cultivate moral conduct;
['ZH_T16_0658_002:0218a08_18']	是名菩薩善能示教利喜。	是名菩薩善能示教利喜。	002	This is called bodhisattvas being able to skillfully instruct and delight others.
['ZH_T16_0658_002:0218a09_14']	「云何名菩薩善能恭敬供養三寶？	「云何名菩薩善能恭敬供養三寶？	002	What is meant by bodhisattvas being able to respectfully make offerings to the Three Jewels?
['ZH_T16_0658_002:0218a10_16']	出家菩薩少欲知足、不積財寶，唯以法施為利。	出家菩薩少欲知足、不積財寶，唯以法施為利。	002	Home-departed bodhisattvas have few desires and are content, not accumulating wealth, only using the giving of Dharma as benefit.
['ZH_T16_0658_002:0218a11_7']	爾時，在閑靜處獨坐思惟：	爾時，在閑靜處獨坐思惟：	002	At that time, in a secluded place, they sit alone and contemplate:
['ZH_T16_0658_002:0218a11_19']	『我今何為不作供養佛想？	『我今何為不作供養佛想？	002	'Why don't I now make offerings to the Buddha?'
['ZH_T16_0658_002:0218a13_6']	』即自思惟種種運心供養諸佛，如是思惟已便能具足六度。	』即自思惟種種運心供養諸佛，如是思惟已便能具足六度。	002	They then contemplate and make various mental offerings to the buddhas. Having contemplated in this way, they are then able to fully possess the six perfections.
['ZH_T16_0658_002:0218a13_13']	云何具足六度？	云何具足六度？	002	How does one perfect the six pāramitās?
['ZH_T16_0658_002:0218a17_18']	以種種供養而具檀波羅蜜，恒與一切眾生善是名尸波羅蜜，歡喜忍樂是名羼提波羅蜜，心身不懈是名毘梨耶波羅蜜，專心不散是名禪波羅蜜，莊嚴眾行皆悉具足是名般若波羅蜜。	以種種供養而具檀波羅蜜，恒與一切眾生善是名尸波羅蜜，歡喜忍樂是名羼提波羅蜜，心身不懈是名毘梨耶波羅蜜，專心不散是名禪波羅蜜，莊嚴眾行皆悉具足是名般若波羅蜜。	002	Using various offerings to perfect the pāramitā of giving, always being kind to all beings is called the pāramitā of morality, joyfully enduring and delighting is called the pāramitā of patience, not being lazy in body and mind is called the pāramitā of vigor, single-mindedly undistracted is called the pāramitā of meditation, and fully perfecting all the adornments of practices is called the pāramitā of wisdom.
['ZH_T16_0658_002:0218a19_10']	菩薩如是靜處思惟時能具六波羅蜜，是名菩薩善解恭敬供養三寶。	菩薩如是靜處思惟時能具六波羅蜜，是名菩薩善解恭敬供養三寶。	002	When a bodhisattva is able to perfect the six pāramitās while contemplating in a quiet place like this, this is called a bodhisattva skillfully making offerings and paying respect to the Three Jewels.
['ZH_T16_0658_002:0218a19_15']	「善男子！	「善男子！	002	Good man!
['ZH_T16_0658_002:0218a20_8']	具此十事是名菩薩具足方便。	具此十事是名菩薩具足方便。	002	Having these ten things is called a bodhisattva perfecting skillful means.
['ZH_T16_0658_002:0218a21_4']	「善男子！	「善男子！	002	Good man!
['ZH_T16_0658_002:0218a21_16']	菩薩復有十法名方便發願。	菩薩復有十法名方便發願。	002	Bodhisattvas have ten more dharmas called skillful means in making vows.
['ZH_T16_0658_002:0218a22_2']	何等為十？	何等為十？	002	What are the ten?
['ZH_T16_0658_002:0218a25_14']	不作卑下發願、不畏生死發願、出過一切眾生發願、一切諸佛讚歎發願、能摧伏一切魔發願、不為他教故發願、無邊發願、不恐畏發願、無憂發願、具足發願。	不作卑下發願、不畏生死發願、出過一切眾生發願、一切諸佛讚歎發願、能摧伏一切魔發願、不為他教故發願、無邊發願、不恐畏發願、無憂發願、具足發願。	002	not making vows out of lowliness, not making vows out of fear of birth and death, making vows that surpass all sentient beings, making vows that are praised by all Buddhas, making vows that are able to subdue all māras, not making vows out of being taught by others, making boundless vows, making vows without fear, making vows without worry, making complete vows.
['ZH_T16_0658_002:0218a26_5']	「云何名菩薩不卑下發願？	「云何名菩薩不卑下發願？	002	What is meant by bodhisattvas not making vows out of lowliness?
['ZH_T16_0658_002:0218a27_12']	菩薩摩訶薩不為三有受樂故發願，是名菩薩不卑下發願。	菩薩摩訶薩不為三有受樂故發願，是名菩薩不卑下發願。	002	Bodhisattva-mahāsattvas do not make vows for the sake of enjoying the three realms of existence, this is called bodhisattvas not making vows out of lowliness.
['ZH_T16_0658_002:0218a28_5']	「云何名菩薩不畏生死發願？	「云何名菩薩不畏生死發願？	002	What is meant by bodhisattvas not making vows out of fear of birth and death?
['ZH_T16_0658_002:0218a29_18']	不求二乘，不為厭惡生死、不為滅除生死故發願，是名菩薩不畏生死發願。	不求二乘，不為厭惡生死、不為滅除生死故發願，是名菩薩不畏生死發願。	002	Not seeking the two vehicles, not making vows out of disgust with birth and death, not making vows to eliminate birth and death, this is called bodhisattvas not making vows out of fear of birth and death.
['ZH_T16_0658_002:0218b01_14']	「云何名菩薩出過一切眾生發願？	「云何名菩薩出過一切眾生發願？	002	What is meant by bodhisattvas making vows that surpass all sentient beings?
['ZH_T16_0658_002:0218b04_3']	菩薩願使一切四生眾生悉成菩提如般涅槃，而我或入涅槃或不入涅槃，是名菩薩出過一切眾生發願。	菩薩願使一切四生眾生悉成菩提如般涅槃，而我或入涅槃或不入涅槃，是名菩薩出過一切眾生發願。	002	Bodhisattvas vow to cause all sentient beings of the four modes of birth to attain enlightenment like parinirvāṇa, and either enter nirvāṇa themselves or not enter nirvāṇa. This is called the bodhisattvas' vow to surpass all sentient beings.
['ZH_T16_0658_002:0218b04_18']	「云何名菩薩一切諸佛讚歎發願？	「云何名菩薩一切諸佛讚歎發願？	002	What is called the bodhisattvas' vow praised by all buddhas?
['ZH_T16_0658_002:0218b05_3']	菩薩發願：	菩薩發願：	002	Bodhisattvas make the vow:
['ZH_T16_0658_002:0218b07_5']	『我化一切眾生皆發阿耨多羅三藐三菩提心，行菩薩道乃至坐於道場，我當勸請令轉法輪；	『我化一切眾生皆發阿耨多羅三藐三菩提心，行菩薩道乃至坐於道場，我當勸請令轉法輪；	002	'I will transform all sentient beings to give rise to the mind of supreme, perfect enlightenment, practice the bodhisattva path, and even sit at the site of enlightenment. I will then exhort and request them to turn the wheel of the Dharma;
['ZH_T16_0658_002:0218b08_5']	佛若入涅槃，我當勸請令久住世利益眾生。	佛若入涅槃，我當勸請令久住世利益眾生。	002	if the buddhas enter parinirvāṇa, I will exhort and request them to remain in the world for a long time to benefit sentient beings.'
['ZH_T16_0658_002:0218b08_19']	』是名菩薩一切諸佛讚歎發願。	』是名菩薩一切諸佛讚歎發願。	002	This is called the bodhisattvas' vow praised by all buddhas.
['ZH_T16_0658_002:0218b09_14']	「云何名菩薩摧伏一切諸魔發願？	「云何名菩薩摧伏一切諸魔發願？	002	What is called the bodhisattvas' vow to subdue all māras?
['ZH_T16_0658_002:0218b11_10']	菩薩願使一切眾生成佛時國土不聞惡魔名字，是名菩薩摧伏一切諸魔發願。	菩薩願使一切眾生成佛時國土不聞惡魔名字，是名菩薩摧伏一切諸魔發願。	002	Bodhisattvas vow that when all sentient beings attain buddhahood, their lands will not hear the name of evil māras. This is called the bodhisattvas' vow to subdue all māras.
['ZH_T16_0658_002:0218b12_5']	「云何名菩薩不為他教故發願？	「云何名菩薩不為他教故發願？	002	What is meant by bodhisattvas not giving rise to vows due to being taught by others?
['ZH_T16_0658_002:0218b13_5']	終不受他教故，發阿耨多羅三藐三菩提心；	終不受他教故，發阿耨多羅三藐三菩提心；	002	Because they never accept being taught by others, they give rise to the mind of supreme, perfect enlightenment;
['ZH_T16_0658_002:0218b14_19']	自以智慧觀察世界眾生受無量苦，為拔濟故，發阿耨多羅三藐三菩提心；	自以智慧觀察世界眾生受無量苦，為拔濟故，發阿耨多羅三藐三菩提心；	002	Using their own wisdom, they observe that sentient beings in the world experience immeasurable suffering, and in order to rescue and deliver them, they give rise to the mind of supreme, perfect enlightenment;
['ZH_T16_0658_002:0218b15_11']	是名菩薩不為他教故發願。	是名菩薩不為他教故發願。	002	This is called bodhisattvas not giving rise to vows due to being taught by others.
['ZH_T16_0658_002:0218b16_3']	「云何名菩薩無邊發願？	「云何名菩薩無邊發願？	002	What is meant by bodhisattvas giving rise to boundless vows?
['ZH_T16_0658_002:0218b16_14']	菩薩不為方所少緣發願。	菩薩不為方所少緣發願。	002	Bodhisattvas do not give rise to vows for a small cause in a limited place.
['ZH_T16_0658_002:0218b17_17']	菩薩整其衣服，右膝著地，叉手合掌，心生厭惡：	菩薩整其衣服，右膝著地，叉手合掌，心生厭惡：	002	Bodhisattvas adjust their robes, touch their right knees to the ground, join their palms, and give rise to disgust in their minds:
['ZH_T16_0658_002:0218b20_5']	『於十方一切世界所有菩薩，若坐道場勤修苦行、初成佛者、轉法輪者，當悉觀察照見我心，勸請隨喜願轉法輪。	『於十方一切世界所有菩薩，若坐道場勤修苦行、初成佛者、轉法輪者，當悉觀察照見我心，勸請隨喜願轉法輪。	002	'In all worlds in the ten directions, all bodhisattvas who are diligently practicing austerities at the site of enlightenment, those who have just attained Buddhahood, and those who are turning the wheel of Dharma, should all observe and illuminate my mind, exhorting me to rejoice and vow to turn the wheel of Dharma.'
['ZH_T16_0658_002:0218b23_12']	一切十方菩薩，從初發意行六波羅蜜皆作無量難行苦行，乃至坐於道場降魔成佛及轉法輪，於此一一善心，我皆隨喜發阿耨多羅三藐三菩提心。	一切十方菩薩，從初發意行六波羅蜜皆作無量難行苦行，乃至坐於道場降魔成佛及轉法輪，於此一一善心，我皆隨喜發阿耨多羅三藐三菩提心。	002	All bodhisattvas in the ten directions, from their initial arousal of the mind of enlightenment up to their practice of the six perfections, all perform immeasurable difficult practices, up to sitting at the site of enlightenment, subduing Māra, attaining buddhahood, and turning the wheel of the Dharma. In each and every wholesome thought, I rejoice and arouse the mind of unsurpassed, perfect enlightenment.
['ZH_T16_0658_002:0218b24_3']	』是名菩薩無邊發願。	』是名菩薩無邊發願。	002	This is called the bodhisattva's boundless vow.
['ZH_T16_0658_002:0218b24_15']	「云何名菩薩不恐畏發願？	「云何名菩薩不恐畏發願？	002	What is called the bodhisattva's vow of fearlessness?
['ZH_T16_0658_002:0218b27_15']	菩薩從初發心，聞深妙法不生驚畏、聞佛本行無量功德不生驚畏、聞菩薩深遠遊戲神通不生驚畏、聞菩薩深遠善權方便不生驚畏。	菩薩從初發心，聞深妙法不生驚畏、聞佛本行無量功德不生驚畏、聞菩薩深遠遊戲神通不生驚畏、聞菩薩深遠善權方便不生驚畏。	002	From the initial arousal of the mind of enlightenment, the bodhisattva hears the profound and wondrous Dharma and does not give rise to fear, hears the immeasurable merits and virtues of the Buddha's past practices and does not give rise to fear, hears the bodhisattva's profound and far-reaching spiritual powers and does not give rise to fear, hears the bodhisattva's profound and far-reaching skillful means and does not give rise to fear.
['ZH_T16_0658_002:0218b28_2']	菩薩作是念：	菩薩作是念：	002	The bodhisattva thinks like this:
['ZH_T16_0658_002:0218c01_7']	『佛菩提無量無邊、世界無量無邊、佛所成熟眾生無量無邊，非我智力之所能知，惟佛與佛乃能究竟。	『佛菩提無量無邊、世界無量無邊、佛所成熟眾生無量無邊，非我智力之所能知，惟佛與佛乃能究竟。	002	The enlightenment of the Buddha is immeasurable and boundless, the worlds are immeasurable and boundless, the sentient beings matured by the Buddha are immeasurable and boundless. It is not something that my wisdom can know. Only the Buddhas can ultimately know it.
['ZH_T16_0658_002:0218c01_18']	』是名菩薩不恐畏發願。	』是名菩薩不恐畏發願。	002	This is called the bodhisattva's vow of fearlessness.
['ZH_T16_0658_002:0218c02_8']	「云何名菩薩無憂發願？	「云何名菩薩無憂發願？	002	What is called the bodhisattva's vow of no sorrow?
['ZH_T16_0658_002:0218c04_13']	菩薩見諸眾生癡無慧目、𢤱悷難調不可降伏、破戒懶墮眾惡悉具，為如此等深起厭心，求生淨土：	菩薩見諸眾生癡無慧目、𢤱悷難調不可降伏、破戒懶墮眾惡悉具，為如此等深起厭心，求生淨土：	002	The bodhisattva sees that sentient beings are foolish and lack wisdom, are stubborn and difficult to tame, cannot be subdued, break the precepts, are lazy and have all kinds of evil, and for such people he deeply gives rise to a mind of disgust and seeks to be born in a pure land:
['ZH_T16_0658_002:0218c05_17']	『願令我等不聞如是諸惡之名，當行慈悲、智慧具足。	『願令我等不聞如是諸惡之名，當行慈悲、智慧具足。	002	May we not hear the names of such evils. We should practice compassion and be fully endowed with wisdom.
['ZH_T16_0658_002:0218c06_6']	』菩薩發心便作是念：	』菩薩發心便作是念：	002	When the bodhisattva gives rise to this thought, he thinks like this:
['ZH_T16_0658_002:0218c09_13']	『一切世界中少智眾生，愚癡、瘖啞、無涅槃分、不生信心者，而為一切諸佛、菩薩之所棄捨，如此眾生我皆調伏，乃至坐於道場得阿耨多羅三藐三菩提。	『一切世界中少智眾生，愚癡、瘖啞、無涅槃分、不生信心者，而為一切諸佛、菩薩之所棄捨，如此眾生我皆調伏，乃至坐於道場得阿耨多羅三藐三菩提。	002	In all worlds, there are few wise sentient beings. The foolish, mute, and those without the capacity for nirvana do not give rise to faith. They are abandoned by all buddhas and bodhisattvas. Such sentient beings I will all tame, and finally sit at the site of enlightenment and attain supreme perfect enlightenment.
['ZH_T16_0658_002:0218c10_17']	』發此心時，一切魔宮悉皆震動，十方諸佛發聲讚歎：	』發此心時，一切魔宮悉皆震動，十方諸佛發聲讚歎：	002	When giving rise to this thought, all demon palaces will quake, and the buddhas of the ten directions will praise him with a sound:
['ZH_T16_0658_002:0218c11_8']	『莊嚴淨土，速成正覺。	『莊嚴淨土，速成正覺。	002	'Adorn the Pure Land and quickly attain perfect enlightenment.'
['ZH_T16_0658_002:0218c11_18']	』是名菩薩無憂發願。	』是名菩薩無憂發願。	002	This is called the bodhisattva's vow free from sorrow.
['ZH_T16_0658_002:0218c12_7']	「云何名菩薩具足發願？	「云何名菩薩具足發願？	002	What is meant by the bodhisattva's complete vow?
['ZH_T16_0658_002:0218c13_17']	菩薩發心誓願降魔、成阿耨多羅三藐三菩提，是名菩薩具足發願。	菩薩發心誓願降魔、成阿耨多羅三藐三菩提，是名菩薩具足發願。	002	The bodhisattva vows to subdue Mara and attain supreme perfect enlightenment. This is called the bodhisattva's complete vow.
['ZH_T16_0658_002:0218c14_16']	譬如油鉢若已平滿，更投一渧終不復受。	譬如油鉢若已平滿，更投一渧終不復受。	002	It is like an oil vessel that is already completely full, and will not accept even a single drop more.
['ZH_T16_0658_002:0218c16_1']	菩薩成佛，眾願滿足，亦復如是，更無減少一塵之願。	菩薩成佛，眾願滿足，亦復如是，更無減少一塵之願。	002	When the bodhisattva becomes a Buddha, his vows are completely fulfilled, and there is not a single vow lacking even a particle.
['ZH_T16_0658_002:0218c16_6']	「善男子！	「善男子！	002	Good man!
['ZH_T16_0658_002:0218c17_1']	具此十事是名菩薩方便具足發願。	具此十事是名菩薩方便具足發願。	002	Possessing these ten things is called the bodhisattva's complete vow through skillful means.
['ZH_T16_0658_002:0218c18_4']	「善男子！	「善男子！	002	Good man!
['ZH_T16_0658_002:0218c18_15']	菩薩復有十法名力具足。	菩薩復有十法名力具足。	002	Bodhisattvas have ten more dharmas called complete power.
['ZH_T16_0658_002:0218c18_20']	何等為十？	何等為十？	002	What are the ten?
['ZH_T16_0658_002:0218c21_16']	人不輕力、不為他所伏力、具福業力、具智慧力、具徒眾力、得神通力、自在之力、陀羅尼力、菩薩定持不可動力、所言無二力。	人不輕力、不為他所伏力、具福業力、具智慧力、具徒眾力、得神通力、自在之力、陀羅尼力、菩薩定持不可動力、所言無二力。	002	The power of not being slighted by others, the power of not being subdued by others, the power of possessing meritorious karma, the power of possessing wisdom, the power of possessing a retinue, the power of attaining spiritual powers, the power of mastery, the power of dhāraṇīs, the power of the unmovable concentration of bodhisattvas, and the power of what is said being non-dual.
['ZH_T16_0658_002:0218c22_6']	「云何名菩薩人不輕力？	「云何名菩薩人不輕力？	002	What is meant by the power of a bodhisattva not being slighted by others?
['ZH_T16_0658_002:0218c24_5']	一切外道、聲聞二乘無能過者，一切眾生亦無有與菩薩力等者，是名菩薩人不輕力。	一切外道、聲聞二乘無能過者，一切眾生亦無有與菩薩力等者，是名菩薩人不輕力。	002	No non-Buddhist, śrāvaka, or follower of the two vehicles can surpass it, and no sentient being can have a power equal to that of a bodhisattva. This is called the power of a bodhisattva not being slighted by others.
['ZH_T16_0658_002:0218c24_16']	「云何名菩薩具福業力？	「云何名菩薩具福業力？	002	What is meant by the power of a bodhisattva possessing meritorious karma?
['ZH_T16_0658_002:0218c26_11']	無有世間、出世間所修之福、功德莊嚴，能與菩薩力齊等者，是名菩薩具福業力。	無有世間、出世間所修之福、功德莊嚴，能與菩薩力齊等者，是名菩薩具福業力。	002	There is no worldly or supramundane merit or virtue that can be equal to the power of a bodhisattva. This is called the power of a bodhisattva possessing meritorious karma.
['ZH_T16_0658_002:0218c27_2']	「云何名菩薩具智慧力？	「云何名菩薩具智慧力？	002	What is meant by the power of a bodhisattva possessing wisdom?
['ZH_T16_0658_002:0218c28_10']	菩薩智力有所舉動，於前、後際無有錯謬，是名菩薩具智慧力。	菩薩智力有所舉動，於前、後際無有錯謬，是名菩薩具智慧力。	002	The power of a bodhisattva's wisdom is such that in all its movements, there is no error in the past or future. This is called the power of a bodhisattva possessing wisdom.
['ZH_T16_0658_002:0218c29_1']	「云何名菩薩具徒眾力？	「云何名菩薩具徒眾力？	002	What is meant by a Bodhisattva possessing the power of a retinue?
['ZH_T16_0658_002:0219a02_3']	菩薩徒眾不壞正見，無毀威儀，常修淨命，所攝大眾皆同菩薩正直之行，是名菩薩具徒眾力。	菩薩徒眾不壞正見，無毀威儀，常修淨命，所攝大眾皆同菩薩正直之行，是名菩薩具徒眾力。	002	A Bodhisattva's retinue does not destroy the correct view, does not violate proper conduct, always cultivates pure livelihood, and the great assembly that is gathered all shares in the Bodhisattva's upright practice. This is called a Bodhisattva possessing the power of a retinue.
['ZH_T16_0658_002:0219a02_14']	「云何名菩薩具神通力？	「云何名菩薩具神通力？	002	What is meant by a Bodhisattva possessing the power of spiritual penetrations?
['ZH_T16_0658_002:0219a07_17']	菩薩以世俗五通勝於聲聞二乘五通，能以一塵容閻浮提及四天下，或千世界、或二千世界、或三千大千世界，乃至恒河沙等三千大千世界，而微塵不增、世界不減，其中眾生亦不迫迮、無覺知想、不相妨礙，是名菩薩具神通力。	菩薩以世俗五通勝於聲聞二乘五通，能以一塵容閻浮提及四天下，或千世界、或二千世界、或三千大千世界，乃至恒河沙等三千大千世界，而微塵不增、世界不減，其中眾生亦不迫迮、無覺知想、不相妨礙，是名菩薩具神通力。	002	A Bodhisattva, with the five worldly spiritual penetrations, surpasses the five spiritual penetrations of the Sravakas and Pratyekabuddhas. He can contain Jambudvipa and the four continents, or a thousand worlds, or two thousand worlds, or a trichiliocosm, up to as many trichiliocosms as there are sands in the Ganges River, in a single dust mote. Yet the dust mote does not increase and the worlds do not decrease. The beings within do not feel cramped, do not have the thought of being aware of each other, and do not obstruct each other. This is called a Bodhisattva possessing the power of spiritual penetrations.
['ZH_T16_0658_002:0219a08_7']	「云何名菩薩得自在力？	「云何名菩薩得自在力？	002	What is meant by a Bodhisattva attaining the power of mastery?
['ZH_T16_0658_002:0219a10_7']	菩薩有自在力，欲使三千大千世界種種珍寶遍滿其中，即如其意，是名菩薩自在之力。	菩薩有自在力，欲使三千大千世界種種珍寶遍滿其中，即如其意，是名菩薩自在之力。	002	Bodhisattvas have mastery and wish to fill the trichiliocosm with various precious treasures, and it is immediately as they intend. This is called the power of mastery of bodhisattvas.
['ZH_T16_0658_002:0219a10_19']	「云何名菩薩得陀羅尼力？	「云何名菩薩得陀羅尼力？	002	What is called the power of dhāraṇī attained by bodhisattvas?
['ZH_T16_0658_002:0219a13_6']	菩薩若聞無量無邊諸佛說法，異聞、異字，能於一念種種音聲悉皆受持、思惟、修行，是名菩薩陀羅尼力。	菩薩若聞無量無邊諸佛說法，異聞、異字，能於一念種種音聲悉皆受持、思惟、修行，是名菩薩陀羅尼力。	002	If bodhisattvas hear the Dharma taught by innumerable buddhas, with different teachings and different words, they are able to receive and uphold all those various sounds in a single thought, contemplate them, and practice them. This is called the power of dhāraṇī of bodhisattvas.
['ZH_T16_0658_002:0219a14_1']	「云何名菩薩定持無戲動力？	「云何名菩薩定持無戲動力？	002	What is called the power of concentration and retention without playfulness of bodhisattvas?
['ZH_T16_0658_002:0219a15_6']	一切眾生無能擾壞令其心亂，是名菩薩定持不戲動力。	一切眾生無能擾壞令其心亂，是名菩薩定持不戲動力。	002	All sentient beings are unable to disturb or confuse their minds. This is called the power of concentration and retention without playfulness of bodhisattvas.
['ZH_T16_0658_002:0219a15_18']	「云何名菩薩所言無二力？	「云何名菩薩所言無二力？	002	What is called the power of non-duality in speech of bodhisattvas?
['ZH_T16_0658_002:0219a17_10']	菩薩心思後言，口無二語，惟除方便利益之說，是名菩薩言無二力。	菩薩心思後言，口無二語，惟除方便利益之說，是名菩薩言無二力。	002	Bodhisattvas think before speaking, and their mouths do not utter two words, except for expedient teachings that benefit others. This is called the power of non-duality in speech of bodhisattvas.
['ZH_T16_0658_002:0219a18_19']	若有記莂，終不錯謬，一切眾生所有智慧，無能出過菩薩之者。	若有記莂，終不錯謬，一切眾生所有智慧，無能出過菩薩之者。	002	If there is a prediction, it will never be mistaken. The wisdom possessed by all sentient beings cannot surpass that of the bodhisattvas.
['ZH_T16_0658_002:0219a19_4']	「善男子！	「善男子！	002	Good sons!
['ZH_T16_0658_002:0219a19_17']	具此十事是名菩薩得力具足。	具此十事是名菩薩得力具足。	002	Possessing these ten things is called the bodhisattvas' perfection of power.
['ZH_T16_0658_002:0219a20_4']	「善男子！	「善男子！	002	Good sons!
['ZH_T16_0658_002:0219a20_15']	菩薩復有十法名具足智。	菩薩復有十法名具足智。	002	Bodhisattvas have ten more dharmas called the perfection of wisdom.
['ZH_T16_0658_002:0219a20_20']	何等為十？	何等為十？	002	What are the ten?
['ZH_T16_0658_002:0219a25_3']	知人無我智具足、知法無我智具足、遍知諸方智具足、善知禪定境界處所具足、智持具足、無等智具足、善知眾生根行智具足、無作智具足、善知一切法相智具足、善知出世間智具足。	知人無我智具足、知法無我智具足、遍知諸方智具足、善知禪定境界處所具足、智持具足、無等智具足、善知眾生根行智具足、無作智具足、善知一切法相智具足、善知出世間智具足。	002	The perfection of the wisdom of knowing the non-self of persons, the perfection of the wisdom of knowing the non-self of dharmas, the perfection of knowing all directions, the perfection of well knowing the location of the realms of dhyāna concentration, the perfection of the wisdom dhāraṇī, the perfection of unequaled wisdom, the perfection of the wisdom of well knowing the faculties and practices of sentient beings, the perfection of non-action wisdom, the perfection of the wisdom of well knowing the characteristics of all dharmas, and the perfection of the wisdom of well knowing transcending the world.
['ZH_T16_0658_002:0219a25_14']	「云何名菩薩知人無我？	「云何名菩薩知人無我？	002	What is called the bodhisattvas' knowledge of the non-self of persons?
['ZH_T16_0658_002:0219a26_20']	觀五陰不堅、無牢固、虛妄、無真實，乃至滅謝亦不見有去。	觀五陰不堅、無牢固、虛妄、無真實，乃至滅謝亦不見有去。	002	Observing the five aggregates as being insubstantial, without firmness, false, and without true reality, up to their cessation, one also does not see any going.
['ZH_T16_0658_002:0219a27_5']	菩薩作是念：	菩薩作是念：	002	The bodhisattva thinks like this:
['ZH_T16_0658_002:0219a28_5']	『此五陰，無我、無眾生、無壽命、無養育、無人。	『此五陰，無我、無眾生、無壽命、無養育、無人。	002	'These five aggregates are without self, without sentient beings, without life, without nourishment, and without a person.
['ZH_T16_0658_002:0219a29_8']	凡夫愚人謂實有我故妄取我想，猶如鬼魅妖異所著。	凡夫愚人謂實有我故妄取我想，猶如鬼魅妖異所著。	002	Because ordinary foolish people think there really is a self, they mistakenly grasp the notion of self, just like being possessed by ghosts, spirits, or strange beings.
['ZH_T16_0658_002:0219b02_1']	眾生妄計亦復如是，或陰即是我、我即是陰，或陰是我所、我所是陰。	眾生妄計亦復如是，或陰即是我、我即是陰，或陰是我所、我所是陰。	002	The false calculations of sentient beings are also like this, either the aggregates are my self, or my self is the aggregates, or the aggregates are mine, or mine are the aggregates.
['ZH_T16_0658_002:0219b03_4']	著虛妄我，不見真實，於生死中如旋火輪，虛妄無實。	著虛妄我，不見真實，於生死中如旋火輪，虛妄無實。	002	Attached to the false self, they do not see the truth, and in birth and death they are like a whirling fire wheel, false and unreal.'
['ZH_T16_0658_002:0219b04_3']	』菩薩如實能知，是名菩薩知人無我具足。	』菩薩如實能知，是名菩薩知人無我具足。	002	The bodhisattva is able to know this as it truly is. This is called the bodhisattva's complete knowledge of the non-self of persons.
['ZH_T16_0658_002:0219b04_15']	「云何名菩薩觀法無我知？	「云何名菩薩觀法無我知？	002	What is meant by the bodhisattva's knowledge of observing the non-self of phenomena?
['ZH_T16_0658_002:0219b06_7']	如實相見生、見滅，知一切物猶如假借，但有名用，假施設生，無有實體。	如實相見生、見滅，知一切物猶如假借，但有名用，假施設生，無有實體。	002	Truly seeing arising and seeing cessation, knowing that all things are like borrowed, merely having names and functions, provisionally established as arising, without any real substance.
['ZH_T16_0658_002:0219b07_8']	假施設法亦不斷、不常，但從緣而生、從緣而滅。	假施設法亦不斷、不常，但從緣而生、從緣而滅。	002	The dharmas that are provisionally established are also neither annihilated nor eternal, but arise from conditions and cease due to conditions.
['ZH_T16_0658_002:0219b08_8']	菩薩如實而知諸法真實，是名觀法無我具足。	菩薩如實而知諸法真實，是名觀法無我具足。	002	Bodhisattvas truly understand the reality of all dharmas, which is called the perfection of contemplating the non-self of dharmas.
['ZH_T16_0658_002:0219b09_1']	「云何名菩薩一切處遍知？	「云何名菩薩一切處遍知？	002	What is meant by bodhisattvas' thorough knowledge of all places?
['ZH_T16_0658_002:0219b11_15']	一切處遍知者，非一剎那中知、非一剎那中不知，非此方知、彼方不知，而能普於十方得無礙智，是名菩薩一切處遍知。	一切處遍知者，非一剎那中知、非一剎那中不知，非此方知、彼方不知，而能普於十方得無礙智，是名菩薩一切處遍知。	002	Thorough knowledge of all places means not knowing in one instant and not not knowing in one instant, not knowing in this place and not not knowing in that place, but being able to attain unobstructed knowledge everywhere in the ten directions. This is called bodhisattvas' thorough knowledge of all places.
['ZH_T16_0658_002:0219b12_10']	「云何名菩薩善知禪定境界處所？	「云何名菩薩善知禪定境界處所？	002	What is meant by bodhisattvas' good knowledge of the locations of the realms of meditative absorption?
['ZH_T16_0658_002:0219b14_1']	知聲聞定、知辟支佛定、知菩薩定、知諸佛定，如是諸定皆悉了知。	知聲聞定、知辟支佛定、知菩薩定、知諸佛定，如是諸定皆悉了知。	002	They know the meditative absorptions of śrāvakas, know the meditative absorptions of pratyekabuddhas, know the meditative absorptions of bodhisattvas, and know the meditative absorptions of buddhas. They understand all such meditative absorptions.
['ZH_T16_0658_002:0219b14_17']	聲聞二乘但知自分境界，餘則不知；	聲聞二乘但知自分境界，餘則不知；	002	Śrāvakas of the two vehicles only know their own realms, not others;
['ZH_T16_0658_002:0219b17_5']	菩薩定者知己境界，兼知二乘及如來禪定，究竟定相以佛力故亦悉能知，是名菩薩善知禪定境界處所。	菩薩定者知己境界，兼知二乘及如來禪定，究竟定相以佛力故亦悉能知，是名菩薩善知禪定境界處所。	002	Bodhisattvas know their own realm of concentration, and also know the concentrations of the two vehicles and the Tathāgata, and with the power of the Buddha, they can also know the ultimate characteristics of concentration. This is called bodhisattvas' good knowledge of the locations of the realms of concentration.
['ZH_T16_0658_002:0219b17_16']	「云何名菩薩智持具足？	「云何名菩薩智持具足？	002	What is meant by bodhisattvas' perfection of upholding wisdom?
['ZH_T16_0658_002:0219b19_2']	菩薩善知聲聞持、辟支佛持、菩薩持，況餘眾生而不能知？	菩薩善知聲聞持、辟支佛持、菩薩持，況餘眾生而不能知？	002	Bodhisattvas well know the upholding of śrāvakas, pratyekabuddhas, and bodhisattvas, let alone other sentient beings that they are unable to know?
['ZH_T16_0658_002:0219b19_11']	是名菩薩智持具足。	是名菩薩智持具足。	002	This is called bodhisattvas' perfection of upholding wisdom.
['ZH_T16_0658_002:0219b20_3']	「云何名菩薩無等智具足？	「云何名菩薩無等智具足？	002	What is meant by bodhisattvas' perfection of unequaled wisdom?
['ZH_T16_0658_002:0219b22_2']	一切外道二乘諸智無有能及菩薩智者，惟除如來一切種智，是名菩薩無等智具足。	一切外道二乘諸智無有能及菩薩智者，惟除如來一切種智，是名菩薩無等智具足。	002	The wisdom of all non-Buddhists and the two vehicles is unable to match the wisdom of bodhisattvas, except for the Tathāgata's wisdom of all modes, which is called bodhisattvas' perfection of unequaled wisdom.
['ZH_T16_0658_002:0219b22_17']	「云何名菩薩善知眾生根行具足？	「云何名菩薩善知眾生根行具足？	002	What is meant by bodhisattvas' perfection of well knowing the faculties and practices of sentient beings?
['ZH_T16_0658_002:0219b29_9']	菩薩能以淨無礙智遍觀世界，有眾生能生菩提、有眾生不能生菩提、有眾生滿足菩提、有眾生不滿足菩提，有眾生住於初地乃至住於十地，有眾生坐於道場、有成正覺、有轉法輪乃至入般涅槃，有聲聞乘涅槃、有辟支佛乘涅槃，有生善趣者、有生惡趣者，是名菩薩善知眾生根行具足。	菩薩能以淨無礙智遍觀世界，有眾生能生菩提、有眾生不能生菩提、有眾生滿足菩提、有眾生不滿足菩提，有眾生住於初地乃至住於十地，有眾生坐於道場、有成正覺、有轉法輪乃至入般涅槃，有聲聞乘涅槃、有辟支佛乘涅槃，有生善趣者、有生惡趣者，是名菩薩善知眾生根行具足。	002	Bodhisattvas can use their pure unobstructed wisdom to thoroughly observe the worlds, knowing which sentient beings are able to give rise to bodhi, which sentient beings are unable to give rise to bodhi, which sentient beings have fulfilled bodhi, and which sentient beings have not fulfilled bodhi. They know which sentient beings abide on the first ground up to the tenth ground, which sentient beings sit at the site of enlightenment, which have attained perfect enlightenment, which turn the wheel of Dharma, and which enter parinirvāṇa. They know which śrāvakas have nirvāṇa and which pratyekabuddhas have nirvāṇa. They know which are reborn in good destinies and which are reborn in evil destinies. This is called the bodhisattvas' complete knowledge of the faculties and practices of sentient beings.
['ZH_T16_0658_002:0219c01_2']	「云何名菩薩無作智具足？	「云何名菩薩無作智具足？	002	What is meant by the bodhisattvas' complete knowledge of non-action?
['ZH_T16_0658_002:0219c02_1']	於四威儀——行、住、坐、臥——念念無作，心恒成就。	於四威儀——行、住、坐、臥——念念無作，心恒成就。	002	In the four deportments—walking, standing, sitting, and lying down—they are constantly mindful of non-action, and their minds are always accomplished.
['ZH_T16_0658_002:0219c02_18']	譬如有人於出入息乃至睡眠常無所作。	譬如有人於出入息乃至睡眠常無所作。	002	It is like a person who, in their in- and out-breaths and even in sleep, is always non-acting.
['ZH_T16_0658_002:0219c04_13']	菩薩如是，心無思惟亦非造作，而無礙智自然成就，是名菩薩無作智具足。	菩薩如是，心無思惟亦非造作，而無礙智自然成就，是名菩薩無作智具足。	002	Bodhisattvas are like this, without thought or fabrication, yet unobstructed wisdom is naturally accomplished. This is called the bodhisattvas' perfection of non-action wisdom.
['ZH_T16_0658_002:0219c05_8']	「云何名菩薩善知一切法相具足？	「云何名菩薩善知一切法相具足？	002	What is meant by the bodhisattvas' perfection of skillfully knowing the characteristics of all dharmas?
['ZH_T16_0658_002:0219c05_17']	了達諸法皆同一相。	了達諸法皆同一相。	002	It means thoroughly understanding that all dharmas are of the same characteristic.
['ZH_T16_0658_002:0219c06_3']	云何一相？	云何一相？	002	What is the one characteristic?
['ZH_T16_0658_002:0219c07_8']	皆盡空相，如幻相、虛妄相，是名菩薩善知一切法相具足。	皆盡空相，如幻相、虛妄相，是名菩薩善知一切法相具足。	002	It is the characteristic of emptiness, the characteristic of illusion, and the characteristic of falsehood. This is called the bodhisattvas' perfection of skillfully knowing the characteristics of all dharmas.
['ZH_T16_0658_002:0219c08_4']	「云何名菩薩善知出世間智具足？	「云何名菩薩善知出世間智具足？	002	What is meant by the bodhisattvas' perfection of skillfully knowing supramundane wisdom?
['ZH_T16_0658_002:0219c09_10']	菩薩知無漏智、出一切世間諸智，是名菩薩出世間智具足。	菩薩知無漏智、出一切世間諸智，是名菩薩出世間智具足。	002	Bodhisattvas know that uncontaminated wisdom transcends all mundane wisdoms. This is called the bodhisattvas' perfection of supramundane wisdom.
['ZH_T16_0658_002:0219c09_15']	「善男子！	「善男子！	002	Good man!
['ZH_T16_0658_002:0219c10_10']	具此十事是名菩薩得一切智滿足。	具此十事是名菩薩得一切智滿足。	002	Possessing these ten things is called the bodhisattvas' attainment of the perfection of omniscience.
['ZH_T16_0658_002:0219c10_15']	「善男子！	「善男子！	002	Good man!
['ZH_T16_0658_002:0219c11_7']	菩薩復有十法名得地三昧。	菩薩復有十法名得地三昧。	002	Bodhisattvas, possessing ten qualities, are called those who attain the samādhi of the stages.
['ZH_T16_0658_002:0219c11_12']	何等為十？	何等為十？	002	What are the ten?
['ZH_T16_0658_002:0219c16_7']	如地廣大無邊、如地一切眾生依止存濟、如地於一切眾生悉有育養之恩終不計恩、如地普能容受諸大雲雨、能為一切眾生依止住處、能生善種及一切種、如大寶器、能出一切大藥、不可傾動、不驚不畏。	如地廣大無邊、如地一切眾生依止存濟、如地於一切眾生悉有育養之恩終不計恩、如地普能容受諸大雲雨、能為一切眾生依止住處、能生善種及一切種、如大寶器、能出一切大藥、不可傾動、不驚不畏。	002	Just as the earth is vast and boundless, just as the earth is the support and sustenance for all sentient beings, just as the earth has the kindness of nurturing all sentient beings without ever calculating kindness, just as the earth can universally accommodate the great clouds and rain, can be the support and dwelling place for all sentient beings, can give rise to good seeds and all kinds of seeds, is like a great treasure vessel, can produce all great medicines, is unshakable, fearless, and unafraid.
['ZH_T16_0658_002:0219c16_20']	「云何名菩薩如地廣大無邊？	「云何名菩薩如地廣大無邊？	002	What is meant by bodhisattvas being like the earth, vast and boundless?
['ZH_T16_0658_002:0219c17_9']	周匝十方，無邊無量；	周匝十方，無邊無量；	002	Surrounding the ten directions, boundless and immeasurable;
['ZH_T16_0658_002:0219c18_19']	菩薩亦爾，功德、智慧、莊嚴、願行無邊無量，是名菩薩如地廣大無邊。	菩薩亦爾，功德、智慧、莊嚴、願行無邊無量，是名菩薩如地廣大無邊。	002	Bodhisattvas are also like this, with boundless and immeasurable merit, wisdom, adornments, vows, and practices. This is called bodhisattvas being like the earth, vast and boundless.
['ZH_T16_0658_002:0219c19_16']	「云何名菩薩如地一切眾生依止存濟？	「云何名菩薩如地一切眾生依止存濟？	002	What is meant by bodhisattvas being like the earth, the support and sustenance for all sentient beings?
['ZH_T16_0658_002:0219c20_11']	各從所欲稱意拯給，周濟無礙；	各從所欲稱意拯給，周濟無礙；	002	Each according to their desires, providing relief and assistance, universally supporting without obstruction;
['ZH_T16_0658_002:0219c22_16']	菩薩亦爾，施、戒、忍辱、精進、禪、智，乃至眾具皆悉與之，而心無限礙，是名菩薩如地一切眾生依止存濟。	菩薩亦爾，施、戒、忍辱、精進、禪、智，乃至眾具皆悉與之，而心無限礙，是名菩薩如地一切眾生依止存濟。	002	Bodhisattvas are also like this. They give charity, uphold precepts, practice patience, diligently cultivate, and attain dhyāna and wisdom, and even provide all kinds of necessities to sentient beings, yet their minds are unobstructed. This is called the bodhisattvas being like the earth, the support and sustenance for all sentient beings.
['ZH_T16_0658_002:0219c23_12']	「云何名菩薩有育養之恩而不望報？	「云何名菩薩有育養之恩而不望報？	002	What is meant by bodhisattvas nurturing and caring for others without expecting anything in return?
['ZH_T16_0658_002:0219c25_6']	猶如大地，等無好惡，加報不欣、無亦不恨，是名菩薩育養之恩而不望報。	猶如大地，等無好惡，加報不欣、無亦不恨，是名菩薩育養之恩而不望報。	002	It is like the great earth, which treats all equally, without discrimination. It does not rejoice in receiving gratitude, nor does it resent not receiving it. This is called the bodhisattvas nurturing and caring for others without expecting anything in return.
['ZH_T16_0658_002:0219c26_4']	「云何名菩薩如地普能容受大法雲雨？	「云何名菩薩如地普能容受大法雲雨？	002	What is meant by bodhisattvas being able to receive the great Dharma clouds and rain like the earth?
['ZH_T16_0658_002:0219c27_4']	亦如大地，天注雲雨，普皆容受，無不堪持；	亦如大地，天注雲雨，普皆容受，無不堪持；	002	It is like the great earth, which can receive and hold all the rain from the heavenly clouds without being overwhelmed;
['ZH_T16_0658_002:0219c29_13']	菩薩摩訶薩亦復如是，一切諸佛興大密雲普注法雨，如其所說悉能受持，是名菩薩如地普能容受大法雲雨。	菩薩摩訶薩亦復如是，一切諸佛興大密雲普注法雨，如其所說悉能受持，是名菩薩如地普能容受大法雲雨。	002	Bodhisattva-mahāsattvas are also like this. When all Buddhas give rise to great Dharma clouds and rain down the Dharma rain everywhere, they are able to receive and uphold it all as taught. This is called the bodhisattvas being able to receive the great Dharma clouds and rain like the earth.
['ZH_T16_0658_002:0220a01_11']	「云何名菩薩能為一切眾生依止住處？	「云何名菩薩能為一切眾生依止住處？	002	What is meant by bodhisattvas being able to be a support and dwelling place for all sentient beings?
['ZH_T16_0658_002:0220a02_18']	又如大地，草、木、叢林，一切眾生行、住、坐、臥皆依於地；	又如大地，草、木、叢林，一切眾生行、住、坐、臥皆依於地；	002	Moreover, it is like the great earth, where grasses, trees, forests, and all sentient beings walk, stand, sit, and lie down, all relying on the earth;
['ZH_T16_0658_002:0220a05_5']	菩薩亦爾，一切眾生修行善趣、二乘學法及以涅槃，一切皆因菩薩而有，是名菩薩能為一切眾生依止住處。	菩薩亦爾，一切眾生修行善趣、二乘學法及以涅槃，一切皆因菩薩而有，是名菩薩能為一切眾生依止住處。	002	Bodhisattvas are also like this, in that all sentient beings cultivate the good destinies, the teachings of the two vehicles, and nirvana, all of which are due to the bodhisattvas. This is called bodhisattvas being able to be a support and dwelling place for all sentient beings.
['ZH_T16_0658_002:0220a05_19']	「云何名菩薩善種子之所依處？	「云何名菩薩善種子之所依處？	002	What is meant by bodhisattvas being a support for good seeds?
['ZH_T16_0658_002:0220a06_13']	譬如大地，一切種子依地而生；	譬如大地，一切種子依地而生；	002	It is like the great earth, where all seeds grow relying on the earth;
['ZH_T16_0658_002:0220a08_7']	菩薩亦爾，一切善業天人種子皆依菩薩而生，是名菩薩善種子之所依處。	菩薩亦爾，一切善業天人種子皆依菩薩而生，是名菩薩善種子之所依處。	002	Bodhisattvas are also like this, in that all the seeds of good karma of heavenly beings and humans all grow relying on the bodhisattvas. This is called bodhisattvas being a support for good seeds.
['ZH_T16_0658_002:0220a08_18']	「云何名菩薩如大寶器？	「云何名菩薩如大寶器？	002	What is meant by bodhisattvas being like a great treasure vessel?
['ZH_T16_0658_002:0220a09_16']	譬如大地能出眾寶，是諸寶物皆出於地；	譬如大地能出眾寶，是諸寶物皆出於地；	002	It is like the great earth, which is able to produce various treasures, and all these treasures come from the earth;
['ZH_T16_0658_002:0220a11_11']	菩薩摩訶薩亦復如是，功德、善寶、一切樂果悉出菩薩，是名菩薩如大寶器。	菩薩摩訶薩亦復如是，功德、善寶、一切樂果悉出菩薩，是名菩薩如大寶器。	002	Bodhisattva-mahāsattvas are also like this. The treasures of merit and virtue and all the fruits of happiness come from the bodhisattvas. This is called the bodhisattvas being like a great treasure vessel.
['ZH_T16_0658_002:0220a12_4']	「云何名菩薩能出一切大藥？	「云何名菩薩能出一切大藥？	002	What is meant by bodhisattvas being able to produce all great medicines?
['ZH_T16_0658_002:0220a13_1']	譬如大地，出眾妙藥能治種種諸病；	譬如大地，出眾妙藥能治種種諸病；	002	It is like how the great earth produces various wonderful medicines that can cure all kinds of illnesses;
['ZH_T16_0658_002:0220a15_4']	菩薩摩訶薩亦復如是，能出一切諸妙法藥、能除一切諸煩惱病，是名菩薩能出一切大法藥器。	菩薩摩訶薩亦復如是，能出一切諸妙法藥、能除一切諸煩惱病，是名菩薩能出一切大法藥器。	002	Bodhisattva-mahāsattvas are also like this. They are able to produce all the wonderful Dharma medicines and eliminate all afflictive illnesses. This is called the bodhisattvas being able to produce the vessel of all great Dharma medicines.
['ZH_T16_0658_002:0220a15_15']	「云何名菩薩不可傾動？	「云何名菩薩不可傾動？	002	What is meant by bodhisattvas being unshakable?
['ZH_T16_0658_002:0220a16_16']	譬如大地，風不能動，蠅、蚋、蚤、蝎不能𮓪損；	譬如大地，風不能動，蠅、蚋、蚤、蝎不能𮓪損；	002	It is like how the great earth cannot be moved by the wind, and flies, gnats, fleas, and scorpions cannot harm it;
['ZH_T16_0658_002:0220a18_8']	菩薩摩訶薩亦復如是，一切內外諸緣逼惱不能擾動，是名菩薩不可傾動。	菩薩摩訶薩亦復如是，一切內外諸緣逼惱不能擾動，是名菩薩不可傾動。	002	Bodhisattva-mahāsattvas are also like this. They cannot be disturbed or moved by any internal or external conditions or afflictions. This is called the bodhisattvas being unshakable.
['ZH_T16_0658_002:0220a18_19']	「云何名菩薩不驚不畏？	「云何名菩薩不驚不畏？	002	What is meant by bodhisattvas not being frightened or afraid?
['ZH_T16_0658_002:0220a20_1']	譬如大地，師子、虎、狼、龍、象、雷電哮吼，不能驚畏；	譬如大地，師子、虎、狼、龍、象、雷電哮吼，不能驚畏；	002	It is like the great earth, which cannot be frightened or terrified by lions, tigers, wolves, dragons, elephants, thunder, or roars;
['ZH_T16_0658_002:0220a21_14']	菩薩摩訶薩亦復如是，一切外道九十六種所不能動，是名菩薩不驚不畏。	菩薩摩訶薩亦復如是，一切外道九十六種所不能動，是名菩薩不驚不畏。	002	Bodhisattva-mahāsattvas are also like this, they cannot be moved by any of the ninety-six kinds of non-Buddhist paths. This is called the bodhisattvas' lack of fear and terror.
['ZH_T16_0658_002:0220a21_19']	「善男子！	「善男子！	002	Good sons!
['ZH_T16_0658_002:0220a22_11']	具此十事是名菩薩得地三昧。	具此十事是名菩薩得地三昧。	002	Possessing these ten things is called the bodhisattvas' attainment of the samādhi of the stages.
['ZH_T16_0658_002:0220a23_4']	「善男子！	「善男子！	002	Good sons!
['ZH_T16_0658_002:0220a23_15']	菩薩復有十法譬如大水。	菩薩復有十法譬如大水。	002	Bodhisattvas have ten more qualities that are like great water.
['ZH_T16_0658_002:0220a23_20']	何等為十？	何等為十？	002	What are the ten?
['ZH_T16_0658_002:0220a28_2']	如水流注溉潤赴下、能生眾生善芽種子、欣樂敬信、浸爛一切煩惱根芽、如水清淨不濁、除滅一切熾熱之患、能除貪欲愛心之渴、深廣難度、如水澆溉高下皆滿、能除一切諸結塵垢。	如水流注溉潤赴下、能生眾生善芽種子、欣樂敬信、浸爛一切煩惱根芽、如水清淨不濁、除滅一切熾熱之患、能除貪欲愛心之渴、深廣難度、如水澆溉高下皆滿、能除一切諸結塵垢。	002	Like water flowing, irrigating, and filling up, able to grow the good sprouts and seeds of sentient beings, delighting in respect and faith, rotting away all the roots and sprouts of afflictions, like water's purity and lack of turbidity, extinguishing all the sufferings of burning heat, able to remove the thirst of the mind's craving and desire, being deep and vast and difficult to cross, like water's irrigation that fills up the high and low, able to remove all the dust and dirt of the bonds.
['ZH_T16_0658_002:0220a28_17']	「云何名菩薩如水流注溉潤赴下？	「云何名菩薩如水流注溉潤赴下？	002	What is meant by bodhisattvas being like flowing water that irrigates and descends?
['ZH_T16_0658_002:0220a29_6']	生長草木而各滋茂；	生長草木而各滋茂；	002	It causes grasses and trees to grow and flourish;
['ZH_T16_0658_002:0220b02_6']	菩薩亦復如是，以諸功德如水溉下，流潤微善亦令增長，是名菩薩如水流注溉潤赴下。	菩薩亦復如是，以諸功德如水溉下，流潤微善亦令增長，是名菩薩如水流注溉潤赴下。	002	Bodhisattvas are also like this. Using various merits like water to irrigate and moisten even the slightest goodness, it also causes it to increase and grow. This is called bodhisattvas being like flowing water that irrigates and descends.
['ZH_T16_0658_002:0220b03_2']	「云何名菩薩能生眾生善芽種子？	「云何名菩薩能生眾生善芽種子？	002	What is meant by bodhisattvas being able to produce the seeds of good sprouts in sentient beings?
['ZH_T16_0658_002:0220b03_17']	如水能潤草木、叢林，悉得生長；	如水能潤草木、叢林，悉得生長；	002	Like water being able to moisten grasses, trees, and thickets, all of them are able to grow;
['ZH_T16_0658_002:0220b05_18']	菩薩以禪定水澆潤覺意、正直道支令得增長，漸漸長養成一切智樹，是名菩薩能生善牙種子。	菩薩以禪定水澆潤覺意、正直道支令得增長，漸漸長養成一切智樹，是名菩薩能生善牙種子。	002	Bodhisattvas use the water of meditative concentration to moisten the factors of enlightenment and the branches of the noble path, causing them to increase and grow. Gradually nurturing them, they become the tree of omniscience. This is called bodhisattvas being able to produce the seeds of good sprouts.
['ZH_T16_0658_002:0220b08_5']	以若干種諸佛法果利益眾生，菩薩摩訶薩亦復如是，以清淨法增長流潤，是名菩薩能生善牙種子。	以若干種諸佛法果利益眾生，菩薩摩訶薩亦復如是，以清淨法增長流潤，是名菩薩能生善牙種子。	002	Using various kinds of fruits of the Buddha's teachings to benefit sentient beings, bodhisattva-mahāsattvas are also like this. Using pure dharmas to increase and flow, this is called bodhisattvas being able to produce the seeds of good sprouts.
['ZH_T16_0658_002:0220b08_16']	「云何名菩薩欣樂敬信？	「云何名菩薩欣樂敬信？	002	What is meant by bodhisattvas delighting in and having faith in?
['ZH_T16_0658_002:0220b09_7']	如水自濕，亦能濕彼；	如水自濕，亦能濕彼；	002	Just as water is wet by itself and can also wet others;
['ZH_T16_0658_002:0220b10_19']	菩薩亦復如是，身自恭敬信樂，亦能令他恭敬信樂，是名菩薩恭敬信樂。	菩薩亦復如是，身自恭敬信樂，亦能令他恭敬信樂，是名菩薩恭敬信樂。	002	Bodhisattvas are also like this. They themselves are respectful, faithful, and joyful, and can also cause others to be respectful, faithful, and joyful. This is called the respect, faith, and joy of bodhisattvas.
['ZH_T16_0658_002:0220b11_14']	「云何名菩薩浸爛一切煩惱根牙？	「云何名菩薩浸爛一切煩惱根牙？	002	What is meant by bodhisattvas rotting the roots and sprouts of all afflictions?
['ZH_T16_0658_002:0220b12_10']	譬如大水能浸草木根牙令使爛壞；	譬如大水能浸草木根牙令使爛壞；	002	It is just as great water can rot the roots and sprouts of grasses and trees, causing them to decay;
['ZH_T16_0658_002:0220b15_6']	菩薩摩訶薩亦復如是，修禪定水浸煩惱根牙令悉爛壞，乃至結使、習氣、垢穢悉皆無餘，是名菩薩浸爛一切煩惱根芽。	菩薩摩訶薩亦復如是，修禪定水浸煩惱根牙令悉爛壞，乃至結使、習氣、垢穢悉皆無餘，是名菩薩浸爛一切煩惱根芽。	002	Bodhisattva-mahāsattvas are also like this. They cultivate the water of meditative concentration to rot the roots and sprouts of afflictions, causing them all to decay, and even the latent afflictive tendencies and defilements are completely eliminated without remainder. This is called bodhisattvas rotting all the roots and sprouts of afflictions.
['ZH_T16_0658_002:0220b15_19']	「云何名菩薩如水清淨不濁？	「云何名菩薩如水清淨不濁？	002	What is meant by bodhisattvas being as pure and unpolluted as water?
['ZH_T16_0658_002:0220b16_8']	水之體性常恒不濁；	水之體性常恒不濁；	002	The essential nature of water is always unpolluted;
['ZH_T16_0658_002:0220b17_4']	菩薩摩訶薩亦復如是，體性不濁。	菩薩摩訶薩亦復如是，體性不濁。	002	Bodhisattva-mahāsattvas are also like this, with an essential nature that is unpolluted.
['ZH_T16_0658_002:0220b17_13']	云何菩薩體性不濁？	云何菩薩體性不濁？	002	How are bodhisattvas of unpolluted essential nature?
['ZH_T16_0658_002:0220b19_8']	結使、貪欲、瞋恚、愚癡悉斷無餘，善護諸根清淨如水，是名菩薩如水清淨不濁。	結使、貪欲、瞋恚、愚癡悉斷無餘，善護諸根清淨如水，是名菩薩如水清淨不濁。	002	The afflictions, greed, anger, and delusion are all eliminated without remainder. Well-guarding the sense faculties is pure like water. This is called the bodhisattva's purity like water, untainted.
['ZH_T16_0658_002:0220b20_4']	「云何名菩薩除滅一切熾熱之患？	「云何名菩薩除滅一切熾熱之患？	002	What is meant by the bodhisattva extinguishing all the afflictions of burning heat?
['ZH_T16_0658_002:0220b20_18']	譬如夏月，以水洗浴身則清涼；	譬如夏月，以水洗浴身則清涼；	002	For example, in the summer months, bathing with water cools the body;
['ZH_T16_0658_002:0220b22_8']	菩薩亦復如是，能以法水除煩惱熱，是名菩薩除滅一切熾熱之患。	菩薩亦復如是，能以法水除煩惱熱，是名菩薩除滅一切熾熱之患。	002	The bodhisattva is also like this. He is able to use the water of the Dharma to eliminate the heat of afflictions. This is called the bodhisattva extinguishing all the afflictions of burning heat.
['ZH_T16_0658_002:0220b23_4']	「云何名菩薩能除貪欲愛心之渴？	「云何名菩薩能除貪欲愛心之渴？	002	What is meant by the bodhisattva being able to eliminate the thirst of the mind of greed and desire?
['ZH_T16_0658_002:0220b23_13']	譬諸泉水能除人渴；	譬諸泉水能除人渴；	002	For example, springs can eliminate people's thirst;
['ZH_T16_0658_002:0220b25_11']	菩薩摩訶薩亦復如是，能以法水悉除眾生五欲之渴，是名菩薩能除貪欲愛心之渴。	菩薩摩訶薩亦復如是，能以法水悉除眾生五欲之渴，是名菩薩能除貪欲愛心之渴。	002	Bodhisattva-mahāsattvas are also like this. They are able to use the water of the Dharma to completely eliminate sentient beings' thirst for the five desires. This is called the bodhisattva being able to eliminate the thirst of the mind of greed and desire.
['ZH_T16_0658_002:0220b26_3']	「云何名菩薩深廣難渡？	「云何名菩薩深廣難渡？	002	What is meant by the bodhisattva being deep and vast, difficult to cross?
['ZH_T16_0658_002:0220b27_11']	禪定智水，一切眾魔及諸外道無能度者，是名菩薩深廣難度。	禪定智水，一切眾魔及諸外道無能度者，是名菩薩深廣難度。	002	The water of meditation and wisdom, which no demons or non-Buddhists can cross, is called the difficulty of crossing for bodhisattvas.
['ZH_T16_0658_002:0220b28_6']	「云何名菩薩如水澆溉高下皆滿？	「云何名菩薩如水澆溉高下皆滿？	002	What is meant by bodhisattvas watering high and low places equally?
['ZH_T16_0658_002:0220c01_4']	菩薩亦復如是，於善惡眾生以法水普潤令不苦惱，是名菩薩如水澆溉高下皆滿。	菩薩亦復如是，於善惡眾生以法水普潤令不苦惱，是名菩薩如水澆溉高下皆滿。	002	Bodhisattvas are also like this. They use the water of the Dharma to universally moisten good and evil beings, causing them no distress. This is called bodhisattvas watering high and low places equally.
['ZH_T16_0658_002:0220c01_19']	「云何名菩薩能除一切諸結塵垢？	「云何名菩薩能除一切諸結塵垢？	002	What is meant by bodhisattvas being able to remove the dust and defilements of all bonds?
['ZH_T16_0658_002:0220c03_14']	菩薩以禪定水淹灑六塵，諸根清淨，色、聲不染，是名菩薩能除一切諸結塵垢。	菩薩以禪定水淹灑六塵，諸根清淨，色、聲不染，是名菩薩能除一切諸結塵垢。	002	Bodhisattvas use the water of meditation to sprinkle the six sense objects, and the faculties become pure, unstained by form and sound. This is called bodhisattvas being able to remove the dust and defilements of all bonds.
['ZH_T16_0658_002:0220c03_19']	「善男子！	「善男子！	002	Good man!
['ZH_T16_0658_002:0220c04_11']	具此十事是名菩薩譬如大水。	具此十事是名菩薩譬如大水。	002	Possessing these ten things is called bodhisattvas being like great water.
['ZH_T16_0658_002:0220c05_4']	「善男子！	「善男子！	002	Good man!
['ZH_T16_0658_002:0220c05_15']	菩薩復有十法譬如大火。	菩薩復有十法譬如大火。	002	Bodhisattvas have ten more things that are like great fire.
['ZH_T16_0658_002:0220c05_20']	何等為十？	何等為十？	002	What are the ten?
['ZH_T16_0658_002:0220c09_3']	能燒一切結使之薪、能成熟一切佛法、能乾煩惱淤埿、如炬火聚、如火照明、能令驚怖、能令安慰、若有利養與眾共之、為人供養、人不敢輕。	能燒一切結使之薪、能成熟一切佛法、能乾煩惱淤埿、如炬火聚、如火照明、能令驚怖、能令安慰、若有利養與眾共之、為人供養、人不敢輕。	002	It can burn the firewood of all afflictions, it can ripen all Buddhist teachings, it can dry up the muddy mire of afflictions, like a torch, like a fire illuminating, it can cause fear, it can bring comfort, if there is gain it is shared with the assembly, it is worshipped by people, people do not dare to despise it.
['ZH_T16_0658_002:0220c09_18']	「云何名菩薩能燒一切結使之薪？	「云何名菩薩能燒一切結使之薪？	002	What is meant by bodhisattvas being able to burn the firewood of all afflictions?
['ZH_T16_0658_002:0220c10_9']	如火能燒草木及諸叢林；	如火能燒草木及諸叢林；	002	Just as fire can burn grasses, trees, and all thickets;
['ZH_T16_0658_002:0220c12_3']	菩薩亦爾，以智慧火能燒煩惱、結使叢林，是名菩薩能燒一切結使之薪。	菩薩亦爾，以智慧火能燒煩惱、結使叢林，是名菩薩能燒一切結使之薪。	002	Bodhisattvas are also like this, using the fire of wisdom they can burn the thicket of afflictions and fetters, this is called bodhisattvas being able to burn the firewood of all afflictions.
['ZH_T16_0658_002:0220c12_19']	「云何名菩薩如火能成熟一切諸物？	「云何名菩薩如火能成熟一切諸物？	002	What is meant by bodhisattvas being like fire able to ripen all things?
['ZH_T16_0658_002:0220c14_17']	菩薩亦復如是，以智慧火悉能成熟一切佛法、堅固不壞，是名菩薩成熟一切佛法。	菩薩亦復如是，以智慧火悉能成熟一切佛法、堅固不壞，是名菩薩成熟一切佛法。	002	Bodhisattvas are also like this, using the fire of wisdom they are able to ripen all Buddhist teachings, making them firm and indestructible, this is called bodhisattvas ripening all Buddhist teachings.
['ZH_T16_0658_002:0220c15_9']	「云何名菩薩能乾煩惱淤泥？	「云何名菩薩能乾煩惱淤泥？	002	What is meant by bodhisattvas being able to dry up the muddy mire of afflictions?
['ZH_T16_0658_002:0220c15_16']	如火能乾濕物；	如火能乾濕物；	002	Just as fire can dry up wet objects;
['ZH_T16_0658_002:0220c17_4']	菩薩亦爾，能以智火乾有漏淤泥，是名菩薩能乾煩惱淤埿。	菩薩亦爾，能以智火乾有漏淤泥，是名菩薩能乾煩惱淤埿。	002	Bodhisattvas are also like this, able to use the fire of wisdom to dry up the muddy mire of the contaminated, this is called the bodhisattva being able to dry up the muddy mire of afflictions.
['ZH_T16_0658_002:0220c17_15']	「云何名菩薩如炬火聚？	「云何名菩薩如炬火聚？	002	What is meant by the bodhisattva being like a torch?
['ZH_T16_0658_002:0220c18_7']	若人為寒所逼，得火則除；	若人為寒所逼，得火則除；	002	If a person is afflicted by cold, obtaining fire will remove it;
['ZH_T16_0658_002:0220c20_8']	菩薩亦復如是，見諸眾生為於煩惱寒苦所逼，菩薩以智慧火能令悉暖，是名菩薩如炬火聚。	菩薩亦復如是，見諸眾生為於煩惱寒苦所逼，菩薩以智慧火能令悉暖，是名菩薩如炬火聚。	002	Bodhisattvas are also like this, seeing that sentient beings are afflicted by the cold suffering of afflictions, the bodhisattvas use the fire of wisdom to be able to warm them all, this is called the bodhisattva being like a torch.
['ZH_T16_0658_002:0220c20_19']	「云何名菩薩如火照明？	「云何名菩薩如火照明？	002	What is meant by the bodhisattva being like a fire illuminating?
['ZH_T16_0658_002:0220c22_7']	譬如有人在雪山頂然大炬火，周匝百里及二百里皆悉照明；	譬如有人在雪山頂然大炬火，周匝百里及二百里皆悉照明；	002	It is like a person on the peak of a snow mountain lighting a great torch, illuminating all around for a hundred miles and two hundred miles;
['ZH_T16_0658_002:0220c24_10']	菩薩摩訶薩亦復如是，於無明山頂然智慧火聚，於百千世界皆得照明，是名菩薩如火照明。	菩薩摩訶薩亦復如是，於無明山頂然智慧火聚，於百千世界皆得照明，是名菩薩如火照明。	002	Bodhisattva-mahāsattvas are also like this, on the peak of ignorance lighting the torch of wisdom, in a hundred thousand worlds all are able to be illuminated, this is called the bodhisattva being like a fire illuminating.
['ZH_T16_0658_002:0220c25_1']	「云何名菩薩能令驚怖？	「云何名菩薩能令驚怖？	002	What is meant by the bodhisattva being able to cause fear?
['ZH_T16_0658_002:0220c25_20']	譬如獐、鹿、虎、豹見火驚恐，皆悉遠走；	譬如獐、鹿、虎、豹見火驚恐，皆悉遠走；	002	It is like deer, tigers, leopards, etc., seeing fire and being frightened, all running far away;
['ZH_T16_0658_002:0220c27_10']	若天、若魔及魔眷屬、見菩薩智火威德皆悉遠走，是名菩薩能令驚怪。	若天、若魔及魔眷屬、見菩薩智火威德皆悉遠走，是名菩薩能令驚怪。	002	If gods, demons, or demon followers see the majestic power of the bodhisattva's wisdom fire, they all run far away. This is called the bodhisattva's ability to cause alarm.
['ZH_T16_0658_002:0220c28_1']	「云何名菩薩能令安慰？	「云何名菩薩能令安慰？	002	What is meant by the bodhisattva's ability to bring comfort?
['ZH_T16_0658_002:0221a01_11']	譬如有人在曠野黑闇中迷失方所，遙見火聚便往趣之，或值聚落、放牧人處，得到彼已，恐怖悉除，心得安慰；	譬如有人在曠野黑闇中迷失方所，遙見火聚便往趣之，或值聚落、放牧人處，得到彼已，恐怖悉除，心得安慰；	002	It is like a person in the wilderness, in the darkness, confused and lost, seeing a fire in the distance and going towards it, perhaps encountering a village or a place where herders are, and upon reaching there, all fear is dispelled and the mind finds comfort;
['ZH_T16_0658_002:0221a04_11']	菩薩摩訶薩亦復如是，眾生於生死曠野黑闇之中迷失方所，遙見菩薩火聚而往趣之，到已，煩惱、怖畏悉得消除，是名菩薩能令安慰。	菩薩摩訶薩亦復如是，眾生於生死曠野黑闇之中迷失方所，遙見菩薩火聚而往趣之，到已，煩惱、怖畏悉得消除，是名菩薩能令安慰。	002	Bodhisattva-mahāsattvas are also like this. Sentient beings, in the wilderness and darkness of birth and death, confused and lost, seeing the fire of the bodhisattva in the distance and going towards it, upon reaching it, all afflictions and fears are dispelled. This is called the bodhisattva's ability to bring comfort.
['ZH_T16_0658_002:0221a05_4']	「云何名菩薩利養與眾共有？	「云何名菩薩利養與眾共有？	002	What is meant by the bodhisattva sharing gains and offerings with the assembly?
['ZH_T16_0658_002:0221a06_8']	譬如大火，能令王、若王等、旃陀羅、男、女等悉得火熅；	譬如大火，能令王、若王等、旃陀羅、男、女等悉得火熅；	002	It is like a great fire, which can warm kings, their equals, untouchables, men, and women, etc.;
['ZH_T16_0658_002:0221a09_3']	菩薩摩訶薩亦復如是，與一切眾生——王、若王等、若旃陀羅、男、女等——以智慧火消煩惱氷，悉令得熅，是名菩薩利養與眾共有。	菩薩摩訶薩亦復如是，與一切眾生——王、若王等、若旃陀羅、男、女等——以智慧火消煩惱氷，悉令得熅，是名菩薩利養與眾共有。	002	Bodhisattva-mahāsattvas are also like this. They give the fire of wisdom to all sentient beings - kings, their equals, untouchables, men, women, etc. - to melt the ice of afflictions, and cause them all to be warmed. This is called the bodhisattvas sharing the same benefits as the assembly.
['ZH_T16_0658_002:0221a09_14']	「云何名菩薩為人供養？	「云何名菩薩為人供養？	002	What is meant by the bodhisattvas being worshipped by people?
['ZH_T16_0658_002:0221a10_15']	譬如大火，剎利、婆羅門、城邑、聚落悉皆供養；	譬如大火，剎利、婆羅門、城邑、聚落悉皆供養；	002	It is like a great fire, which is worshipped by kṣatriyas, brahmins, city dwellers, and villagers;
['ZH_T16_0658_002:0221a12_16']	菩薩摩訶薩亦復如是，為天、人、阿修羅及魔眷屬悉皆恭敬供養如世尊像、是名菩薩為人供養。	菩薩摩訶薩亦復如是，為天、人、阿修羅及魔眷屬悉皆恭敬供養如世尊像、是名菩薩為人供養。	002	Bodhisattva-mahāsattvas are also like this. They are respectfully worshipped by devas, humans, asuras, and the retinue of Māra, like an image of the World-Honored One. This is called the bodhisattvas being worshipped by people.
['ZH_T16_0658_002:0221a13_7']	「云何名菩薩人不敢輕？	「云何名菩薩人不敢輕？	002	What is meant by the bodhisattvas being disrespected by people?
['ZH_T16_0658_002:0221a14_7']	譬如有人得一少火，以能燒故，心不敢輕；	譬如有人得一少火，以能燒故，心不敢輕；	002	It is like a person who obtains a small amount of fire, but because it can burn, they dare not disrespect it;
['ZH_T16_0658_002:0221a16_5']	菩薩摩訶薩亦復如是，初發一念之善未有大力，天、人、阿修羅及魔眷屬無能敢輕者。	菩薩摩訶薩亦復如是，初發一念之善未有大力，天、人、阿修羅及魔眷屬無能敢輕者。	002	Bodhisattva-mahāsattvas are also like this. The first thought of goodness has not yet great power, but none of the devas, humans, asuras, or the retinue of Māra dare to despise it.
['ZH_T16_0658_002:0221a16_9']	何以故？	何以故？	002	Why is it so?
['ZH_T16_0658_002:0221a17_18']	是人不久當坐道場成阿耨多羅三藐三菩提，是名菩薩人不敢輕。	是人不久當坐道場成阿耨多羅三藐三菩提，是名菩薩人不敢輕。	002	Because this person will soon sit at the site of enlightenment and attain supreme perfect enlightenment. This is called the bodhisattva that people dare not despise.
['ZH_T16_0658_002:0221a18_4']	「善男子！	「善男子！	002	Good sons!
['ZH_T16_0658_002:0221a18_17']	具此十事是名菩薩譬如大火。	具此十事是名菩薩譬如大火。	002	Possessing these ten things is called the bodhisattva being like a great fire.
['ZH_T16_0658_002:0221a19_4']	「善男子！	「善男子！	002	Good sons!
['ZH_T16_0658_002:0221a19_15']	菩薩復有十法猶如虛空。	菩薩復有十法猶如虛空。	002	Bodhisattvas have ten more dharmas like empty space.
['ZH_T16_0658_002:0221a19_20']	何等為十？	何等為十？	002	What are the ten?
['ZH_T16_0658_002:0221a22_15']	廣大無礙、寂滅無相、無邊空智、無邊空慧、廣大如法界、知一切法、相如虛空、一切法不住、出過一切形相、出過一切思議量數。	廣大無礙、寂滅無相、無邊空智、無邊空慧、廣大如法界、知一切法、相如虛空、一切法不住、出過一切形相、出過一切思議量數。	002	Vast and unobstructed, quiescent and extinct, signless, the wisdom of boundless empty space, the wisdom of boundless empty space, vast like the Dharma realm, knowing all dharmas, the characteristics being like empty space, all dharmas not abiding, transcending all forms and appearances, and transcending all conceivable measurements and numbers.
['ZH_T16_0658_002:0221a22_19']	善男子！	善男子！	002	Good sons!
['ZH_T16_0658_002:0221a23_12']	具此十事是名菩薩猶如虛空。	具此十事是名菩薩猶如虛空。	002	Possessing these ten things is called the bodhisattva being like empty space.
['ZH_T16_0658_002:0221a24_4']	「善男子！	「善男子！	002	Good sons!
['ZH_T16_0658_002:0221a24_15']	菩薩復有十法心如虛空。	菩薩復有十法心如虛空。	002	Bodhisattvas have ten more dharmas like empty space.
['ZH_T16_0658_002:0221a24_20']	何等為十？	何等為十？	002	What are the ten?
['ZH_T16_0658_002:0221a28_5']	若心所喜樂亦不著、心不喜樂亦不瞋，於色、聲、香、味、觸亦不著、不瞋，乃至於一切法亦不著、不瞋，於利衰、毀譽、稱譏、苦樂，於此四法亦不著、不瞋。	若心所喜樂亦不著、心不喜樂亦不瞋，於色、聲、香、味、觸亦不著、不瞋，乃至於一切法亦不著、不瞋，於利衰、毀譽、稱譏、苦樂，於此四法亦不著、不瞋。	002	If the mind is happy, it is also non-attached, and if the mind is unhappy, it is also non-angry. It is also non-attached and non-angry towards form, sound, smell, taste, and touch, and so forth, up to all dharmas. It is also non-attached and non-angry towards the four dharmas of benefit and harm, slander and praise, flattery and ridicule, suffering and happiness.
['ZH_T16_0658_002:0221a28_9']	善男子！	善男子！	002	Good sons!
['ZH_T16_0658_002:0221a29_2']	具此十事是名菩薩心如虛空。	具此十事是名菩薩心如虛空。	002	Having these ten things is called a bodhisattva's mind like empty space.
['ZH_T16_0658_002:0221a29_7']	「善男子！	「善男子！	002	Good sons!
['ZH_T16_0658_002:0221a29_18']	菩薩復有十法猶如滿月。	菩薩復有十法猶如滿月。	002	Bodhisattvas have ten more dharmas like the full moon.
['ZH_T16_0658_002:0221b01_2']	何等為十？	何等為十？	002	What are the ten?
['ZH_T16_0658_002:0221b05_1']	能使一切眾生得清涼樂、見者愛樂、能使善法日日漸增、能令惡法日日損減、如月盛滿、體相勝妙體性清淨、得無上乘、常自莊嚴、得法喜樂、乘第一乘有大神通威德自在。	能使一切眾生得清涼樂、見者愛樂、能使善法日日漸增、能令惡法日日損減、如月盛滿、體相勝妙體性清淨、得無上乘、常自莊嚴、得法喜樂、乘第一乘有大神通威德自在。	002	Able to cause all sentient beings to attain the bliss of coolness, to be loved by those who see them, able to cause wholesome dharmas to gradually increase day by day, able to cause unwholesome dharmas to diminish day by day, like the full moon, with an excellent and sublime body, with a pure nature, attaining the unsurpassed vehicle, always adorning oneself, attaining the bliss of delight in the Dharma, riding the foremost vehicle with great spiritual powers and majestic virtue.
['ZH_T16_0658_002:0221b05_18']	「云何名菩薩能與一切眾生作清涼樂？	「云何名菩薩能與一切眾生作清涼樂？	002	What is meant by bodhisattvas being able to bring the bliss of coolness to all sentient beings?
['ZH_T16_0658_002:0221b07_7']	如月天子初出之時，悉與眾生清淨快樂，而眾樂觀，心無疲厭；	如月天子初出之時，悉與眾生清淨快樂，而眾樂觀，心無疲厭；	002	When the moon-child first appears, it brings pure and blissful joy to all sentient beings, and they all delight in beholding it, without weariness in their minds;
['ZH_T16_0658_002:0221b09_14']	菩薩之月亦復如是，除其煩惱欝蒸之熱，皆令眾生得清涼樂，歡喜愛樂，是名菩薩能與一切眾生作清涼樂。	菩薩之月亦復如是，除其煩惱欝蒸之熱，皆令眾生得清涼樂，歡喜愛樂，是名菩薩能與一切眾生作清涼樂。	002	The moon of the bodhisattvas is also like this. It removes the heat of afflictions and causes all sentient beings to attain the bliss of coolness, joyfully and lovingly. This is called bodhisattvas being able to bring the bliss of coolness to all sentient beings.
['ZH_T16_0658_002:0221b10_6']	「云何名菩薩見者愛樂？	「云何名菩薩見者愛樂？	002	What is meant by bodhisattvas being loved by those who see them?
['ZH_T16_0658_002:0221b11_1']	如月初出，眾生喜見利喜快樂；	如月初出，眾生喜見利喜快樂；	002	When the moon first appears, sentient beings delight in beholding it, benefiting and rejoicing;
['ZH_T16_0658_002:0221b13_7']	菩薩之月亦復如是，初出之時，眾生喜見，無不悅樂，諸根寂定，如水澄清，威儀具足，是名菩薩見者愛樂。	菩薩之月亦復如是，初出之時，眾生喜見，無不悅樂，諸根寂定，如水澄清，威儀具足，是名菩薩見者愛樂。	002	The moon of the bodhisattva is also like this. When it first appears, sentient beings delight in seeing it, and all are pleased. The faculties are tranquil and still, like clear water, and the deportment is complete. This is called the bodhisattva that is loved by those who see it.
['ZH_T16_0658_002:0221b14_3']	「云何名菩薩能使善法日日增長？	「云何名菩薩能使善法日日增長？	002	What is meant by the bodhisattva being able to cause wholesome dharmas to increase day by day?
['ZH_T16_0658_002:0221b14_13']	如月初出，日日圓滿；	如月初出，日日圓滿；	002	It is like the moon at the beginning of the month, which becomes more and more full each day;
['ZH_T16_0658_002:0221b16_18']	菩薩之月亦復如是，從初發心漸漸增長，乃至菩提坐道樹下功德滿足，是名菩薩能使善法日日增長。	菩薩之月亦復如是，從初發心漸漸增長，乃至菩提坐道樹下功德滿足，是名菩薩能使善法日日增長。	002	The moon of the bodhisattva is also like this. From the initial generation of the mind, it gradually increases, until sitting under the tree of enlightenment, its merit is complete. This is called the bodhisattva being able to cause wholesome dharmas to increase day by day.
['ZH_T16_0658_002:0221b17_14']	「云何名菩薩能令惡法日日損減？	「云何名菩薩能令惡法日日損減？	002	What is meant by the bodhisattva being able to cause unwholesome dharmas to decrease day by day?
['ZH_T16_0658_002:0221b19_3']	譬如黑月，圓滿光明以漸損減，至月盡時光明悉滅，隱蔽不現；	譬如黑月，圓滿光明以漸損減，至月盡時光明悉滅，隱蔽不現；	002	It is like the dark moon, whose full and bright light gradually diminishes, until at the end of the month its light is completely extinguished and it disappears;
['ZH_T16_0658_002:0221b20_17']	菩薩一切眾惡次第漸滅，乃至菩提悉皆除盡，是名菩薩能令惡法日日損減。	菩薩一切眾惡次第漸滅，乃至菩提悉皆除盡，是名菩薩能令惡法日日損減。	002	The bodhisattva gradually extinguishes all evil, until at enlightenment it is completely eliminated. This is called the bodhisattva being able to cause unwholesome dharmas to decrease day by day.
['ZH_T16_0658_002:0221b21_8']	「云何名菩薩如月盛滿？	「云何名菩薩如月盛滿？	002	What is meant by the Bodhisattva being like the full moon?
['ZH_T16_0658_002:0221b23_3']	如從月初至盛滿時，眾所瞻仰，剎利、婆羅門、城邑、聚落、一切男女無不稱讚；	如從月初至盛滿時，眾所瞻仰，剎利、婆羅門、城邑、聚落、一切男女無不稱讚；	002	Just as the moon, from the beginning of the month until it is full, is looked up to by the masses, and is praised by all the men and women of the kshatriyas, brahmins, cities, and villages;
['ZH_T16_0658_002:0221b24_15']	菩薩之月亦復如是，常為天、人、一切眾生皆悉稱讚，是名菩薩如月盛滿。	菩薩之月亦復如是，常為天、人、一切眾生皆悉稱讚，是名菩薩如月盛滿。	002	The moon of the Bodhisattva is also like this. It is always praised by all beings, both celestial and human. This is called the Bodhisattva being like the full moon.
['ZH_T16_0658_002:0221b25_6']	「云何名菩薩體相清淨？	「云何名菩薩體相清淨？	002	What is meant by the Bodhisattva having a pure bodily form?
['ZH_T16_0658_002:0221b26_2']	如月天子身相清淨，是本業果報；	如月天子身相清淨，是本業果報；	002	The bodily form of the moon deity is pure, which is the result of his past karma;
['ZH_T16_0658_002:0221b28_5']	菩薩摩訶薩亦復如是，無垢清淨從化而生，不由父母精氣而生，從法而生，是名菩薩體相清淨。	菩薩摩訶薩亦復如是，無垢清淨從化而生，不由父母精氣而生，從法而生，是名菩薩體相清淨。	002	The Bodhisattva Mahasattva is also like this. He is born from transformation, without impurities or defilements, not born from the essence of his parents, but born from the Dharma. This is called the Bodhisattva having a pure bodily form.
['ZH_T16_0658_002:0221b28_16']	「云何名菩薩得無上乘？	「云何名菩薩得無上乘？	002	What is meant by the Bodhisattva attaining the unsurpassed vehicle?
['ZH_T16_0658_002:0221b29_9']	如月天子乘於淨乘照四天下；	如月天子乘於淨乘照四天下；	002	Just as the moon deity rides in a pure vehicle to illuminate the four continents;
['ZH_T16_0658_002:0221c02_13']	菩薩摩訶薩亦復如是，乘於大乘，能使無量百千萬億世界眾生悉皆照明，是名菩薩得無上乘。	菩薩摩訶薩亦復如是，乘於大乘，能使無量百千萬億世界眾生悉皆照明，是名菩薩得無上乘。	002	Bodhisattva-mahāsattvas are also like this. Riding the Great Vehicle, they can illuminate sentient beings in countless hundreds of thousands of myriads of millions of worlds. This is called the bodhisattvas attaining the unsurpassed vehicle.
['ZH_T16_0658_002:0221c03_4']	「云何名菩薩常自莊嚴？	「云何名菩薩常自莊嚴？	002	What is meant by the bodhisattvas always adorning themselves?
['ZH_T16_0658_002:0221c03_13']	如月天子華鬘顯現；	如月天子華鬘顯現；	002	Like the moon god's garland manifesting;
['ZH_T16_0658_002:0221c05_5']	菩薩摩訶薩亦復如是，常以功德瓔珞而自莊嚴，是名菩薩常自莊嚴。	菩薩摩訶薩亦復如是，常以功德瓔珞而自莊嚴，是名菩薩常自莊嚴。	002	Bodhisattva-mahāsattvas are also like this. They always adorn themselves with the necklace of merit and virtue. This is called the bodhisattvas always adorning themselves.
['ZH_T16_0658_002:0221c05_16']	「云何名菩薩得法喜樂？	「云何名菩薩得法喜樂？	002	What is meant by the bodhisattvas attaining the joy and pleasure of the Dharma?
['ZH_T16_0658_002:0221c06_10']	如月天子遊戲五欲，心常樂著；	如月天子遊戲五欲，心常樂著；	002	Like the moon god playing with the five desires, the mind always delights in attachment;
['ZH_T16_0658_002:0221c08_1']	菩薩亦復如是，遊戲諸法，心常喜樂，不染五欲，是名菩薩得法喜樂。	菩薩亦復如是，遊戲諸法，心常喜樂，不染五欲，是名菩薩得法喜樂。	002	The bodhisattvas are also like this. They play with all dharmas, and the mind always delights in them, without being tainted by the five desires. This is called the bodhisattvas attaining the joy and pleasure of the Dharma.
['ZH_T16_0658_002:0221c08_16']	「云何名菩薩有大神通威德自在？	「云何名菩薩有大神通威德自在？	002	What is meant by the bodhisattvas having great spiritual powers, majestic virtue, and mastery?
['ZH_T16_0658_002:0221c09_5']	如月天子有大威德；	如月天子有大威德；	002	Like the moon god having great majestic virtue;
['ZH_T16_0658_002:0221c11_1']	菩薩亦復如是，具諸功德、自在智慧、神通變化，隨意無礙，是名菩薩有大神通。	菩薩亦復如是，具諸功德、自在智慧、神通變化，隨意無礙，是名菩薩有大神通。	002	Bodhisattvas are also like this, possessing various merits, autonomous wisdom, spiritual powers, and transformations, freely without obstruction, this is called the bodhisattvas having great spiritual powers.
['ZH_T16_0658_002:0221c11_6']	「善男子！	「善男子！	002	Good sons!
['ZH_T16_0658_002:0221c11_19']	具此十事是名菩薩如月天子。	具此十事是名菩薩如月天子。	002	Possessing these ten things is called the bodhisattvas being like the moon-like celestial sons.Here is the corrected and aligned text:
['ZH_T16_0658_002:0221c12_100']	寶雲經卷第二	寶雲經卷第二	002	Bao yun jing, Scroll 2
