segmentnr	original	analyzed	folio	translated
['ZH_T01_0026_011:0493a03_0']	中阿含經卷第十一	中阿含經卷第十一	011	Middle Length Āgama Sutras, Scroll 11
['ZH_T01_0026_011:0493a05_0']	東晉罽賓三藏瞿曇僧伽提婆譯	東晉罽賓三藏瞿曇僧伽提婆譯	011	Translated by Gautama Saṃghadeva of Kaśmīra in the Eastern Jin
['ZH_T01_0026_011:0493a06_0']	6 王相應品中阿含王相應品第六有七經王相應品本有十四經	6 王相應品中阿含王相應品第六有七經王相應品本有十四經	011	Chapter 6: Connected with Kings, in the Middle Length Āgamas, has seven sutras. The original version has fourteen sutras.
['ZH_T01_0026_011:0493a08_0']	七寶、相、四洲　　牛糞、摩竭王	七寶、相、四洲　　牛糞、摩竭王	011	Seven Treasures, Marks, Four Continents, Cow Dung, King of Magadha🔽Vaiśālī, Licchavi,
['ZH_T01_0026_011:0493a09_0']	鞞婆麗陵耆　　天使最在後	鞞婆麗陵耆　　天使最在後	011	The Final Messenger
['ZH_T01_0026_011:0493a11_4']	58 七寶經（五八）中阿含王相應品七寶經第一我聞如是：	58 七寶經（五八）中阿含王相應品七寶經第一我聞如是：	011	Saptaratna-sūtra (Skt. saptaratna), (58) Chapter on Kings in the Middle Length Āgamas, Saptaratna-sūtra, Part 1. I have heard thus:
['ZH_T01_0026_011:0493a12_2']	一時，佛遊舍衛國，在勝林給孤獨園。	一時，佛遊舍衛國，在勝林給孤獨園。	011	Once, the Buddha was dwelling in the country of Śrāvastī, in the Jeta Grove, Anāthapiṇḍada-ārāma.
['ZH_T01_0026_011:0493a12_12']	爾時，世尊告諸比丘：	爾時，世尊告諸比丘：	011	At that time, the World-Honored One told the bhikṣus:
['ZH_T01_0026_011:0493a13_11']	「若轉輪王出於世時，當知便有七寶出世。	「若轉輪王出於世時，當知便有七寶出世。	011	When a wheel-turning king appears in the world, know that the seven treasures will appear in the world.
['ZH_T01_0026_011:0493a13_16']	云何為七？	云何為七？	011	What are the seven?
['ZH_T01_0026_011:0493a15_3']	輪寶、象寶、馬寶、珠寶、女寶、居士寶、主兵臣寶，是謂為七。	輪寶、象寶、馬寶、珠寶、女寶、居士寶、主兵臣寶，是謂為七。	011	The treasure of the wheel, the treasure of the elephant, the treasure of the horse, the treasure of the jewel, the treasure of the woman, the treasure of the householder, and the treasure of the counselor. These are called the seven.
['ZH_T01_0026_011:0493a16_3']	若轉輪王出於世時，當知有此七寶出世。	若轉輪王出於世時，當知有此七寶出世。	011	When a wheel-turning king appears in the world, know that these seven treasures also appear in the world.
['ZH_T01_0026_011:0493a17_14']	如是如來、無所著、等正覺出於世時，當知亦有七覺支寶出於世間。	如是如來、無所著、等正覺出於世時，當知亦有七覺支寶出於世間。	011	In the same way, when a Tathāgata, free from attachment and fully awakened, appears in the world, know that the seven factors of awakening also appear in the world.
['ZH_T01_0026_011:0493a18_1']	云何為七？	云何為七？	011	What are the seven?
['ZH_T01_0026_011:0493a19_17']	念覺支寶、擇法覺支、精進覺支、喜覺支、息覺支、定覺支、捨覺支寶，是謂為七。	念覺支寶、擇法覺支、精進覺支、喜覺支、息覺支、定覺支、捨覺支寶，是謂為七。	011	The treasure of the factor of awakening of mindfulness, the treasure of the factor of awakening of investigating phenomena, the treasure of the factor of awakening of energy, the treasure of the factor of awakening of joy, the treasure of the factor of awakening of tranquility, the treasure of the factor of awakening of concentration, and the treasure of the factor of awakening of equanimity—these are the seven.
['ZH_T01_0026_011:0493a21_6']	如來、無所著、等正覺出於世時，當知有此七覺支寶出於世間。	如來、無所著、等正覺出於世時，當知有此七覺支寶出於世間。	011	When a Tathāgata, free from attachment and fully awakened, appears in the world, know that these seven factors of awakening appear in the world.
['ZH_T01_0026_011:0493a21_12']	」佛說如是。	」佛說如是。	011	The Buddha spoke thus.
['ZH_T01_0026_011:0493a22_7']	彼諸比丘聞佛所說，歡喜奉行。	彼諸比丘聞佛所說，歡喜奉行。	011	Those bhikṣus, having heard the Buddha's words, rejoiced and practiced them.
['ZH_T01_0026_011:0493a26_4']	七寶經第一竟一百八十二字59 三十二相經（五九）中阿含王相應品三十二相經第二初一日誦我聞如是：	七寶經第一竟一百八十二字59 三十二相經（五九）中阿含王相應品三十二相經第二初一日誦我聞如是：	011	Sutra of the Thirty-two Marks (59) Chapter 2, Sutra of the Thirty-two Marks, First Day's Recitation, Middle Length Āgama Sutras, Connected Discourses with Kings I have heard thus:
['ZH_T01_0026_011:0493a27_2']	一時，佛遊舍衛國，在勝林給孤獨園。	一時，佛遊舍衛國，在勝林給孤獨園。	011	Once, the Buddha was dwelling in the country of Shravasti, in the Jeta Grove, Anathapindika's Park.
['ZH_T01_0026_011:0493a28_3']	爾時，諸比丘於中食後集坐講堂，共論此事：	爾時，諸比丘於中食後集坐講堂，共論此事：	011	At that time, after the midday meal, the bhikṣus gathered in the lecture hall and discussed this matter together:
['ZH_T01_0026_011:0493a28_7', 'ZH_T01_0026_011:0493a28_10']	「諸賢！🔽甚奇！	「諸賢！ 甚奇！	011	Virtuous ones!🔽How amazing!
['ZH_T01_0026_011:0493a28_13']	甚特！	甚特！	011	How special!
['ZH_T01_0026_011:0493a29_11']	大人成就三十二相，必有二處真諦不虛。	大人成就三十二相，必有二處真諦不虛。	011	If a great person possesses the thirty-two marks, there are necessarily two true and non-false destinies.
['ZH_T01_0026_011:0493b02_3']	若在家者，必為轉輪王，聰明智慧，有四種軍，整御天下，由己自在；	若在家者，必為轉輪王，聰明智慧，有四種軍，整御天下，由己自在；	011	If they stay at home, they will certainly become a wheel-turning king, wise and intelligent, with a fourfold army, ruling the world, sovereign by their own power;
['ZH_T01_0026_011:0493b06_11']	如法法王成就七寶，彼七寶者，輪寶、象寶、馬寶、珠寶、女寶、居士寶、主兵臣寶，是為七，千子具足，顏貌端正，勇猛無畏，能伏他眾，彼必統領此一切地乃至大海，不以刀杖，以法教令，令得安樂。	如法法王成就七寶，彼七寶者，輪寶、象寶、馬寶、珠寶、女寶、居士寶、主兵臣寶，是為七，千子具足，顏貌端正，勇猛無畏，能伏他眾，彼必統領此一切地乃至大海，不以刀杖，以法教令，令得安樂。	011	like a Dharma king who has accomplished the seven treasures. Those seven treasures are the wheel treasure, the elephant treasure, the horse treasure, the jewel treasure, the woman treasure, the steward treasure, and the military commander treasure. These are the seven. With a full thousand sons, handsome, brave, and fearless, able to subdue other armies, they will certainly rule over this entire land up to the great ocean, without using swords or sticks, teaching and transforming by the Dharma, bringing them peace and happiness.
['ZH_T01_0026_011:0493b08_15']	若剃除鬚髮，著袈裟衣，至信、捨家、無家、學道者，必得如來、無所著、等正覺，名稱流布，周聞十方。	若剃除鬚髮，著袈裟衣，至信、捨家、無家、學道者，必得如來、無所著、等正覺，名稱流布，周聞十方。	011	If one shaves off their beard and hair, dons the monastic robes, leaves the household life out of true faith, and practices the path, they will surely attain to be a Tathāgata, free from attachment, a Perfectly Enlightened One, with a renowned and far-reaching reputation.
['ZH_T01_0026_011:0493b10_12']	」爾時，世尊在於燕坐，以淨天耳出過於人，聞諸比丘於中食後集坐講堂，共論此事：	」爾時，世尊在於燕坐，以淨天耳出過於人，聞諸比丘於中食後集坐講堂，共論此事：	011	At that time, the World-Honored One was sitting in meditation. With his pure divine hearing, which surpasses human hearing, he heard the monks gathering in the Dharma hall after their midday meal to discuss this matter:
['ZH_T01_0026_011:0493b10_16', 'ZH_T01_0026_011:0493b10_19']	「諸賢！🔽甚奇！	「諸賢！ 甚奇！	011	Virtuous ones!🔽How marvelous!
['ZH_T01_0026_011:0493b11_1']	甚特！	甚特！	011	How extraordinary!
['ZH_T01_0026_011:0493b11_19']	大人成就三十二相，必有二處真諦不虛。	大人成就三十二相，必有二處真諦不虛。	011	A great person endowed with thirty-two marks will surely have two true and unerring destinies.
['ZH_T01_0026_011:0493b13_11']	若在家者，必為轉輪王，聰明智慧，有四種軍，整御天下，由己自在；	若在家者，必為轉輪王，聰明智慧，有四種軍，整御天下，由己自在；	011	If they remain at home, they will surely become a wheel-turning king, wise and intelligent, with the four types of troops, ruling the world and enjoying sovereignty;
['ZH_T01_0026_011:0493b17_17']	如法法王成就七寶，彼七寶者，輪寶、象寶、馬寶、珠寶、女寶、居士寶、主兵臣寶，是為七，千子具足，顏貌端正，勇猛無畏，能伏他眾，彼必統領此一切地乃至大海，不以刀杖，以法教令，令得安樂。	如法法王成就七寶，彼七寶者，輪寶、象寶、馬寶、珠寶、女寶、居士寶、主兵臣寶，是為七，千子具足，顏貌端正，勇猛無畏，能伏他眾，彼必統領此一切地乃至大海，不以刀杖，以法教令，令得安樂。	011	Like the Dharma King who has accomplished the seven treasures. Those seven treasures are the wheel treasure, the elephant treasure, the horse treasure, the jewel treasure, the woman treasure, the steward treasure, and the military commander treasure. These are the seven. He is fully endowed with a thousand sons, with upright features, courageous and fearless, able to subdue other armies. He will certainly rule over all these lands up to the great ocean, without using sword or staff, but with the Dharma to teach and bring them peace and happiness.
['ZH_T01_0026_011:0493b19_21']	若剃除鬚髮，著袈裟衣，至信、捨家、無家、學道者，必得如來、無所著、等正覺，名稱流布，周聞十方。	若剃除鬚髮，著袈裟衣，至信、捨家、無家、學道者，必得如來、無所著、等正覺，名稱流布，周聞十方。	011	If he shaves his beard and hair, dons the monastic robes, leaves home out of faith, becomes homeless, and practices the path, he will certainly attain the state of a Tathāgata, free from attachment and fully awakened, with his fame spreading and being heard in the ten directions.
['ZH_T01_0026_011:0493b21_13']	」世尊聞已，則於晡時從燕坐起，往詣講堂比丘眾前敷座而坐，問諸比丘：	」世尊聞已，則於晡時從燕坐起，往詣講堂比丘眾前敷座而坐，問諸比丘：	011	Having heard this, the World-Honored One then rose from his afternoon meditation and went to the lecture hall where the assembly of monks was gathered. He sat down on the prepared seat and asked the monks:
['ZH_T01_0026_011:0493b22_7']	「汝等今日共論何事集坐講堂？	「汝等今日共論何事集坐講堂？	011	What was the topic of your discussion when you gathered in the lecture hall today?
['ZH_T01_0026_011:0493b22_16']	」時，諸比丘白曰：	」時，諸比丘白曰：	011	Then the monks said:
['ZH_T01_0026_011:0493b22_20']	「世尊！	「世尊！	011	World-Honored One!
['ZH_T01_0026_011:0493b23_11']	我等今日集坐講堂共論此事：	我等今日集坐講堂共論此事：	011	Today we were sitting together in the lecture hall discussing this matter:
['ZH_T01_0026_011:0493b23_15', 'ZH_T01_0026_011:0493b23_18']	『諸賢！🔽甚奇！	『諸賢！ 甚奇！	011	'Virtuous ones!🔽How marvelous!
['ZH_T01_0026_011:0493b24_1']	甚特！	甚特！	011	How extraordinary!
['ZH_T01_0026_011:0493b24_19']	大人成就三十二相，必有二處真諦不虛。	大人成就三十二相，必有二處真諦不虛。	011	If a great person possesses the thirty-two marks, there are two true and non-false destinies.
['ZH_T01_0026_011:0493b26_11']	若在家者，必為轉輪王，聰明智慧，有四種軍，整御天下，由己自在；	若在家者，必為轉輪王，聰明智慧，有四種軍，整御天下，由己自在；	011	If they stay at home, they will surely become a wheel-turning king, wise and intelligent, with the four types of troops, governing the world, and having sovereignty over themselves;
['ZH_T01_0026_011:0493c01_17']	如法法王成就七寶，彼七寶者，輪寶、象寶、馬寶、珠寶、女寶、居士寶、主兵臣寶，是為七，千子具足，顏貌端正，勇猛無畏，能伏他眾，彼必統領此一切地乃至大海，不以刀杖，以法教令，令得安樂。	如法法王成就七寶，彼七寶者，輪寶、象寶、馬寶、珠寶、女寶、居士寶、主兵臣寶，是為七，千子具足，顏貌端正，勇猛無畏，能伏他眾，彼必統領此一切地乃至大海，不以刀杖，以法教令，令得安樂。	011	like a Dharma king who has accomplished the seven treasures. Those seven treasures are the wheel treasure, the elephant treasure, the horse treasure, the jewel treasure, the woman treasure, the steward treasure, and the military commander treasure. These are the seven. With a full one thousand sons, they have upright features, are brave and fearless, able to subdue other armies. They will surely rule over all this land up to the great ocean, without using swords or sticks, but with the Dharma to teach and bring them peace and happiness.'
['ZH_T01_0026_011:0493c04_2']	若剃除鬚髮，著袈裟衣，至信、捨家、無家、學道者，必得如來、無所著、等正覺，名稱流布，周聞十方。	若剃除鬚髮，著袈裟衣，至信、捨家、無家、學道者，必得如來、無所著、等正覺，名稱流布，周聞十方。	011	If one shaves off their beard and hair, dons the monastic robes, goes forth from the household life into homelessness, and practices the path, they will surely attain to be a Tathāgata, free from attachment and fully awakened, with a good reputation spreading in all directions.
['ZH_T01_0026_011:0493c04_6']	』世尊！	』世尊！	011	World-Honored One!
['ZH_T01_0026_011:0493c04_19']	我等共論如此事故集坐講堂。	我等共論如此事故集坐講堂。	011	This is the topic we were discussing together as we sat in the Dharma Hall.
['ZH_T01_0026_011:0493c05_7']	」於是，世尊告曰：	」於是，世尊告曰：	011	Then the World-Honored One said:
['ZH_T01_0026_011:0493c05_11']	「比丘！	「比丘！	011	Monks!
['ZH_T01_0026_011:0493c06_5']	汝等欲得從如來聞三十二相耶？	汝等欲得從如來聞三十二相耶？	011	Do you wish to hear from the Tathāgata about the thirty-two marks?
['ZH_T01_0026_011:0493c07_2']	謂大人所成，必有二處真諦不虛。	謂大人所成，必有二處真諦不虛。	011	It is said that when a great man possesses them, there are two possibilities that are true and not false.
['ZH_T01_0026_011:0493c08_13']	若在家者，必為轉輪王，聰明智慧，有四種軍，整御天下，由己自在；	若在家者，必為轉輪王，聰明智慧，有四種軍，整御天下，由己自在；	011	If they remain at home, they will surely become a wheel-turning monarch, wise and intelligent, with a fourfold army that rules the land, sovereign over the entire world,
['ZH_T01_0026_011:0493c13_1']	如法法王成就七寶，彼七寶者，輪寶、象寶、馬寶、珠寶、女寶、居士寶、主兵臣寶，是為七，千子具足，顏貌端正，勇猛無畏，能伏他眾，彼必統領此一切地乃至大海，不以刀杖，以法教令，令得安樂。	如法法王成就七寶，彼七寶者，輪寶、象寶、馬寶、珠寶、女寶、居士寶、主兵臣寶，是為七，千子具足，顏貌端正，勇猛無畏，能伏他眾，彼必統領此一切地乃至大海，不以刀杖，以法教令，令得安樂。	011	Like the Dharma King who has accomplished the seven treasures. Those seven treasures are the wheel treasure, the elephant treasure, the horse treasure, the jewel treasure, the woman treasure, the steward treasure, and the military commander treasure - these are the seven. With a thousand sons, handsome, brave, and fearless, able to subdue other armies, he will certainly rule over all these lands up to the great ocean, without using sword or staff, but with the Dharma to teach and bring them peace and happiness.
['ZH_T01_0026_011:0493c15_4']	若剃除鬚髮，著袈裟衣，至信、捨家、無家、學道者，必得如來、無所著、等正覺，名稱流布，周聞十方。	若剃除鬚髮，著袈裟衣，至信、捨家、無家、學道者，必得如來、無所著、等正覺，名稱流布，周聞十方。	011	If he shaves his beard and hair, dons the monastic robes, leaves home out of faith, becomes homeless, and practices the path, he will certainly attain the state of a Tathāgata, free from attachment and fully awakened, with his fame spreading and being heard in the ten directions.
['ZH_T01_0026_011:0493c15_16']	」時，諸比丘聞已，白曰：	」時，諸比丘聞已，白曰：	011	Then, the bhikṣus, having heard this, said:
['ZH_T01_0026_011:0493c15_20']	「世尊！	「世尊！	011	World-Honored One!
['ZH_T01_0026_011:0493c16_2']	今正是時。	今正是時。	011	Now is the right time.
['ZH_T01_0026_011:0493c16_5']	善逝！	善逝！	011	Sugata!
['ZH_T01_0026_011:0493c16_10']	今正是時。	今正是時。	011	Now is the right time.
['ZH_T01_0026_011:0493c17_15']	若世尊為諸比丘說三十二相者，諸比丘聞已當善受持。	若世尊為諸比丘說三十二相者，諸比丘聞已當善受持。	011	If the World-Honored One would explain the thirty-two marks to the bhikṣus, the bhikṣus, having heard it, would thoroughly retain it.
['ZH_T01_0026_011:0493c18_1']	」世尊告曰：	」世尊告曰：	011	The World-Honored One said:
['ZH_T01_0026_011:0493c18_6']	「諸比丘！	「諸比丘！	011	Bhikṣus!
['ZH_T01_0026_011:0493c18_12']	諦聽，諦聽！	諦聽，諦聽！	011	Listen carefully, listen carefully!
['ZH_T01_0026_011:0493c19_4']	善思念之，吾當為汝廣分別說。	善思念之，吾當為汝廣分別說。	011	Contemplate it well and I will explain it in detail for you.
['ZH_T01_0026_011:0493c19_15']	」時，諸比丘受教而聽。	」時，諸比丘受教而聽。	011	Then the bhikṣus listened as instructed.
['ZH_T01_0026_011:0493c19_18']	佛言：	佛言：	011	The Buddha said:
['ZH_T01_0026_011:0493c20_12']	「大人足安平立，是謂大人大人之相。	「大人足安平立，是謂大人大人之相。	011	The feet of a great man are level and stable when standing. This is called a mark of a great man.
['ZH_T01_0026_011:0493c22_2', 'ZH_T01_0026_011:0493c23_1']	復次，大人足下生輪，輪有千輻，一切具足，是謂大人大人之相。🔽復次，大人足指纖長，是謂大人大人之相。	復次，大人足下生輪，輪有千輻，一切具足，是謂大人大人之相。 復次，大人足指纖長，是謂大人大人之相。	011	Furthermore, a great man's feet have wheels with a thousand spokes, all complete. This is called a mark of a great man.🔽Furthermore, a great man's toes are slender and long. This is called a mark of a great man.
['ZH_T01_0026_011:0493c23_20', 'ZH_T01_0026_011:0493c25_3']	復次，大人足周正直，是謂大人大人之相。🔽復次，大人足跟踝後兩邊平滿，是謂大人大人之相。	復次，大人足周正直，是謂大人大人之相。 復次，大人足跟踝後兩邊平滿，是謂大人大人之相。	011	Furthermore, a great man's feet are straight and symmetrical. This is called a mark of a great man.🔽Furthermore, a great man's heels and ankles on both sides are full and even. This is called a mark of a great man.
['ZH_T01_0026_011:0493c26_2']	復次，大人足兩踝𦟛，是謂大人大人之相。	復次，大人足兩踝𦟛，是謂大人大人之相。	011	Furthermore, a great man's two ankles are straight. This is called a mark of a great man.
['ZH_T01_0026_011:0493c27_1', 'ZH_T01_0026_011:0493c28_4']	復次，大人身毛上向，是謂大人大人之相。🔽復次，大人手足網縵，猶如鴈王，是謂大人大人之相。	復次，大人身毛上向，是謂大人大人之相。 復次，大人手足網縵，猶如鴈王，是謂大人大人之相。	011	Furthermore, the body hair of a great man points upwards, this is called a great man's mark of a great man.🔽Furthermore, the hands and feet of a great man are webbed, like the king of geese, this is called a great man's mark of a great man.
['ZH_T01_0026_011:0493c29_12']	復次，大人手足極妙柔弱軟敷，猶兜羅華，是謂大人大人之相。	復次，大人手足極妙柔弱軟敷，猶兜羅華，是謂大人大人之相。	011	Furthermore, the hands and feet of a great man are extremely delicate and soft, like a cotton flower, this is called a great man's mark of a great man.
['ZH_T01_0026_011:0494a01_16']	復次，大人肌皮軟細，塵水不著，是謂大人大人之相。	復次，大人肌皮軟細，塵水不著，是謂大人大人之相。	011	Furthermore, the skin of a great man is soft and fine, dust and water do not adhere to it, this is called a great man's mark of a great man.
['ZH_T01_0026_011:0494a03_16', 'ZH_T01_0026_011:0494a05_1']	「復次，大人一一毛，一一毛者，身一孔一毛生，色若紺青，如螺右旋，是謂大人大人之相。🔽復次，大人鹿𨄔腸，猶如鹿王，是謂大人大人之相。	「復次，大人一一毛，一一毛者，身一孔一毛生，色若紺青，如螺右旋，是謂大人大人之相。 復次，大人鹿𨄔腸，猶如鹿王，是謂大人大人之相。	011	Furthermore, each hair of a great man, each hair on the body grows from a single pore, the color is like dark blue, like a conch spiraling to the right, this is called a great man's mark of a great man.🔽Furthermore, the shanks of a great man are like those of an antelope, like the king of deer, this is called a great man's mark of a great man.
['ZH_T01_0026_011:0494a06_3']	復次，大人陰馬藏，猶良馬王，是謂大人大人之相。	復次，大人陰馬藏，猶良馬王，是謂大人大人之相。	011	Furthermore, the genitals of a great man are concealed like those of a fine horse king, this is called a great man's mark of a great man.
['ZH_T01_0026_011:0494a07_17']	復次，大人身形圓好，猶如尼拘類樹，上下圓相稱，是謂大人大人之相。	復次，大人身形圓好，猶如尼拘類樹，上下圓相稱，是謂大人大人之相。	011	Furthermore, the body of a great man is perfectly round, like a nyagrodha tree, with the upper and lower parts well-proportioned, this is called a great man's mark of a great man.
['ZH_T01_0026_011:0494a09_11']	復次，大人身不阿曲，身不曲者，平立申手以摩其膝，是謂大人大人之相。	復次，大人身不阿曲，身不曲者，平立申手以摩其膝，是謂大人大人之相。	011	Furthermore, the body of a great man is not crooked. One who is not crooked, when standing upright, can reach one's knees with one's hands, this is called a great man's mark of a great man.
['ZH_T01_0026_011:0494a10_15']	復次，大人身黃金色，如紫磨金，是謂大人大人之相。	復次，大人身黃金色，如紫磨金，是謂大人大人之相。	011	Furthermore, the body of a great man is golden in color, like purple-gold, this is called a great man's mark of a great man.
['ZH_T01_0026_011:0494a12_7']	復次，大人身七處滿，七處滿者，兩手、兩足、兩肩及頸，是謂大人大人之相。	復次，大人身七處滿，七處滿者，兩手、兩足、兩肩及頸，是謂大人大人之相。	011	Furthermore, the body of a great man has seven prominent parts. The seven prominent parts are the two hands, two feet, two shoulders, and the neck. This is called a great man's mark of a great man.
['ZH_T01_0026_011:0494a13_11', 'ZH_T01_0026_011:0494a14_10']	復次，大人其上身大，猶如師子，是謂大人大人之相。🔽復次，大人師子頰車，是謂大人大人之相。	復次，大人其上身大，猶如師子，是謂大人大人之相。 復次，大人師子頰車，是謂大人大人之相。	011	Furthermore, the upper body of a great man is large, like a lion, this is called a great man's mark of a great man.🔽Furthermore, a great man has lion-like jaws, this is called a great man's mark of a great man.
['ZH_T01_0026_011:0494a15_8']	「復次，大人脊背平直，是謂大人大人之相。	「復次，大人脊背平直，是謂大人大人之相。	011	Furthermore, the back of a great man is straight, this is called a great man's mark of a great man.
['ZH_T01_0026_011:0494a16_12']	復次，大人兩肩上連，通頸平滿，是謂大人大人之相。	復次，大人兩肩上連，通頸平滿，是謂大人大人之相。	011	Furthermore, the shoulders of a great man are connected, and the neck is full and even, this is called a great man's mark of a great man.
['ZH_T01_0026_011:0494a18_5']	復次，大人四十齒牙、平齒、不踈齒、白齒、通味第一味，是謂大人大人之相。	復次，大人四十齒牙、平齒、不踈齒、白齒、通味第一味，是謂大人大人之相。	011	Furthermore, a great man has forty teeth, even teeth, no gaps between the teeth, white teeth, and the foremost taste in flavors, this is called a great man's mark of a great man.
['ZH_T01_0026_011:0494a19_13']	復次，大人梵音可愛，其聲猶如加羅毘伽，是謂大人大人之相。	復次，大人梵音可愛，其聲猶如加羅毘伽，是謂大人大人之相。	011	Furthermore, a great man has a lovely Brahma voice, his voice is like a karavīka bird, this is called a great man's mark of a great man.
['ZH_T01_0026_011:0494a21_6']	復次，大人廣長舌，廣長舌者，舌從口出遍覆其面，是謂大人大人之相。	復次，大人廣長舌，廣長舌者，舌從口出遍覆其面，是謂大人大人之相。	011	Furthermore, a great man has a broad and long tongue, with a broad and long tongue, the tongue comes out of the mouth and covers the entire face, this is called a great man's mark of a great man.
['ZH_T01_0026_011:0494a22_10']	復次，大人承淚處滿，猶如牛王，是謂大人大人之相。	復次，大人承淚處滿，猶如牛王，是謂大人大人之相。	011	Furthermore, a great man's tear-receiving places are full, like a bull king, this is called a great man's mark of a great man.
['ZH_T01_0026_011:0494a23_11']	復次，大人眼色紺青，是謂大人大人之相。	復次，大人眼色紺青，是謂大人大人之相。	011	Furthermore, a great man's eyes are the color of blue lapis lazuli, this is called a great man's mark of a great man.
['ZH_T01_0026_011:0494a25_1']	復次，大人頂有肉髻，團圓相稱，髮螺右旋，是謂大人大人之相。	復次，大人頂有肉髻，團圓相稱，髮螺右旋，是謂大人大人之相。	011	Furthermore, a great man has a flesh-topknot on the head, round and symmetrical, with hair curling to the right, this is called a great man's mark of a great man.
['ZH_T01_0026_011:0494a26_5']	復次，大人眉間生毛，潔白右縈，是謂大人大人之相。	復次，大人眉間生毛，潔白右縈，是謂大人大人之相。	011	Furthermore, the hair between the eyebrows of a great man is pure white and curls to the right. This is called a mark of a great man.
['ZH_T01_0026_011:0494a26_10']	「諸比丘！	「諸比丘！	011	Bhikṣus!
['ZH_T01_0026_011:0494a27_10']	大人成就此三十二相，必有二處真諦不虛。	大人成就此三十二相，必有二處真諦不虛。	011	If a great man possesses these thirty-two marks, there are necessarily two true and non-false destinies.
['ZH_T01_0026_011:0494a29_2']	若在家者，必為轉輪王，聰明智慧，有四種軍，整御天下，由己自在；	若在家者，必為轉輪王，聰明智慧，有四種軍，整御天下，由己自在；	011	If he stays at home, he will certainly become a wheel-turning king, wise and intelligent, with the four types of troops, ruling the world, sovereign by his own right;
['ZH_T01_0026_011:0494b04_11']	如法法王成就七寶，彼七寶者，輪寶、象寶、馬寶、珠寶、女寶、居士寶、主兵臣寶，是為七，千子具足，顏貌端正，勇猛無畏，能伏他眾，彼必統領此一切地乃至大海，不以刀杖，以法教令，令得安樂。	如法法王成就七寶，彼七寶者，輪寶、象寶、馬寶、珠寶、女寶、居士寶、主兵臣寶，是為七，千子具足，顏貌端正，勇猛無畏，能伏他眾，彼必統領此一切地乃至大海，不以刀杖，以法教令，令得安樂。	011	like a Dharma king who has accomplished the seven treasures. Those seven treasures are the wheel treasure, the elephant treasure, the horse treasure, the jewel treasure, the woman treasure, the steward treasure, and the military commander treasure. These are the seven. He will have a full one thousand sons, with upright features, courageous and fearless, able to subdue other armies. He will certainly rule over this entire land up to the great ocean, without using sword or staff, but with the Dharma to teach and bring them peace and happiness.
['ZH_T01_0026_011:0494b06_15']	若剃除鬚髮，著袈裟衣，至信、捨家、無家、學道者，必得如來、無所著、等正覺，名稱流布，周聞十方。	若剃除鬚髮，著袈裟衣，至信、捨家、無家、學道者，必得如來、無所著、等正覺，名稱流布，周聞十方。	011	If one shaves off their beard and hair, dons the monastic robes, leaves home out of faith, becomes homeless, and practices the path, they will surely attain to be a Tathāgata, free from attachment and fully enlightened, with a reputation that spreads and is heard in all ten directions.
['ZH_T01_0026_011:0494b06_21']	」佛說如是。	」佛說如是。	011	The Buddha spoke thus.
['ZH_T01_0026_011:0494b07_13']	彼諸比丘聞佛所說，歡喜奉行。	彼諸比丘聞佛所說，歡喜奉行。	011	Those bhikṣus, having heard what the Buddha said, rejoiced and practiced accordingly.
['ZH_T01_0026_011:0494b10_4']	三十二相經第二竟千六百八字60 四洲經（六〇）中阿含王相應品四洲經第三初一日誦我聞如是：	三十二相經第二竟千六百八字60 四洲經（六〇）中阿含王相應品四洲經第三初一日誦我聞如是：	011	The Sūtra on the Four Continents (60) In the Middle Length Āgamas, the Chapter on Kings, the Sūtra on the Four Continents, the third, the first section for daily recitation I have heard thus:
['ZH_T01_0026_011:0494b11_1']	一時，佛遊舍衛國，在勝林給孤獨園。	一時，佛遊舍衛國，在勝林給孤獨園。	011	Once, the Buddha was wandering in the country of Shravasti, staying in the Jeta Grove, Anathapindika's Park.
['ZH_T01_0026_011:0494b12_2', 'ZH_T01_0026_011:0494b13_8']	爾時，尊者阿難在安靜處，燕坐思惟而作是念：🔽「世人甚少少能於欲有滿足意，少有厭患於欲而命終者；	爾時，尊者阿難在安靜處，燕坐思惟而作是念： 「世人甚少少能於欲有滿足意，少有厭患於欲而命終者；	011	At that time, the Venerable Ananda was sitting in meditation in a quiet place, and had this thought:🔽In the world, very few people are content with desires, and even fewer are disgusted with desires and die.
['ZH_T01_0026_011:0494b14_13']	世人於欲有滿足意，厭患於欲而命終者，為甚難得。	世人於欲有滿足意，厭患於欲而命終者，為甚難得。	011	In the world, those who are content with desires and disgusted with desires and die are very difficult to find.
['ZH_T01_0026_011:0494b16_7']	」尊者阿難則於晡時從燕坐起，往詣佛所，到已作禮，却住一面，白曰：	」尊者阿難則於晡時從燕坐起，往詣佛所，到已作禮，却住一面，白曰：	011	Venerable Ānanda then rose from his solitary meditation in the afternoon, went to the Buddha, paid homage, stood to one side, and said:
['ZH_T01_0026_011:0494b16_11']	「世尊！	「世尊！	011	World-Honored One!
['ZH_T01_0026_011:0494b17_6']	我今在安靜處，燕坐思惟而作是念：	我今在安靜處，燕坐思惟而作是念：	011	I was contemplating in a secluded place and had this thought:
['ZH_T01_0026_011:0494b18_13']	『世人甚少少能於欲有滿足意，少有厭患於欲而命終者；	『世人甚少少能於欲有滿足意，少有厭患於欲而命終者；	011	'In the world, very few people are able to have a sense of satisfaction with desires, and even fewer are able to die with a sense of disgust towards desires;
['ZH_T01_0026_011:0494b20_1']	世人於欲有滿足意，厭患於欲而命終者，為甚難得。	世人於欲有滿足意，厭患於欲而命終者，為甚難得。	011	it is extremely difficult to find people in the world who have a sense of satisfaction with desires and die with a sense of disgust towards desires.'
['ZH_T01_0026_011:0494b20_8']	』」佛告阿難：	』」佛告阿難：	011	 The Buddha told Ānanda:
['ZH_T01_0026_011:0494b20_15']	「如是，如是。	「如是，如是。	011	So it is, so it is.
['ZH_T01_0026_011:0494b21_17']	世人甚少少能於欲有滿足意，少有厭患於欲而命終者。	世人甚少少能於欲有滿足意，少有厭患於欲而命終者。	011	In the world, very few people are able to have a sense of satisfaction with desires, and even fewer are able to die with a sense of disgust towards desires.
['ZH_T01_0026_011:0494b22_2']	阿難！	阿難！	011	Ānanda!
['ZH_T01_0026_011:0494b23_7']	世人於欲有滿足意，厭患於欲而命終者，為甚難得。	世人於欲有滿足意，厭患於欲而命終者，為甚難得。	011	It is extremely difficult to find people in the world who have a sense of satisfaction with desires and die with a sense of disgust towards desires.
['ZH_T01_0026_011:0494b23_10']	阿難！	阿難！	011	Ānanda!
['ZH_T01_0026_011:0494b24_17']	世人極甚難得，極甚難得於欲有滿足意，厭患於欲而命終者。	世人極甚難得，極甚難得於欲有滿足意，厭患於欲而命終者。	011	It is extremely difficult to find in the world someone who is fully satisfied with desires and who becomes disgusted with desires and passes away.
['ZH_T01_0026_011:0494b25_2']	阿難！	阿難！	011	Ānanda!
['ZH_T01_0026_011:0494b26_8']	但世間人甚多甚多，於欲無滿足意，不厭患欲而命終也。	但世間人甚多甚多，於欲無滿足意，不厭患欲而命終也。	011	But in the world there are very many, very many, who are not fully satisfied with desires and who do not become disgusted with desires and pass away.
['ZH_T01_0026_011:0494b26_13']	所以者何？	所以者何？	011	Why is it so?
['ZH_T01_0026_011:0494b26_16']	阿難！	阿難！	011	Ānanda!
['ZH_T01_0026_011:0494c03_19']	往昔有王名曰頂生，作轉輪王，聰明智慧，有四種軍，整御天下，由己自在，如法法王成就七寶，彼七寶者，輪寶、象寶、馬寶、珠寶、女寶、居士寶、主兵臣寶，是為七，千子具足，顏貌端正，勇猛無畏，能伏他眾，彼必統領此一切地乃至大海，不以刀杖，以法教令，令得安樂。	往昔有王名曰頂生，作轉輪王，聰明智慧，有四種軍，整御天下，由己自在，如法法王成就七寶，彼七寶者，輪寶、象寶、馬寶、珠寶、女寶、居士寶、主兵臣寶，是為七，千子具足，顏貌端正，勇猛無畏，能伏他眾，彼必統領此一切地乃至大海，不以刀杖，以法教令，令得安樂。	011	In the past there was a king named Mūrdhaja, who became a wheel-turning king, wise and intelligent, with a fourfold army, who ruled the earth, being sovereign by his own right, a righteous Dharma king who had attained the seven treasures. Those seven treasures were: the wheel treasure, the elephant treasure, the horse treasure, the jewel treasure, the woman treasure, the steward treasure, and the military commander treasure. These were the seven. He had a thousand sons, all of them handsome, brave, and fearless, able to subdue other armies. He certainly ruled over this entire earth up to the ocean, without using the sword and staff, but with Dharma teaching and command, bringing them peace and happiness.
['ZH_T01_0026_011:0494c04_2']	阿難！	阿難！	011	Ānanda!
['ZH_T01_0026_011:0494c05_2']	彼頂生王而於後時極大久遠，便作是念：	彼頂生王而於後時極大久遠，便作是念：	011	King Mūrdhaja, after a very long time, had this thought:
['ZH_T01_0026_011:0494c07_3']	『我有閻浮洲，極大富樂，多有人民，我有七寶，千子具足，我欲於宮雨寶七日，積至于膝。	『我有閻浮洲，極大富樂，多有人民，我有七寶，千子具足，我欲於宮雨寶七日，積至于膝。	011	'I have Jambudvīpa, which is extremely wealthy, prosperous, and populous. I have the seven treasures and a full one thousand sons. I wish to have treasure rain down in my palace for seven days, accumulating up to my knees.'
['ZH_T01_0026_011:0494c07_7']	』阿難！	』阿難！	011	Ānanda!
['ZH_T01_0026_011:0494c09_11']	彼頂生王有大如意足，有大威德，有大福祐，有大威神，適發心已，即於宮中雨寶七日，積至于膝。	彼頂生王有大如意足，有大威德，有大福祐，有大威神，適發心已，即於宮中雨寶七日，積至于膝。	011	King Mūrdhaja had great spiritual powers, great authority, great blessings, and great spiritual power. As soon as he had this thought, treasure rained down in his palace for seven days, accumulating up to his knees.
['ZH_T01_0026_011:0494c09_15']	「阿難！	「阿難！	011	Ānanda!
['ZH_T01_0026_011:0494c10_13']	彼頂生王而於後時極大久遠，復作是念：	彼頂生王而於後時極大久遠，復作是念：	011	King Mūrdhaja, after a very long time, had this thought:
['ZH_T01_0026_011:0494c12_15']	『我有閻浮洲，極大富樂，多有人民，我有七寶，千子具足，及於宮中雨寶七日，積至于膝。	『我有閻浮洲，極大富樂，多有人民，我有七寶，千子具足，及於宮中雨寶七日，積至于膝。	011	'I have Jambudvīpa, which is extremely wealthy, prosperous, and populous. I have the seven treasures and a full one thousand sons. And treasure rained down in my palace for seven days, accumulating up to my knees.
['ZH_T01_0026_011:0494c14_6']	我憶曾從古人聞之，西方有洲名瞿陀尼，極大富樂，多有人民。	我憶曾從古人聞之，西方有洲名瞿陀尼，極大富樂，多有人民。	011	I remember hearing from the ancients that in the west there is a continent called Godānīya, which is extremely wealthy, pleasant, and populous.
['ZH_T01_0026_011:0494c15_2']	我今欲往見瞿陀尼洲，到已整御。	我今欲往見瞿陀尼洲，到已整御。	011	I now wish to go and see the Godānīya continent, and govern it after arriving there.'
['ZH_T01_0026_011:0494c15_6']	』阿難！	』阿難！	011	Ānanda!
['ZH_T01_0026_011:0494c17_11']	彼頂生王有大如意足，有大威德，有大福祐，有大威神，適發心已，即以如意足乘虛而去，及四種軍。	彼頂生王有大如意足，有大威德，有大福祐，有大威神，適發心已，即以如意足乘虛而去，及四種軍。	011	That King Mūrdhaja had great spiritual powers, great authority, great blessings, and great spiritual power. As soon as he had this thought, he immediately used his spiritual powers to ascend into the sky and departed, together with the four divisions of his army.
['ZH_T01_0026_011:0494c17_14']	阿難！	阿難！	011	Ānanda!
['ZH_T01_0026_011:0494c18_10']	彼頂生王即時往到住瞿陀尼洲。	彼頂生王即時往到住瞿陀尼洲。	011	That King Mūrdhaja then went and arrived at the Godānīya continent.
['ZH_T01_0026_011:0494c18_13']	阿難！	阿難！	011	Ānanda!
['ZH_T01_0026_011:0494c19_16']	彼頂生王住已整御瞿陀尼洲，乃至無量百千萬歲。	彼頂生王住已整御瞿陀尼洲，乃至無量百千萬歲。	011	King Mūrdhaja resided there and governed the Godānīya continent for an innumerable number of hundreds of thousands of years.
['ZH_T01_0026_011:0494c19_20']	「阿難！	「阿難！	011	Ānanda!
['ZH_T01_0026_011:0494c20_17']	彼頂生王而於後時極大久遠，復作是念：	彼頂生王而於後時極大久遠，復作是念：	011	That King Mūrdhaja, after a very long time, had this thought again:
['ZH_T01_0026_011:0494c23_10']	『我有閻浮洲，極大富樂，多有人民，我有七寶，千子具足，及於宮中雨寶七日，積至于膝，我亦復有瞿陀尼洲。	『我有閻浮洲，極大富樂，多有人民，我有七寶，千子具足，及於宮中雨寶七日，積至于膝，我亦復有瞿陀尼洲。	011	'I have Jambudvīpa, which is extremely wealthy and happy, with many people. I have the seven treasures and a full thousand sons. And in the palace, treasures rained down for seven days, accumulating up to my knees. I also have Godānīya Island.
['ZH_T01_0026_011:0494c25_3']	我復曾從古人聞之，東方有洲名弗婆鞞陀提，極大富樂，多有人民。	我復曾從古人聞之，東方有洲名弗婆鞞陀提，極大富樂，多有人民。	011	I have also heard from ancient people that in the east there is an island called Pūrvavideha, which is extremely wealthy and happy, with many people.
['ZH_T01_0026_011:0494c26_2']	我今欲往見弗婆鞞陀提洲，到已整御。	我今欲往見弗婆鞞陀提洲，到已整御。	011	I now wish to go and see Pūrvavideha Island. Having arrived, I will govern it.'
['ZH_T01_0026_011:0494c26_6']	』阿難！	』阿難！	011	Ānanda!
['ZH_T01_0026_011:0494c28_11']	彼頂生王有大如意足，有大威德，有大福祐，有大威神，適發心已，即以如意足乘虛而去，及四種軍。	彼頂生王有大如意足，有大威德，有大福祐，有大威神，適發心已，即以如意足乘虛而去，及四種軍。	011	That King Mūrdhaja had great spiritual powers, great authority, great blessings, and great spiritual power. As soon as he had this thought, he immediately used his spiritual powers to fly through the air, together with his fourfold army.
['ZH_T01_0026_011:0494c28_14']	阿難！	阿難！	011	Ānanda!
['ZH_T01_0026_011:0494c29_11']	彼頂生王即時往到住弗婆鞞陀提洲。	彼頂生王即時往到住弗婆鞞陀提洲。	011	That King Mūrdhaja then went and arrived at Pūrvavideha Island.
['ZH_T01_0026_011:0494c29_14']	阿難！	阿難！	011	Ānanda!🔽Ānanda!Here is the text with the alignment mistakes fixed and the English translations updated to match the Sanskrit:
['ZH_T01_0026_011:0495a02_1']	彼頂生王住已整御弗婆鞞陀提洲，乃至無量百千萬歲。	彼頂生王住已整御弗婆鞞陀提洲，乃至無量百千萬歲。	011	King Mūrdhaja resided and ruled over Aparagodānīya Continent for an immeasurable number of hundreds of thousands of years.
['ZH_T01_0026_011:0495a02_5']	「阿難！	「阿難！	011	Ānanda!
['ZH_T01_0026_011:0495a03_3']	彼頂生王而於後時極大久遠，復作是念：	彼頂生王而於後時極大久遠，復作是念：	011	Later, after an extremely long time, King Mūrdhaja again had this thought:
['ZH_T01_0026_011:0495a06_4']	『我有閻浮洲，極大富樂，多有人民，我有七寶，千子具足，及於宮中雨寶七日，積至于膝，我亦復有瞿陀尼洲，亦有弗婆鞞陀提洲。	『我有閻浮洲，極大富樂，多有人民，我有七寶，千子具足，及於宮中雨寶七日，積至于膝，我亦復有瞿陀尼洲，亦有弗婆鞞陀提洲。	011	'I have Jambudvīpa, which is extremely wealthy, happy, and populous. I have the seven treasures and a full thousand sons. It rained treasures in the palace for seven days, accumulating up to my knees. I also have Godānīya Continent and also Aparagodānīya Continent.
['ZH_T01_0026_011:0495a08_5']	我復曾從古人聞之，北方有洲名欝單曰，極大富樂，多有人民，彼雖無我想亦無所受。	我復曾從古人聞之，北方有洲名欝單曰，極大富樂，多有人民，彼雖無我想亦無所受。	011	I have also heard from ancient people that in the north there is a continent called Uttarakuru, which is extremely wealthy, happy, and populous. Although they have no concept of mine, they also have nothing to receive.
['ZH_T01_0026_011:0495a09_7']	我今欲往見欝單曰洲，到已整御，及諸眷屬。	我今欲往見欝單曰洲，到已整御，及諸眷屬。	011	I now wish to go and see Uttarakuru Continent. Having arrived, I will rule over it and my retinue.'
['ZH_T01_0026_011:0495a09_11']	』阿難！	』阿難！	011	Ānanda!🔽Here is the corrected and aligned text:
['ZH_T01_0026_011:0495a11_14']	彼頂生王有大如意足，有大威德，有大福祐，有大威神，適發心已，即以如意足乘虛而去，及四種軍。	彼頂生王有大如意足，有大威德，有大福祐，有大威神，適發心已，即以如意足乘虛而去，及四種軍。	011	King Mūrdhaja had great spiritual powers, great authority, great merit, and great spiritual power. As soon as he had this thought, he used his spiritual powers to travel through the air, together with the four divisions of his army.
['ZH_T01_0026_011:0495a11_18']	「阿難！	「阿難！	011	Ānanda!
['ZH_T01_0026_011:0495a12_13']	彼頂生王遙見平地白，告諸臣曰：	彼頂生王遙見平地白，告諸臣曰：	011	King Mūrdhaja saw from afar a white plain and told his ministers:
['ZH_T01_0026_011:0495a13_6']	『卿等見欝單曰平地白耶？	『卿等見欝單曰平地白耶？	011	'Do you see the white plain in Uttarakuru?'
['ZH_T01_0026_011:0495a13_12']	』諸臣對曰：	』諸臣對曰：	011	The ministers replied:
['ZH_T01_0026_011:0495a13_16']	『見也。	『見也。	011	'We see it.
['ZH_T01_0026_011:0495a13_19']	天王！	天王！	011	Your Majesty!
['ZH_T01_0026_011:0495a14_2']	』王復告曰：	』王復告曰：	011	' The king further said:
['ZH_T01_0026_011:0495a14_8']	『卿等知不？	『卿等知不？	011	'Do you know?
['ZH_T01_0026_011:0495a15_17']	彼是欝單曰人自然粳米，欝單曰人常所食者，卿等亦應共食此食。	彼是欝單曰人自然粳米，欝單曰人常所食者，卿等亦應共食此食。	011	That is the naturally growing rice eaten by the people of Uttarakuru. You should also eat this food together.'
['ZH_T01_0026_011:0495a16_2']	』阿難！	』阿難！	011	Ānanda!
['ZH_T01_0026_011:0495a18_1']	彼頂生王復遙見欝單曰洲中，若干種樹，淨妙嚴飾，種種綵色，在欄楯裏，告諸臣曰：	彼頂生王復遙見欝單曰洲中，若干種樹，淨妙嚴飾，種種綵色，在欄楯裏，告諸臣曰：	011	King Mūrdhaja further saw from afar in Uttarakuru various kinds of trees, pure and wonderful adornments, various colors, within railings, and told his ministers:
['ZH_T01_0026_011:0495a19_10']	『卿等見欝單曰洲中，若干種樹，淨妙嚴飾，種種綵色，在欄楯裏耶？	『卿等見欝單曰洲中，若干種樹，淨妙嚴飾，種種綵色，在欄楯裏耶？	011	'Do you see the various kinds of trees in Uttarakuru, their pure and wondrous adornments, their various colorful hues, within the railings?'
['ZH_T01_0026_011:0495a19_16']	』諸臣對曰：	』諸臣對曰：	011	The ministers replied:
['ZH_T01_0026_011:0495a19_20']	『見也。	『見也。	011	'We see them.
['ZH_T01_0026_011:0495a20_1']	天王！	天王！	011	Heavenly King!'
['ZH_T01_0026_011:0495a20_7']	』王復告曰：	』王復告曰：	011	The king further said:
['ZH_T01_0026_011:0495a20_13']	『卿等知不？	『卿等知不？	011	'Do you know?
['ZH_T01_0026_011:0495a22_1']	是欝單曰人衣樹，欝單曰人取此衣著，卿等亦應取此衣著。	是欝單曰人衣樹，欝單曰人取此衣著，卿等亦應取此衣著。	011	These are the clothing trees of the people of Uttarakuru. The people of Uttarakuru take these clothes and put them on. You should also take these clothes and put them on.'
['ZH_T01_0026_011:0495a22_5']	』阿難！	』阿難！	011	Ānanda!
['ZH_T01_0026_011:0495a22_19']	彼頂生王即時往到住欝單曰洲。	彼頂生王即時往到住欝單曰洲。	011	King Mūrdhaja then went to Uttarakuru and stayed there.
['ZH_T01_0026_011:0495a23_2']	阿難！	阿難！	011	Ānanda!
['ZH_T01_0026_011:0495a24_10']	彼頂生王住已整御欝單曰洲，乃至無量百千萬歲，及諸眷屬。	彼頂生王住已整御欝單曰洲，乃至無量百千萬歲，及諸眷屬。	011	King Mūrdhaja stayed and ruled over Uttarakuru for an innumerable number of hundreds of thousands of years, together with his retinue.
['ZH_T01_0026_011:0495a24_14']	「阿難！	「阿難！	011	Ānanda!
['ZH_T01_0026_011:0495a25_11']	彼頂生王而於後時極大久遠，復作是念：	彼頂生王而於後時極大久遠，復作是念：	011	Later, after an extremely long time, King Mūrdhaja had another thought:
['ZH_T01_0026_011:0495a28_18']	『我有閻浮洲，極大富樂，多有人民，我有七寶，千子具足，及於宮中雨寶七日，積至于膝，我亦復有瞿陀尼洲，亦有弗婆鞞陀提洲，亦有欝單曰洲。	『我有閻浮洲，極大富樂，多有人民，我有七寶，千子具足，及於宮中雨寶七日，積至于膝，我亦復有瞿陀尼洲，亦有弗婆鞞陀提洲，亦有欝單曰洲。	011	'I have Jambudvīpa, which is extremely wealthy and happy, with many people. I have the seven treasures and a thousand sons, and in the palace it rained treasures for seven days, accumulating up to my knees. I also have Godānīya, I also have Pūrvavideha, and I also have Uttarakuru.
['ZH_T01_0026_011:0495a29_17']	我復曾從古人聞之，有天名曰三十三天。	我復曾從古人聞之，有天名曰三十三天。	011	I have also heard from ancient people that there are gods called the Thirty-three Celestials.
['ZH_T01_0026_011:0495b01_9']	我今欲往見三十三天。	我今欲往見三十三天。	011	I now wish to go and see the Thirty-three Celestials.'
['ZH_T01_0026_011:0495b01_13']	』阿難！	』阿難！	011	Ānanda!
['ZH_T01_0026_011:0495b04_6']	彼頂生王有大如意足，有大威德，有大福祐，有大威神，適發心已，即以如意足乘虛而往，及四種軍，向日光去。	彼頂生王有大如意足，有大威德，有大福祐，有大威神，適發心已，即以如意足乘虛而往，及四種軍，向日光去。	011	That King Mūrdhaja had great spiritual powers, great authority, great blessings, and great spiritual power. As soon as he had this thought, he immediately rode through the air with his fourfold army, heading towards the sunlight.
['ZH_T01_0026_011:0495b04_10']	「阿難！	「阿難！	011	Ānanda!
['ZH_T01_0026_011:0495b05_17']	彼頂生王遙見三十三天中，須彌山王上猶如大雲，告諸臣曰：	彼頂生王遙見三十三天中，須彌山王上猶如大雲，告諸臣曰：	011	That King Mūrdhaja saw from afar in the Thirty-three Celestials, on top of Mount Sumeru, what was like a great cloud, and said to his ministers:🔽Here is the corrected and aligned text:
['ZH_T01_0026_011:0495b06_18']	『卿等見三十三天中，須彌山王上猶如大雲耶？	『卿等見三十三天中，須彌山王上猶如大雲耶？	011	'Do you see what looks like a great cloud on top of Mount Sumeru in the Heaven of the Thirty-three?'
['ZH_T01_0026_011:0495b07_4']	』諸臣對曰：	』諸臣對曰：	011	The ministers replied:
['ZH_T01_0026_011:0495b07_8']	『見也。	『見也。	011	'We see it.
['ZH_T01_0026_011:0495b07_11']	天王！	天王！	011	Heavenly King!'
['ZH_T01_0026_011:0495b07_17']	』王復告曰：	』王復告曰：	011	The king said again:
['ZH_T01_0026_011:0495b07_23']	『卿等知不？	『卿等知不？	011	'Do you know?
['ZH_T01_0026_011:0495b08_8']	是三十三天晝度樹也。	是三十三天晝度樹也。	011	That is the pārijāta tree in the Heaven of the Thirty-three.
['ZH_T01_0026_011:0495b09_13']	三十三天在此樹下，於夏四月，具足五欲，而自娛樂。	三十三天在此樹下，於夏四月，具足五欲，而自娛樂。	011	The gods of the Heaven of the Thirty-three, under this tree, for four months in the summer, fully enjoy the five desires and amuse themselves.'
['ZH_T01_0026_011:0495b09_17']	』阿難！	』阿難！	011	Ānanda!
['ZH_T01_0026_011:0495b11_10']	彼頂生王復遙見三十三天中，須彌山王上近於南邊猶如大雲，告諸臣曰：	彼頂生王復遙見三十三天中，須彌山王上近於南邊猶如大雲，告諸臣曰：	011	King Māndhātṛ again saw what looked like a great cloud near the southern side of Mount Sumeru in the Heaven of the Thirty-three, and said to his ministers:
['ZH_T01_0026_011:0495b12_16']	『卿等見三十三天中，須彌山王上近於南邊猶如大雲耶？	『卿等見三十三天中，須彌山王上近於南邊猶如大雲耶？	011	'Do you see what looks like a great cloud near the southern side of Mount Sumeru in the Heaven of the Thirty-three?'
['ZH_T01_0026_011:0495b13_3']	』諸臣對曰：	』諸臣對曰：	011	The ministers replied:
['ZH_T01_0026_011:0495b13_7']	『見也。	『見也。	011	'We see it.
['ZH_T01_0026_011:0495b13_10']	天王！	天王！	011	Heavenly King!'
['ZH_T01_0026_011:0495b13_16']	』王復告曰：	』王復告曰：	011	The king said again:
['ZH_T01_0026_011:0495b13_22']	『卿等知不？	『卿等知不？	011	'Do you know?
['ZH_T01_0026_011:0495b15_17']	是三十三天正法之堂，三十三天於此堂中，八日、十四日、十五日，為天為人，思法思義。	是三十三天正法之堂，三十三天於此堂中，八日、十四日、十五日，為天為人，思法思義。	011	This is the Dharma Hall of the Thirty-three Celestials. The Thirty-three Celestials, on the eighth, fourteenth, and fifteenth days, think of the Dharma and think of the meaning for the sake of the gods and humans.'
['ZH_T01_0026_011:0495b15_22']	』「阿難！	』「阿難！	011	 Ānanda!
['ZH_T01_0026_011:0495b16_10']	彼頂生王即到三十三天。	彼頂生王即到三十三天。	011	That King Mūrdhaja then arrived at the Thirty-three Celestials.
['ZH_T01_0026_011:0495b17_8']	彼頂生王到三十三天已，即入法堂。	彼頂生王到三十三天已，即入法堂。	011	After King Mūrdhaja arrived at the Thirty-three Celestials, he immediately entered the Dharma Hall.
['ZH_T01_0026_011:0495b19_1']	於是，天帝釋便與頂生王半座令坐，彼頂生王即坐天帝釋半座。	於是，天帝釋便與頂生王半座令坐，彼頂生王即坐天帝釋半座。	011	Then Śakra, Lord of the Gods, immediately gave half of his seat to King Mūrdhaja to sit on. King Mūrdhaja then sat on half of Śakra's seat.
['ZH_T01_0026_011:0495b21_11']	於是，頂生王及天帝釋都無差別，光光無異，色色無異，形形無異，威儀禮節及其衣服亦無有異，唯眼眴異。	於是，頂生王及天帝釋都無差別，光光無異，色色無異，形形無異，威儀禮節及其衣服亦無有異，唯眼眴異。	011	Then King Mūrdhaja and Śakra, Lord of the Gods, were completely indistinguishable. Their radiance was no different, their colors were no different, their forms were no different, their deportment and etiquette, and even their clothing were also no different, except that their eye movements were different.
['ZH_T01_0026_011:0495b21_15']	「阿難！	「阿難！	011	 Ānanda!
['ZH_T01_0026_011:0495b22_13']	彼頂生王而於後時極大久遠，復作是念：	彼頂生王而於後時極大久遠，復作是念：	011	After a very long time, King Mūrdhaja had this thought again:
['ZH_T01_0026_011:0495b24_15']	『我有閻浮洲，極大富樂，多有人民，我有七寶，千子具足，及於宮中雨寶七日，積至于膝。	『我有閻浮洲，極大富樂，多有人民，我有七寶，千子具足，及於宮中雨寶七日，積至于膝。	011	'I have Jambudvīpa, which is extremely wealthy and happy, with many people. I have the seven treasures and a full thousand sons. And in the palace, treasures rained for seven days, accumulating up to my knees.
['ZH_T01_0026_011:0495b26_3']	我亦復有瞿陀尼洲，亦有弗婆鞞陀提洲，亦有欝單曰洲。	我亦復有瞿陀尼洲，亦有弗婆鞞陀提洲，亦有欝單曰洲。	011	I also have Godānīya Continent, I also have Pūrvavideha Continent, and I also have Uttarakuru Continent.
['ZH_T01_0026_011:0495b27_6']	我又已見三十三天雲集大會，我已得入諸天法堂。	我又已見三十三天雲集大會，我已得入諸天法堂。	011	I have already seen the great assembly of the Thirty-three Celestials. I have already been able to enter the celestial Dharma Hall.
['ZH_T01_0026_011:0495c01_11']	又天帝釋與我半座，我已得坐帝釋半座，我與帝釋都無差別，光光無異，色色無異，形形無異，威儀禮節及其衣服亦無有異，唯眼眴異。	又天帝釋與我半座，我已得坐帝釋半座，我與帝釋都無差別，光光無異，色色無異，形形無異，威儀禮節及其衣服亦無有異，唯眼眴異。	011	Moreover, Śakra, Lord of the Devas, gave me half of his seat. I have already been able to sit on half of Śakra's seat. I and Śakra are completely without distinction. The light is no different, the color is no different, the form is no different, the deportment and etiquette, and the clothing are also no different, only the winking of the eyes is different.
['ZH_T01_0026_011:0495c02_17']	我今寧可驅帝釋去，奪取半座，作天人王，由己自在。	我今寧可驅帝釋去，奪取半座，作天人王，由己自在。	011	I should now drive Śakra away, take back half of the seat, become the king of the celestial beings, and be self-sufficient.'
['ZH_T01_0026_011:0495c03_1']	』「阿難！	』「阿難！	011	Ānanda!
['ZH_T01_0026_011:0495c04_12']	彼頂生王適發此念，不覺已下在閻浮洲，便失如意足，生極重病。	彼頂生王適發此念，不覺已下在閻浮洲，便失如意足，生極重病。	011	As soon as King Mūrdhaja had this thought, he suddenly found himself back in Jambudvīpa, and he lost his supernormal powers and became extremely ill.
['ZH_T01_0026_011:0495c05_8']	命將終時，諸臣往詣頂生王所白曰：	命將終時，諸臣往詣頂生王所白曰：	011	When his life was about to end, the ministers went to where King Mūrdhaja was and said:
['ZH_T01_0026_011:0495c05_12']	『天王！	『天王！	011	'Your Majesty!
['ZH_T01_0026_011:0495c06_9']	若有梵志、居士及臣人民，來問我等：	若有梵志、居士及臣人民，來問我等：	011	If Brahmins, householders, ministers and people come to ask us:
['ZH_T01_0026_011:0495c07_3']	「頂生王臨命終時說何等事？	「頂生王臨命終時說何等事？	011	What did King Mūrdhaja say when he was about to die?
['ZH_T01_0026_011:0495c07_6']	天王！	天王！	011	Your Majesty!
['ZH_T01_0026_011:0495c08_2']	我等當云何答梵志、居士及臣人民？	我等當云何答梵志、居士及臣人民？	011	How should we answer the Brahmins, householders, ministers and people?
['ZH_T01_0026_011:0495c08_15']	」』「時，頂生王告諸臣曰：	」』「時，頂生王告諸臣曰：	011	Then King Mūrdhaja told the ministers:
['ZH_T01_0026_011:0495c09_7']	『若梵志、居士及臣人民，來問卿等：	『若梵志、居士及臣人民，來問卿等：	011	If Brahmins, householders, ministers and people come to ask you:
['ZH_T01_0026_011:0495c10_1']	「頂生王臨命終時說何等事？	「頂生王臨命終時說何等事？	011	What did King Mūrdhaja say when he was about to die?
['ZH_T01_0026_011:0495c10_11', 'ZH_T01_0026_011:0495c11_7']	」卿等應當如是答之：🔽「頂生王得閻浮洲，意不滿足而命終。	」卿等應當如是答之： 「頂生王得閻浮洲，意不滿足而命終。	011	You should answer them like this:🔽King Mūrdhaja obtained Jambudvīpa, but was not satisfied and died.
['ZH_T01_0026_011:0495c12_4']	頂生王得七寶，意不滿足而命終。	頂生王得七寶，意不滿足而命終。	011	King Mūrdhaja obtained the seven treasures, but was not satisfied and died.
['ZH_T01_0026_011:0495c12_17']	千子具足，意不滿足而命終。	千子具足，意不滿足而命終。	011	He died without his wishes being fulfilled.
['ZH_T01_0026_011:0495c13_14', 'ZH_T01_0026_011:0495c14_13', 'ZH_T01_0026_011:0495c15_14']	頂生王七日雨寶，意不滿足而命終。🔽頂生王得瞿陀尼洲，意不滿足而命終。🔽頂生王得弗婆鞞陀提洲，意不滿足而命終。	頂生王七日雨寶，意不滿足而命終。 頂生王得瞿陀尼洲，意不滿足而命終。 頂生王得弗婆鞞陀提洲，意不滿足而命終。	011	King Mūrdhaja died after seven days of raining treasures, without his wishes being fulfilled.🔽King Mūrdhaja died after obtaining the continent of Godānī, without his wishes being fulfilled.🔽King Mūrdhaja died after obtaining the continent of Pūrvavideha, without his wishes being fulfilled.
['ZH_T01_0026_011:0495c16_13']	頂生王得欝單曰洲，意不滿足而命終。	頂生王得欝單曰洲，意不滿足而命終。	011	King Mūrdhaja died after obtaining the continent of Uttarakuru, without his wishes being fulfilled.
['ZH_T01_0026_011:0495c17_12']	頂生王見諸天集會，意不滿足而命終。	頂生王見諸天集會，意不滿足而命終。	011	King Mūrdhaja died after seeing the assembly of devas, without his wishes being fulfilled.
['ZH_T01_0026_011:0495c18_21']	頂生王具足五欲功德色、聲、香、味、觸，意不滿足而命終。	頂生王具足五欲功德色、聲、香、味、觸，意不滿足而命終。	011	King Mūrdhaja died after fully enjoying the five sense pleasures of form, sound, smell, taste, and touch, without his wishes being fulfilled.
['ZH_T01_0026_011:0495c19_14']	」若梵志、居士及臣人民，來問卿等：	」若梵志、居士及臣人民，來問卿等：	011	If brahmins, householders, ministers, and people come to ask you:
['ZH_T01_0026_011:0495c20_6']	「頂生王臨命終時說何等事？	「頂生王臨命終時說何等事？	011	'What did King Mūrdhaja say when he was about to die?'
['ZH_T01_0026_011:0495c20_16']	」卿等應當如是答之。	」卿等應當如是答之。	011	You should answer them like this.
['ZH_T01_0026_011:0495c21_6']	』」於是，世尊而說頌曰：	』」於是，世尊而說頌曰：	011	Then the World-Honored One spoke a verse:
['ZH_T01_0026_011:0495c22_0']	「天雨妙珍寶，　　欲者無厭足，	「天雨妙珍寶，　　欲者無厭足，	011	The heavens rain down wondrous treasures, but the desirous are never satisfied.
['ZH_T01_0026_011:0495c23_13']	欲苦無有樂，　　慧者應當知。	欲苦無有樂，　　慧者應當知。	011	Desire is suffering, not happiness - the wise should know this.
['ZH_T01_0026_011:0495c24_0']	若有得金積，　　猶如大雪山，	若有得金積，　　猶如大雪山，	011	If one obtains gold piled up like the great snow mountains,
['ZH_T01_0026_011:0495c25_13']	一一無有足，　　慧者作是念。	一一無有足，　　慧者作是念。	011	One will still not be satisfied - the wise think this way.
['ZH_T01_0026_011:0495c26_0']	得天妙五欲，　　不以此五樂，	得天妙五欲，　　不以此五樂，	011	Obtaining the five heavenly pleasures, but not taking pleasure in these five desires,
['ZH_T01_0026_011:0495c27_13']	斷愛不著欲，　　等正覺弟子。	斷愛不著欲，　　等正覺弟子。	011	Cutting off craving and not clinging to desires - this is the disciple of the Perfectly Enlightened One.
['ZH_T01_0026_011:0495c28_7']	」於是，世尊告曰：	」於是，世尊告曰：	011	Then the World-Honored One said:
['ZH_T01_0026_011:0495c28_11']	「阿難！	「阿難！	011	Ānanda!
['ZH_T01_0026_011:0495c29_2']	昔頂生王，汝謂異人耶？	昔頂生王，汝謂異人耶？	011	Do you think that King Mūrdhaja was someone else?
['ZH_T01_0026_011:0495c29_14']	莫作斯念，當知即是我也。	莫作斯念，當知即是我也。	011	Do not think like this, you should know that he was me.
['ZH_T01_0026_011:0495c29_17']	阿難！	阿難！	011	Ānanda!
['ZH_T01_0026_011:0496a03_2']	我於爾時為自饒益，亦饒益他，饒益多人，愍傷世間，為天、為人求義及饒益，求安隱快樂。	我於爾時為自饒益，亦饒益他，饒益多人，愍傷世間，為天、為人求義及饒益，求安隱快樂。	011	At that time, I benefited myself, benefited others, benefited many people, had compassion for the world, and sought justice and benefit for the sake of gods and humans, seeking peace and happiness.
['ZH_T01_0026_011:0496a04_12']	爾時說法不至究竟，不究竟白淨，不究竟梵行，不究竟梵行訖。	爾時說法不至究竟，不究竟白淨，不究竟梵行，不究竟梵行訖。	011	At that time, the teaching did not reach the ultimate, the ultimate of pure conduct, the ultimate of pure practice, and the ultimate completion of pure practice.
['ZH_T01_0026_011:0496a05_18']	爾時不離生老病死、啼哭憂慼，亦未能得脫一切苦。	爾時不離生老病死、啼哭憂慼，亦未能得脫一切苦。	011	At that time, I was not free from birth, old age, sickness, death, wailing, and sorrow, and I was still unable to attain liberation from all suffering.
['ZH_T01_0026_011:0496a06_2']	阿難！	阿難！	011	Ānanda!
['ZH_T01_0026_011:0496a08_1']	我今出世，如來、無所著、等正覺、明行成為、善逝、世間解、無上士、道法御、天人師，號佛、眾祐。	我今出世，如來、無所著、等正覺、明行成為、善逝、世間解、無上士、道法御、天人師，號佛、眾祐。	011	Now I have appeared in the world, as the Tathāgata, Arhat, Perfectly Enlightened One, Perfect in Knowledge and Conduct, Well-Gone, Knower of the World, Unsurpassed, Tamer of Men, Teacher of Gods and Men, Buddha, Bhagavat.
['ZH_T01_0026_011:0496a10_1']	我今自饒益，亦饒益他，饒益多人，愍傷世間，為天、為人求義及饒益，求安隱快樂。	我今自饒益，亦饒益他，饒益多人，愍傷世間，為天、為人求義及饒益，求安隱快樂。	011	Now I benefit myself, benefit others, benefit many people, have compassion for the world, and seek justice and benefit for gods and humans, seeking peace and happiness.
['ZH_T01_0026_011:0496a11_7']	我今說法得至究竟，究竟白淨，究竟梵行，究竟梵行訖。	我今說法得至究竟，究竟白淨，究竟梵行，究竟梵行訖。	011	Now I teach the Dharma that reaches the ultimate, the ultimate of pure conduct, the ultimate of pure practice, and the ultimate completion of pure practice.
['ZH_T01_0026_011:0496a12_11']	我今得離生老病死、啼哭憂慼，我今已得脫一切苦。	我今得離生老病死、啼哭憂慼，我今已得脫一切苦。	011	Now I am free from birth, old age, sickness, death, wailing, and sorrow, and now I have attained liberation from all suffering.
['ZH_T01_0026_011:0496a12_17']	」佛說如是。	」佛說如是。	011	The Buddha spoke thus.
['ZH_T01_0026_011:0496a13_16']	尊者阿難及諸比丘，聞佛所說，歡喜奉行。	尊者阿難及諸比丘，聞佛所說，歡喜奉行。	011	Venerable Ānanda and the bhikṣus, having heard the Buddha's teachings, joyfully undertook to follow them.
['ZH_T01_0026_011:0496a17_4']	四洲經第三竟二千三百五十三字61 牛糞喻經（六一）中阿含王相應品牛糞喻經第四初一日誦我聞如是：	四洲經第三竟二千三百五十三字61 牛糞喻經（六一）中阿含王相應品牛糞喻經第四初一日誦我聞如是：	011	The Parable of Cow Dung Sūtra (61) In the Middle Length Āgama Discourses, the Chapter on Kings, the Parable of Cow Dung Sūtra, Part 4, First Day's Recitation I have heard thus:
['ZH_T01_0026_011:0496a18_2']	一時，佛遊舍衛國，在勝林給孤獨園。	一時，佛遊舍衛國，在勝林給孤獨園。	011	Once, the Buddha was wandering in the country of Shravasti, staying in the Jeta Grove, Anathapindika's Park.
['ZH_T01_0026_011:0496a19_3']	爾時，有一比丘在安靜處，燕坐思惟而作是念：	爾時，有一比丘在安靜處，燕坐思惟而作是念：	011	At that time, a bhikṣu was sitting in meditation in a quiet place, contemplating like this:
['ZH_T01_0026_011:0496a20_2']	「頗復有色常住不變，而一向樂，恒久存耶？	「頗復有色常住不變，而一向樂，恒久存耶？	011	Is there any form that abides permanently and unchanging, and is exclusively blissful, enduring for a long time?
['ZH_T01_0026_011:0496a21_3']	頗有覺、想、行、識常住不變，而一向樂，恒久存耶？	頗有覺、想、行、識常住不變，而一向樂，恒久存耶？	011	Is there any feeling, perception, mental formations, or consciousness that abides permanently and unchanging, and is exclusively blissful, enduring for a long time?
['ZH_T01_0026_011:0496a22_16']	」彼一比丘則於晡時從燕坐起，往詣佛所，稽首作禮，却坐一面，白曰：	」彼一比丘則於晡時從燕坐起，往詣佛所，稽首作禮，却坐一面，白曰：	011	That bhikṣu then rose from his meditation in the afternoon, went to where the Buddha was, bowed his head in reverence, sat to one side, and said:
['ZH_T01_0026_011:0496a22_20']	「世尊！	「世尊！	011	World-Honored One!
['ZH_T01_0026_011:0496a23_13']	我今在安靜處燕坐思惟而作是念：	我今在安靜處燕坐思惟而作是念：	011	I was contemplating like this in a quiet place:
['ZH_T01_0026_011:0496a24_15']	『頗復有色常住不變，而一向樂，恒久存耶？	『頗復有色常住不變，而一向樂，恒久存耶？	011	'Is there any form that is permanent, stable, eternal, not subject to change, and that can endure for a long time?
['ZH_T01_0026_011:0496a25_17']	頗有覺、想、行、識常住不變，而一向樂，恒久存耶？	頗有覺、想、行、識常住不變，而一向樂，恒久存耶？	011	Is there any feeling, perception, mental formations, or consciousness that is permanent, stable, eternal, not subject to change, and that can endure for a long time?'
['ZH_T01_0026_011:0496a26_1']	』」佛告比丘：	』」佛告比丘：	011	The Buddha told the monks:
['ZH_T01_0026_011:0496a28_1']	「無有一色常住不變，而一向樂，恒久存者，無有覺、想、行、識常住不變，而一向樂，恒久存者。	「無有一色常住不變，而一向樂，恒久存者，無有覺、想、行、識常住不變，而一向樂，恒久存者。	011	There is no form that is permanent, stable, eternal, not subject to change, and that can endure for a long time. There is no feeling, perception, mental formations, or consciousness that is permanent, stable, eternal, not subject to change, and that can endure for a long time.
['ZH_T01_0026_011:0496a28_19']	」於是，世尊以手指爪抄少牛糞，告曰：	」於是，世尊以手指爪抄少牛糞，告曰：	011	Then, the World-Honored One took a small amount of cow dung with his fingernail and said:
['ZH_T01_0026_011:0496a29_1']	「比丘！	「比丘！	011	Monks!
['ZH_T01_0026_011:0496a29_15']	汝今見我以手指爪抄少牛糞耶？	汝今見我以手指爪抄少牛糞耶？	011	Do you see me taking a small amount of cow dung with my fingernail?
['ZH_T01_0026_011:0496b01_2', 'ZH_T01_0026_011:0496b01_6']	」比丘白曰：🔽「見也。	」比丘白曰： 「見也。	011	The monks replied:
['ZH_T01_0026_011:0496b01_9']	世尊！	世尊！	011	We see it, World-Honored One!
['ZH_T01_0026_011:0496b01_17']	」佛復告曰比丘：	」佛復告曰比丘：	011	The Buddha further told the monks:
['ZH_T01_0026_011:0496b02_16']	「如是，無有少色常住不變，而一向樂，恒久存也。	「如是，無有少色常住不變，而一向樂，恒久存也。	011	In the same way, there is no form whatsoever that is permanent, stable, eternal, not subject to change, and that can endure for a long time.
['ZH_T01_0026_011:0496b04_1']	如是，無有少覺、想、行、識常住不變，而一向樂，恒久存也。	如是，無有少覺、想、行、識常住不變，而一向樂，恒久存也。	011	Thus, there is not the slightest bit of consciousness, perception, volition, or cognition that is permanent and unchanging, and which is exclusively pleasant, and has always existed and will always exist.
['ZH_T01_0026_011:0496b04_6']	所以者何？	所以者何？	011	Why is this so?
['ZH_T01_0026_011:0496b04_9']	比丘！	比丘！	011	Bhikṣus!
['ZH_T01_0026_011:0496b05_8']	我憶昔時長夜作福，長作福已，長受樂報。	我憶昔時長夜作福，長作福已，長受樂報。	011	I remember in the past, for a long time I performed meritorious deeds, and after performing meritorious deeds for a long time, I received the reward of long-lasting happiness.
['ZH_T01_0026_011:0496b05_11']	比丘！	比丘！	011	Bhikṣus!
['ZH_T01_0026_011:0496b09_19']	我在昔時七年行慈，七反成敗，不來此世，世敗壞時，生晃昱天，世成立時，來下生空梵宮殿中，於彼梵中作大梵天，餘處千反，作自在天王，三十六反，作天帝釋，復無量反，作剎利頂生王。	我在昔時七年行慈，七反成敗，不來此世，世敗壞時，生晃昱天，世成立時，來下生空梵宮殿中，於彼梵中作大梵天，餘處千反，作自在天王，三十六反，作天帝釋，復無量反，作剎利頂生王。	011	In the past, I practiced loving-kindness for seven years, and after seven cycles of formation and destruction, I did not come to this world. When the world was destroyed, I was reborn in the Ābhāsvara Heaven. When the world was formed, I descended and was born in the empty Brahmā palace. In that Brahmā realm, I became the Great Brahmā Heaven, and in other places, I became the Lord of the Heaven of Freely Partaking of Others' Food for a thousand cycles, and thirty-six times I became Śakra Devānām Indra, and again countless times I became a universal monarch born from a topknot.
['ZH_T01_0026_011:0496b10_1']	「比丘！	「比丘！	011	Bhikṣus!
['ZH_T01_0026_011:0496b12_3']	我作剎利頂生王時，有八萬四千大象，被好乘具，眾寶校飾，白珠珞覆，于娑賀象王為首。	我作剎利頂生王時，有八萬四千大象，被好乘具，眾寶校飾，白珠珞覆，于娑賀象王為首。	011	When I was a universal monarch born from a topknot, I had eighty-four thousand great elephants, all adorned with fine riding equipment and various treasures, covered with white pearls, with the elephant Saṃjaya at the head.
['ZH_T01_0026_011:0496b12_6']	比丘！	比丘！	011	Bhikṣus!
['ZH_T01_0026_011:0496b14_5']	我作剎利頂生王時，有八萬四千馬，被好乘具，眾寶莊飾，金銀珓珞，䭷馬王為首。	我作剎利頂生王時，有八萬四千馬，被好乘具，眾寶莊飾，金銀珓珞，䭷馬王為首。	011	When I was King Mūrdhaja of the kṣatriyas, I had 84,000 horses, all well-equipped, adorned with various treasures, inlaid with gold and silver, with the horse king Bālāha at the head.
['ZH_T01_0026_011:0496b14_8']	比丘！	比丘！	011	Bhikṣus!
['ZH_T01_0026_011:0496b17_5']	我作剎利頂生王時，有八萬四千車，四種校飾，莊以眾好、師子、虎豹斑文之皮，織成雜色，種種莊飾，極利疾名樂聲車為首。	我作剎利頂生王時，有八萬四千車，四種校飾，莊以眾好、師子、虎豹斑文之皮，織成雜色，種種莊飾，極利疾名樂聲車為首。	011	When I was King Mūrdhaja of the kṣatriyas, I had 84,000 chariots, decorated with four kinds of adornments, adorned with various treasures, the skins of lions, tigers, leopards, and panthers, woven with various colors, and various decorations, with the famous fast and agile chariot Ratiprāṇa at the head.
['ZH_T01_0026_011:0496b17_8']	比丘！	比丘！	011	Bhikṣus!
['ZH_T01_0026_011:0496b19_7']	我作剎利頂生王時，有八萬四千大城，極大富樂，多有人民，拘舍惒堤王城為首。	我作剎利頂生王時，有八萬四千大城，極大富樂，多有人民，拘舍惒堤王城為首。	011	When I was King Mūrdhaja of the kṣatriyas, I had 84,000 great cities, extremely wealthy and happy, with many people, with the city of King Kuśāgrapūrṇi at the head.
['ZH_T01_0026_011:0496b19_10']	比丘！	比丘！	011	Bhikṣus!
['ZH_T01_0026_011:0496b21_7']	我作剎利頂生王時，有八萬四千樓，四種寶樓，金、銀、琉璃及水精，正法殿為首。	我作剎利頂生王時，有八萬四千樓，四種寶樓，金、銀、琉璃及水精，正法殿為首。	011	When I was King Mūrdhaja of the kṣatriyas, I had 84,000 palaces, with four kinds of precious materials, gold, silver, lapis lazuli, and crystal, with the palace of right Dharma at the head.
['ZH_T01_0026_011:0496b21_11']	「比丘！	「比丘！	011	Bhikṣus!
['ZH_T01_0026_011:0496b25_1']	我作剎利頂生王時，有八萬四千御座，四種寶座，金、銀、琉璃及水精，敷以氍氀、毾𣰆，覆以錦綺羅縠，有襯體被，兩頭安枕，加陵伽波惒邏、波遮悉多羅那。	我作剎利頂生王時，有八萬四千御座，四種寶座，金、銀、琉璃及水精，敷以氍氀、毾𣰆，覆以錦綺羅縠，有襯體被，兩頭安枕，加陵伽波惒邏、波遮悉多羅那。	011	When I was the head-anointed king of the kṣatriyas, I had 84,000 thrones, four kinds of jeweled thrones, gold, silver, lapis lazuli, and crystal, covered with woolen blankets, woolen carpets, brocade, gauze, and fine silk, with cushions on both ends, and ka-ling-ka-pa-he-la-pa-cha-si-ta-la-na.
['ZH_T01_0026_011:0496b25_4']	比丘！	比丘！	011	Bhikṣus!
['ZH_T01_0026_011:0496b27_2']	我作剎利頂生王時，有八萬四千雙衣，初摩衣、錦衣、繒衣、劫貝衣、加陵伽波惒邏衣。	我作剎利頂生王時，有八萬四千雙衣，初摩衣、錦衣、繒衣、劫貝衣、加陵伽波惒邏衣。	011	When I was the head-anointed king of the kṣatriyas, I had 84,000 pairs of garments, first-class garments, brocade garments, silk garments, cotton garments, and ka-ling-ka-pa-he-la garments.
['ZH_T01_0026_011:0496b27_5']	比丘！	比丘！	011	Bhikṣus!
['ZH_T01_0026_011:0496c01_10']	我作剎利頂生王時，有八萬四千女，身體光澤，晈潔明淨，美色過人，小不及天，姿容端正，覩者歡悅，眾寶瓔珞嚴飾具足，盡剎利種女，餘族無量。	我作剎利頂生王時，有八萬四千女，身體光澤，晈潔明淨，美色過人，小不及天，姿容端正，覩者歡悅，眾寶瓔珞嚴飾具足，盡剎利種女，餘族無量。	011	When I was the head-anointed king of the kṣatriyas, I had 84,000 women, with radiant bodies, clear and bright, with beautiful colors surpassing humans, slightly inferior to the gods, with proper features, delightful to behold, fully adorned with various jeweled necklaces, all of the kṣatriya caste, and countless other clans.
['ZH_T01_0026_011:0496c01_13']	比丘！	比丘！	011	Bhikṣus!
['ZH_T01_0026_011:0496c03_6']	我作剎利頂生王時，有八萬四千種食，晝夜常供，為我故設，欲令我食。	我作剎利頂生王時，有八萬四千種食，晝夜常供，為我故設，欲令我食。	011	When I was King Mūrdhaja of the kṣatriyas, there were 84,000 kinds of food, offered day and night, prepared for me to eat.
['ZH_T01_0026_011:0496c03_10']	「比丘！	「比丘！	011	Bhikṣus!
['ZH_T01_0026_011:0496c04_19']	彼八萬四千種食中，有一種食，極美淨潔，無量種味，是我常所食。	彼八萬四千種食中，有一種食，極美淨潔，無量種味，是我常所食。	011	Among those 84,000 kinds of food, there was one kind of food that was extremely delicious and pure, with countless flavors, which I always ate.
['ZH_T01_0026_011:0496c05_2']	比丘！	比丘！	011	Bhikṣus!
['ZH_T01_0026_011:0496c06_7']	彼八萬四千女中，有一剎利女，最端正姝好，常奉侍我。	彼八萬四千女中，有一剎利女，最端正姝好，常奉侍我。	011	Among those 84,000 women, there was one kṣatriya woman who was the most upright and beautiful, who always served me.
['ZH_T01_0026_011:0496c06_10']	比丘！	比丘！	011	Bhikṣus!
['ZH_T01_0026_011:0496c08_16']	彼八萬四千雙衣中，有一雙衣，或初摩衣、或錦衣、或繒衣、或劫貝衣、或加陵伽波惒邏衣，是我常所著。	彼八萬四千雙衣中，有一雙衣，或初摩衣、或錦衣、或繒衣、或劫貝衣、或加陵伽波惒邏衣，是我常所著。	011	Among those 84,000 pairs of garments, there was one pair of garments, either a first-class garment, or a brocade garment, or a silk garment, or a cotton garment, or a kaṃsūka garment, which I always wore.🔽Bhikṣus!
['ZH_T01_0026_011:0496c08_19']	比丘！	比丘！	011	Bhikṣus!
['ZH_T01_0026_011:0496c12_9']	彼八萬四千御座中，有一御座，或金、或銀、或琉璃、或水精，敷以氍氀、毾𣰆，覆以錦綺羅縠，有襯體被，兩頭安枕，加陵伽波惒邏、波遮悉多羅那，是我常所臥。	彼八萬四千御座中，有一御座，或金、或銀、或琉璃、或水精，敷以氍氀、毾𣰆，覆以錦綺羅縠，有襯體被，兩頭安枕，加陵伽波惒邏、波遮悉多羅那，是我常所臥。	011	Among those 84,000 thrones, there was one throne, either gold, silver, lapis lazuli, or crystal, covered with woolen blankets, woolen carpets, brocade, and fine silk, with a mattress, pillows at both ends, and a kahlu bird's feather cover, which I always used to lie on.
['ZH_T01_0026_011:0496c12_12']	比丘！	比丘！	011	Bhikṣus!
['ZH_T01_0026_011:0496c14_8']	彼八萬四千樓觀中，有一樓觀，或金、或銀、或琉璃、或水精，名正法殿，是我常所住。	彼八萬四千樓觀中，有一樓觀，或金、或銀、或琉璃、或水精，名正法殿，是我常所住。	011	Among those 84,000 towers, there was one tower, either gold, silver, lapis lazuli, or crystal, called the Hall of Right Dharma, which I always resided in.
['ZH_T01_0026_011:0496c14_12']	「比丘！	「比丘！	011	Bhikṣus!
['ZH_T01_0026_011:0496c16_7']	彼八萬四千大城中，而有一城，極大富樂，多有人民，名拘舍惒堤，是我常所居。	彼八萬四千大城中，而有一城，極大富樂，多有人民，名拘舍惒堤，是我常所居。	011	Among those 84,000 great cities, there was one city, extremely wealthy and happy, with many people, called Kuśinagara, which I always lived in.
['ZH_T01_0026_011:0496c16_10']	比丘！	比丘！	011	Bhikṣus!🔽Here is the text with the alignment mistakes fixed and the English translations updated to match the Sanskrit:
['ZH_T01_0026_011:0496c19_8']	彼八萬四千車中，而有一車，莊以眾好、師子、虎豹斑文之皮，織成雜色，種種莊飾，極利疾名樂聲車，是我常所載，至觀望園觀。	彼八萬四千車中，而有一車，莊以眾好、師子、虎豹斑文之皮，織成雜色，種種莊飾，極利疾名樂聲車，是我常所載，至觀望園觀。	011	Among those eighty-four thousand chariots, there was one chariot adorned with various good things, lion, tiger, and leopard skins, woven with various colors, and decorated in various ways, called the Ratiśabdharatha, which I always rode in to go to the pleasure park to view.
['ZH_T01_0026_011:0496c19_11']	比丘！	比丘！	011	Bhikṣus!
['ZH_T01_0026_011:0496c21_11']	彼八萬四千馬中，而有一馬，體紺青色，頭像如烏，名䭷馬王，是我常所騎，至觀望園觀。	彼八萬四千馬中，而有一馬，體紺青色，頭像如烏，名䭷馬王，是我常所騎，至觀望園觀。	011	Among those eighty-four thousand horses, there was one horse with a dark blue body and a head like a crow, called the Kaṇṭhaka king, which I always rode in to go to the pleasure park to view.
['ZH_T01_0026_011:0496c21_14']	比丘！	比丘！	011	Bhikṣus!
['ZH_T01_0026_011:0496c23_16']	彼八萬四千大象中，而有一象，舉體極白，七支盡正，名于娑賀象王，是我常所乘，至觀望園觀。	彼八萬四千大象中，而有一象，舉體極白，七支盡正，名于娑賀象王，是我常所乘，至觀望園觀。	011	Among those eighty-four thousand great elephants, there was one elephant with a completely white body and all seven limbs correct, called the Uṣṇīṣa elephant king, which I always rode in to go to the pleasure park to view.
['ZH_T01_0026_011:0496c23_20']	「比丘！	「比丘！	011	Bhikṣus!
['ZH_T01_0026_011:0496c24_4']	我作此念：	我作此念：	011	I had this thought:
['ZH_T01_0026_011:0496c26_1']	『是何業果，為何業報，令我今日有大如意足，有大威德，有大福祐，有大威神？	『是何業果，為何業報，令我今日有大如意足，有大威德，有大福祐，有大威神？	011	'What are the fruits of karma, what are the results of karma, that today I have great spiritual powers, great authority, great blessings, and great spiritual power?'
['ZH_T01_0026_011:0496c26_5']	』比丘！	』比丘！	011	Bhikṣus!
['ZH_T01_0026_011:0496c26_11']	我復作此念：	我復作此念：	011	I further thought like this:
['ZH_T01_0026_011:0496c28_6']	『是三業果，為三業報，令我今日有大如意足，有大威德，有大福祐，有大威神。	『是三業果，為三業報，令我今日有大如意足，有大威德，有大福祐，有大威神。	011	'These three karmic fruits are the three karmic retributions, causing me today to have great spiritual powers, great authority, great blessings, and great spiritual power.
['ZH_T01_0026_011:0496c28_21']	一者布施，二者調御，三者守護。	一者布施，二者調御，三者守護。	011	One is giving, two is taming, and three is guarding.'
['ZH_T01_0026_011:0496c29_2']	』比丘！	』比丘！	011	Bhikṣus!
['ZH_T01_0026_011:0496c29_18']	汝觀彼一切所有盡滅，如意足亦失。	汝觀彼一切所有盡滅，如意足亦失。	011	You observe that all that exists is extinguished, and the spiritual powers are also lost.
['ZH_T01_0026_011:0497a01_1']	比丘！	比丘！	011	Bhikṣus!
['ZH_T01_0026_011:0497a01_6']	於意云何？	於意云何？	011	What do you think?
['ZH_T01_0026_011:0497a01_16']	色為有常，為無常耶？	色為有常，為無常耶？	011	Is form permanent or impermanent?
['ZH_T01_0026_011:0497a01_20', 'ZH_T01_0026_011:0497a02_4']	」答曰：🔽「無常也。	」答曰： 「無常也。	011	He replied:
['ZH_T01_0026_011:0497a02_7']	世尊！	世尊！	011	Impermanent, World-Honored One!
['ZH_T01_0026_011:0497a02_12']	」復問曰：	」復問曰：	011	He further asked:
['ZH_T01_0026_011:0497a02_25']	「若無常者，是苦，非苦耶？	「若無常者，是苦，非苦耶？	011	If it is impermanent, is it suffering or not suffering?
['ZH_T01_0026_011:0497a03_2', 'ZH_T01_0026_011:0497a03_9']	」答曰：🔽「苦、變易也。	」答曰： 「苦、變易也。	011	He replied:
['ZH_T01_0026_011:0497a03_12']	世尊！	世尊！	011	It is suffering and changeable, World-Honored One!
['ZH_T01_0026_011:0497a03_17']	」復問曰：	」復問曰：	011	He further asked:
['ZH_T01_0026_011:0497a05_3']	「若無常、苦、變易法者，是多聞聖弟子頗受是我，是我所，我是彼所耶？	「若無常、苦、變易法者，是多聞聖弟子頗受是我，是我所，我是彼所耶？	011	If it is a dharma of impermanence, suffering, and change, can the learned noble disciples accept it as 'this is mine,' 'this is my self,' or 'I belong to that'?
['ZH_T01_0026_011:0497a05_7', 'ZH_T01_0026_011:0497a05_11']	」答曰：🔽「不也。	」答曰： 「不也。	011	He replied:
['ZH_T01_0026_011:0497a05_14']	世尊！	世尊！	011	No, World-Honored One!
['ZH_T01_0026_011:0497a05_19']	」復問曰：	」復問曰：	011	He further asked:
['ZH_T01_0026_011:0497a05_23']	「比丘！	「比丘！	011	Bhikṣus!
['ZH_T01_0026_011:0497a06_2']	於意云何？	於意云何？	011	What do you think?
['ZH_T01_0026_011:0497a06_18']	覺、想、行、識為有常，為無常耶？	覺、想、行、識為有常，為無常耶？	011	Are consciousness, perception, volition, and cognition permanent or impermanent?
['ZH_T01_0026_011:0497a06_22', 'ZH_T01_0026_011:0497a07_2']	」答曰：🔽「無常也。	」答曰： 「無常也。	011	He replied:
['ZH_T01_0026_011:0497a07_5']	世尊！	世尊！	011	Impermanent, World-Honored One!
['ZH_T01_0026_011:0497a07_10']	」復問曰：	」復問曰：	011	He further asked:
['ZH_T01_0026_011:0497a07_23']	「若無常者，是苦，非苦耶？	「若無常者，是苦，非苦耶？	011	If they are impermanent, are they suffering or not suffering?
['ZH_T01_0026_011:0497a08_1', 'ZH_T01_0026_011:0497a08_8']	」答曰：🔽「苦、變易也。	」答曰： 「苦、變易也。	011	He replied:
['ZH_T01_0026_011:0497a08_11']	世尊！	世尊！	011	They are suffering and subject to change, World-Honored One!
['ZH_T01_0026_011:0497a08_16']	」復問曰：	」復問曰：	011	He further asked:
['ZH_T01_0026_011:0497a10_2']	「若無常、苦、變易法者，是多聞聖弟子頗受是我，是我所，我是彼所耶？	「若無常、苦、變易法者，是多聞聖弟子頗受是我，是我所，我是彼所耶？	011	If they are impermanent, suffering, and subject to change, could the learned noble disciples still grasp at 'this is mine,' 'this is not mine,' 'I am this,' or 'this is mine'?
['ZH_T01_0026_011:0497a10_6', 'ZH_T01_0026_011:0497a10_10']	」答曰：🔽「不也。	」答曰： 「不也。	011	He replied:
['ZH_T01_0026_011:0497a10_13']	世尊！	世尊！	011	No, World-Honored One!
['ZH_T01_0026_011:0497a10_21']	」「是故，比丘！	」「是故，比丘！	011	Therefore, bhikṣus!
['ZH_T01_0026_011:0497a11_1']	汝應如是學。	汝應如是學。	011	You should train like this:
['ZH_T01_0026_011:0497a13_16']	若有色，或過去、或未來、或現在，或內、或外，或麤、或細，或好、或惡，或近、或遠，彼一切非我，非我所，我非彼所，當以慧觀知如真。	若有色，或過去、或未來、或現在，或內、或外，或麤、或細，或好、或惡，或近、或遠，彼一切非我，非我所，我非彼所，當以慧觀知如真。	011	If there is form, whether past, future, or present, internal or external, coarse or fine, beautiful or ugly, near or far, all of that is not self, not what belongs to self, and self does not possess it. One should contemplate and know it as it truly is with wisdom.
['ZH_T01_0026_011:0497a16_18']	若有覺、想、行、識，或過去、或未來、或現在，或內、或外，或麤、或細，或好、或惡，或近、或遠，彼一切非我，非我所，我非彼所，當以慧觀知如真。	若有覺、想、行、識，或過去、或未來、或現在，或內、或外，或麤、或細，或好、或惡，或近、或遠，彼一切非我，非我所，我非彼所，當以慧觀知如真。	011	If there is feeling, perception, mental formations, or consciousness, whether past, future, or present, internal or external, coarse or fine, beautiful or ugly, near or far, all of that is not self, not what belongs to self, and self does not possess it. One should contemplate and know it as it truly is with wisdom.
['ZH_T01_0026_011:0497a17_2']	比丘！	比丘！	011	Monks!
['ZH_T01_0026_011:0497a20_10']	若多聞聖弟子如是觀者，彼便厭色，厭覺、想、行、識，厭已便無欲，無欲已便解脫，解脫已便知解脫，生已盡，梵行已立，所作已辦，不更受有，知如真。	若多聞聖弟子如是觀者，彼便厭色，厭覺、想、行、識，厭已便無欲，無欲已便解脫，解脫已便知解脫，生已盡，梵行已立，所作已辦，不更受有，知如真。	011	If the well-versed noble disciple observes in this way, they will become disgusted with form, perception, volition, and consciousness. Having become disgusted, they will become free from desire. Having become free from desire, they will be liberated. Having been liberated, they will know and see as they truly are: 'Birth is ended, the holy life has been established, what was to be done has been done. There will not be another existence.'
['ZH_T01_0026_011:0497a22_2']	」於是，彼比丘聞佛所說，善受善持，即從坐起，稽首佛足，繞三匝而去。	」於是，彼比丘聞佛所說，善受善持，即從坐起，稽首佛足，繞三匝而去。	011	Then, having heard the Buddha's words, that bhikṣu happily accepted them to heart. He immediately rose from his seat, bowed at the Buddha's feet, circumambulated him three times, and left.
['ZH_T01_0026_011:0497a27_16']	彼比丘受佛化已，獨住遠離，心無放逸，修行精勤，彼獨住遠離，心無放逸，修行精勤已，族姓子所為，剃除鬚髮，著袈裟衣，至信、捨家、無家、學道者，唯無上梵行訖，於現法中自知自覺，自作證成就遊，生已盡，梵行已立，所作已辦，不更受有，知如真。	彼比丘受佛化已，獨住遠離，心無放逸，修行精勤，彼獨住遠離，心無放逸，修行精勤已，族姓子所為，剃除鬚髮，著袈裟衣，至信、捨家、無家、學道者，唯無上梵行訖，於現法中自知自覺，自作證成就遊，生已盡，梵行已立，所作已辦，不更受有，知如真。	011	After receiving the Buddha's teachings, that monk stayed alone in seclusion, with a mind free from negligence, practicing diligently. Having stayed alone in seclusion, with a mind free from negligence, and practicing diligently, the son of a good family, for whom the purpose of shaving the head and face, wearing the monastic robes, and with true faith leaving home for homelessness is only the unsurpassed holy life, having completed it in the present life, knew and realized it for himself, attained mastery of his mind, and dwelt having achieved it. Birth has been ended, the holy life has been established, what was to be done has been done. There will not be another existence. He knew as it really was.
['ZH_T01_0026_011:0497a28_12']	如是彼比丘知法已，乃至得阿羅訶。	如是彼比丘知法已，乃至得阿羅訶。	011	Thus, that monk, having known the Dharma, attained arhatship.
['ZH_T01_0026_011:0497a28_17']	佛說如是。	佛說如是。	011	The Buddha spoke like this.
['ZH_T01_0026_011:0497a29_12']	彼諸比丘聞佛所說，歡喜奉行。	彼諸比丘聞佛所說，歡喜奉行。	011	Those monks, having heard the Buddha's words, were delighted and received them respectfully.
['ZH_T01_0026_011:0497b04_4', 'ZH_T01_0026_011:0497b06_6']	牛糞喻經第四竟千六百三十三字62 頻鞞娑邏王迎佛經（六二）中阿含王相應品頻鞞娑邏王迎佛經第五初一日誦我聞如是：🔽一時，佛遊摩竭陀國，與大比丘眾俱，比丘一千悉無著、至真，本皆編髮，往詣王舍城摩竭陀邑。	牛糞喻經第四竟千六百三十三字62 頻鞞娑邏王迎佛經（六二）中阿含王相應品頻鞞娑邏王迎佛經第五初一日誦我聞如是： 一時，佛遊摩竭陀國，與大比丘眾俱，比丘一千悉無著、至真，本皆編髮，往詣王舍城摩竭陀邑。	011	Thus have I heard.🔽Once, the Buddha was traveling in the country of Magadha, together with a large assembly of monks, a thousand monks who were all without attachment and realized, all originally having topknots, and went to the city of Rajagriha in the country of Magadha.
['ZH_T01_0026_011:0497b09_4']	於是，摩竭陀王頻鞞娑邏聞世尊遊摩竭陀國，與大比丘眾俱，比丘一千悉無著、至真，本皆編髮，來此王舍城摩竭陀邑。	於是，摩竭陀王頻鞞娑邏聞世尊遊摩竭陀國，與大比丘眾俱，比丘一千悉無著、至真，本皆編髮，來此王舍城摩竭陀邑。	011	Then, King Ajatashatru of Magadha heard that the World-Honored One was traveling in the country of Magadha, together with a large assembly of monks, a thousand monks who were all without attachment and realized, all originally having topknots, and had come to the city of Rajagriha in the country of Magadha.
['ZH_T01_0026_011:0497b11_14']	摩竭陀王頻鞞娑邏聞已，即集四種軍，象軍、馬軍、車軍，步軍，集四種軍已，與無數眾俱，長一由延，往詣佛所。	摩竭陀王頻鞞娑邏聞已，即集四種軍，象軍、馬軍、車軍，步軍，集四種軍已，與無數眾俱，長一由延，往詣佛所。	011	King Bimbisāra of Magadha heard this and immediately assembled the four divisions of his army: the elephant division, the cavalry, the chariot division, and the infantry. Having assembled the four divisions of his army, he went with countless people, extending for one yojana, to where the Buddha was.
['ZH_T01_0026_011:0497b14_4']	於是，世尊遙見摩竭陀王頻鞞娑邏來，則便避道，往至善住尼拘類樹王下，敷尼師檀，結跏趺坐，及比丘眾。	於是，世尊遙見摩竭陀王頻鞞娑邏來，則便避道，往至善住尼拘類樹王下，敷尼師檀，結跏趺坐，及比丘眾。	011	Then, the World-Honored One saw from afar that King Bimbisāra of Magadha was coming. He then avoided the road and went to the foot of a well-abiding niṣadha tree king. He spread out his niṣīdana, sat in full lotus position, together with the assembly of bhikṣus.
['ZH_T01_0026_011:0497b17_18']	摩竭陀王頻鞞娑邏遙見世尊在林樹間，端正姝好，猶星中月，光耀煒曄，晃若金山，相好具足，威神巍巍，諸根寂定，無有蔽礙，成就調御，息心靜默，見已下車。	摩竭陀王頻鞞娑邏遙見世尊在林樹間，端正姝好，猶星中月，光耀煒曄，晃若金山，相好具足，威神巍巍，諸根寂定，無有蔽礙，成就調御，息心靜默，見已下車。	011	King Bimbisāra of Magadha saw from afar that the World-Honored One was in the forest among the trees, upright and beautiful, like the moon among the stars, shining brightly, dazzling like a golden mountain, endowed with the thirty-two marks, majestic and majestic, with his faculties tranquil and restrained, without obstruction, accomplished in self-control, his mind at rest and silent. Having seen this, he got down from his carriage.
['ZH_T01_0026_011:0497b19_4']	若諸王剎利以水灑頂，得為人主，整御大地，有五儀式：	若諸王剎利以水灑頂，得為人主，整御大地，有五儀式：	011	If the kings and kṣatriyas are sprinkled with water on the head, they become rulers of the people, governing the great earth, with five ceremonial procedures:
['ZH_T01_0026_011:0497b21_7']	一者劍，二者蓋，三者天冠，四者珠柄拂，五者嚴飾屣，一切除却，及四種軍，步進詣佛。	一者劍，二者蓋，三者天冠，四者珠柄拂，五者嚴飾屣，一切除却，及四種軍，步進詣佛。	011	First, a sword, second, an umbrella, third, a heavenly crown, fourth, a jeweled-handled whisk, fifth, ornate shoes - all were removed, along with the four types of troops, and he approached the Buddha on foot.
['ZH_T01_0026_011:0497b21_18']	到已作禮，三自稱名姓：	到已作禮，三自稱名姓：	011	Having arrived, he made prostrations and thrice proclaimed his name and clan:
['ZH_T01_0026_011:0497b22_1']	「世尊！	「世尊！	011	World-Honored One!
['ZH_T01_0026_011:0497b22_14']	我是摩竭陀王洗尼頻鞞娑邏。	我是摩竭陀王洗尼頻鞞娑邏。	011	I am the King of Magadha, Ajatashatru.
['ZH_T01_0026_011:0497b23_1']	」如是至三。	」如是至三。	011	Thus, he did this three times.
['ZH_T01_0026_011:0497b23_9']	於是，世尊告曰：	於是，世尊告曰：	011	Then, the World-Honored One said:
['ZH_T01_0026_011:0497b23_13']	「大王！	「大王！	011	Great King!
['ZH_T01_0026_011:0497b23_19']	如是，如是。	如是，如是。	011	It is so, it is so.
['ZH_T01_0026_011:0497b24_9']	汝是摩竭陀王洗尼頻鞞娑邏。	汝是摩竭陀王洗尼頻鞞娑邏。	011	You are the King of Magadha, Ajatashatru.
['ZH_T01_0026_011:0497b26_3']	」於是，摩竭陀王洗尼頻鞞娑邏再三自稱名姓已，為佛作禮，却坐一面。	」於是，摩竭陀王洗尼頻鞞娑邏再三自稱名姓已，為佛作禮，却坐一面。	011	Then, the King of Magadha, Ajatashatru, having thrice proclaimed his name and clan, made prostrations to the Buddha and sat to one side.
['ZH_T01_0026_011:0497b28_12']	諸摩竭陀人或禮佛足，却坐一面，或問訊佛，却坐一面，或叉手向佛，却坐一面，或遙見佛已，默然而坐。	諸摩竭陀人或禮佛足，却坐一面，或問訊佛，却坐一面，或叉手向佛，却坐一面，或遙見佛已，默然而坐。	011	The people of Magadha, some having paid homage at the Buddha's feet, sat to one side; some having greeted the Buddha, sat to one side; some having joined palms towards the Buddha, sat to one side; some having seen the Buddha from afar, sat silently.
['ZH_T01_0026_011:0497b29_7']	爾時，尊者欝毘邏迦葉亦在眾坐。	爾時，尊者欝毘邏迦葉亦在眾坐。	011	At that time, Venerable Ubbirī Kāśyapa was also sitting in the assembly.
['ZH_T01_0026_011:0497c01_17']	尊者欝毘羅迦葉是摩竭陀人意之所係，謂大尊師，是無著真人。	尊者欝毘羅迦葉是摩竭陀人意之所係，謂大尊師，是無著真人。	011	Venerable Ubbirī Kāśyapa was a person from Magadha who was regarded as a great teacher and an unattached sage by the people.
['ZH_T01_0026_011:0497c02_10', 'ZH_T01_0026_011:0497c03_6']	於是，摩竭陀人悉作是念：🔽「沙門瞿曇從欝毘羅迦葉學梵行耶？	於是，摩竭陀人悉作是念： 「沙門瞿曇從欝毘羅迦葉學梵行耶？	011	Then, all the people of Magadha had this thought:🔽Does the śramaṇa Gautama study the holy life under Ubbirī Kāśyapa?
['ZH_T01_0026_011:0497c04_5']	為欝毘羅迦葉從沙門瞿曇學梵行耶？	為欝毘羅迦葉從沙門瞿曇學梵行耶？	011	Or does Ubbirī Kāśyapa study the holy life under the śramaṇa Gautama?
['ZH_T01_0026_011:0497c05_17']	」爾時，世尊即知摩竭陀人心之所念，便向尊者欝毘羅迦葉而說頌曰：	」爾時，世尊即知摩竭陀人心之所念，便向尊者欝毘羅迦葉而說頌曰：	011	At that time, the World-Honored One knew what the people of Magadha were thinking, and he spoke a verse to Venerable Ubbirī Kāśyapa, saying:
['ZH_T01_0026_011:0497c06_14']	「欝毘見何等，　　斷火來就此？	「欝毘見何等，　　斷火來就此？	011	What did Ubbirī see that he abandoned the fire and came to this place?
['ZH_T01_0026_011:0497c07_13']	迦葉為我說，　　所由不事火。	迦葉為我說，　　所由不事火。	011	May Kāśyapa tell me why he no longer serves the fire.
['ZH_T01_0026_011:0497c08_0']	飲食種種味，　　為欲故事火，	飲食種種味，　　為欲故事火，	011	Eating and drinking various flavors, one serves the fire for the sake of desire,
['ZH_T01_0026_011:0497c09_13']	生中見如此，　　是故不樂事。	生中見如此，　　是故不樂事。	011	Seeing such things in life, therefore one does not enjoy serving it.
['ZH_T01_0026_011:0497c10_0']	迦葉意不樂，　　飲食種種味，	迦葉意不樂，　　飲食種種味，	011	Kāśyapa does not enjoy eating and drinking various flavors,
['ZH_T01_0026_011:0497c11_5']	何不樂天人？	何不樂天人？	011	Why do you not delight in the heavens and humans?
['ZH_T01_0026_011:0497c11_13']	　　迦葉為我說。	　　迦葉為我說。	011	Kāśyapa, please explain to me.
['ZH_T01_0026_011:0497c12_0']	「見寂靜滅盡，　　無為不欲有，	「見寂靜滅盡，　　無為不欲有，	011	Seeing the tranquil, extinguished, and unconditioned, not desiring existence,
['ZH_T01_0026_011:0497c13_13']	更無有尊天，　　是故不事火。	更無有尊天，　　是故不事火。	011	There is no other honored god, therefore I do not serve fire.
['ZH_T01_0026_011:0497c14_0']	世尊為最勝，　　世尊不邪思，	世尊為最勝，　　世尊不邪思，	011	The World-Honored One is supreme, the World-Honored One does not think wrongly,
['ZH_T01_0026_011:0497c15_13']	了解覺諸法，　　我受最勝法。	了解覺諸法，　　我受最勝法。	011	Understanding and awakening to all dharmas, I accept the supreme Dharma.
['ZH_T01_0026_011:0497c16_7']	」於是，世尊告曰：	」於是，世尊告曰：	011	Then the World-Honored One said:
['ZH_T01_0026_011:0497c16_11']	「迦葉！	「迦葉！	011	Kāśyapa!
['ZH_T01_0026_011:0497c17_8']	汝今當為現如意足，令此眾會咸得信樂。	汝今當為現如意足，令此眾會咸得信樂。	011	You should now manifest your spiritual powers to bring faith and joy to this assembly.
['ZH_T01_0026_011:0497c20_2']	」於是，尊者欝毘羅迦葉即如其像作如意足，便在坐沒，從東方出，飛騰虛空，現四種威儀，一行、二住、三坐、四臥。	」於是，尊者欝毘羅迦葉即如其像作如意足，便在坐沒，從東方出，飛騰虛空，現四種威儀，一行、二住、三坐、四臥。	011	Then the Venerable Utpala Kāśyapa immediately manifested his spiritual powers as appropriate, and while sitting, he disappeared and emerged from the east, flying through the sky and displaying the four kinds of deportment: walking, standing, sitting, and lying down.
['ZH_T01_0026_011:0497c24_13']	復次，入於火定，尊者欝毘羅迦葉入火定已，身中便出種種火焰，青、黃、赤、白中水精色，下身出火，上身出水，上身出火，下身出水，如是南、西、北方，飛騰虛空，現四種威儀，一行，二住，三坐，四臥。	復次，入於火定，尊者欝毘羅迦葉入火定已，身中便出種種火焰，青、黃、赤、白中水精色，下身出火，上身出水，上身出火，下身出水，如是南、西、北方，飛騰虛空，現四種威儀，一行，二住，三坐，四臥。	011	Furthermore, entering the fire concentration, Venerable Utpala-kasyapa, having entered the fire concentration, emitted various flames from his body, blue, yellow, red, white, and crystal-colored, emitting fire from the lower body and water from the upper body, emitting fire from the upper body and water from the lower body. In this way, in the south, west, and north, flying through the sky, he manifested the four kinds of deportment, walking, standing, sitting, and lying down.
['ZH_T01_0026_011:0497c27_11']	復次，入於火定，尊者欝毘羅迦葉入火定已，身中便出種種火焰，青、黃、赤、白中水精色，下身出火，上身出水，上身出火，下身出水。	復次，入於火定，尊者欝毘羅迦葉入火定已，身中便出種種火焰，青、黃、赤、白中水精色，下身出火，上身出水，上身出火，下身出水。	011	Furthermore, entering the fire concentration, Venerable Utpala-kasyapa, having entered the fire concentration, emitted various flames from his body, blue, yellow, red, white, and crystal-colored, emitting fire from the lower body and water from the upper body, emitting fire from the upper body and water from the lower body.
['ZH_T01_0026_011:0497c28_15']	於是，尊者欝毘羅迦葉止如意足已，為佛作禮，白曰：	於是，尊者欝毘羅迦葉止如意足已，為佛作禮，白曰：	011	Then, Venerable Utpala-kasyapa, having stopped the supernormal power, bowed to the Buddha and said:
['ZH_T01_0026_011:0497c28_19']	「世尊！	「世尊！	011	World-Honored One!
['ZH_T01_0026_011:0498a01_1']	佛是我師，我是佛弟子，佛一切智，我無一切智。	佛是我師，我是佛弟子，佛一切智，我無一切智。	011	The Buddha is my teacher, I am the Buddha's disciple. The Buddha has omniscience, I do not have omniscience.
['ZH_T01_0026_011:0498a01_7']	」世尊告曰：	」世尊告曰：	011	The World-Honored One said:
['ZH_T01_0026_011:0498a01_11']	「如是。	「如是。	011	It is so.
['ZH_T01_0026_011:0498a01_14']	迦葉！	迦葉！	011	Kāśyapa!
['ZH_T01_0026_011:0498a01_17']	如是。	如是。	011	It is so.
['ZH_T01_0026_011:0498a01_20']	迦葉！	迦葉！	011	Kāśyapa!
['ZH_T01_0026_011:0498a02_8']	我有一切智，汝無一切智。	我有一切智，汝無一切智。	011	I have omniscience, you do not have omniscience.
['ZH_T01_0026_011:0498a03_8']	」爾時，尊者欝毘羅迦葉因自己故，而說頌曰：	」爾時，尊者欝毘羅迦葉因自己故，而說頌曰：	011	At that time, the Venerable Urubilvā Kāśyapa, because of himself, spoke a verse, saying:
['ZH_T01_0026_011:0498a04_0']	「昔無所知時，　　為解脫事火，	「昔無所知時，　　為解脫事火，	011	In the past, when I knew nothing, I practiced austerities for liberation,
['ZH_T01_0026_011:0498a05_13']	雖老猶生盲，　　邪不見真際。	雖老猶生盲，　　邪不見真際。	011	Though old, I was still born blind, wrongly not seeing the true reality.
['ZH_T01_0026_011:0498a06_0']	我今見上跡，　　無上龍所說，	我今見上跡，　　無上龍所說，	011	I now see the supreme traces, spoken by the unsurpassed Dragon,
['ZH_T01_0026_011:0498a07_13']	無為盡脫苦，　　見已生死盡。	無為盡脫苦，　　見已生死盡。	011	Free from afflictions, completely liberated from suffering, having seen, my birth and death are ended.
['ZH_T01_0026_011:0498a08_14']	」諸摩竭陀人見如此已，便作是念：	」諸摩竭陀人見如此已，便作是念：	011	When the people of Magadha saw this, they thought:
['ZH_T01_0026_011:0498a10_9']	「沙門瞿曇不從欝毘羅迦葉學梵行，欝毘羅迦葉從沙門瞿曇學梵行也。	「沙門瞿曇不從欝毘羅迦葉學梵行，欝毘羅迦葉從沙門瞿曇學梵行也。	011	The ascetic Gautama did not learn the holy life from Urubilvā Kāśyapa, Urubilvā Kāśyapa learned the holy life from the ascetic Gautama.
['ZH_T01_0026_011:0498a13_15']	」世尊知諸摩竭陀人心之所念，便為摩竭陀王洗尼頻鞞娑邏說法，勸發渴仰，成就歡喜，無量方便為彼說法，勸發渴仰，成就歡喜已。	」世尊知諸摩竭陀人心之所念，便為摩竭陀王洗尼頻鞞娑邏說法，勸發渴仰，成就歡喜，無量方便為彼說法，勸發渴仰，成就歡喜已。	011	The World-Honored One, knowing the thoughts in the minds of the people of Magadha, then spoke the Dharma for King Ajatashatru of Magadha, encouraging, benefiting, and delighting them. Using countless skillful means, he spoke the Dharma for them, encouraging, benefiting, and delighting them.
['ZH_T01_0026_011:0498a16_17']	如諸佛法，先說端正法，聞者歡悅，謂說施、說戒、說生天法，毀呰欲為災患，生死為穢，稱歎無欲為妙道品白淨，世尊為彼大王說之。	如諸佛法，先說端正法，聞者歡悅，謂說施、說戒、說生天法，毀呰欲為災患，生死為穢，稱歎無欲為妙道品白淨，世尊為彼大王說之。	011	As is the way of the Buddhas, he first spoke the correct Dharma, which brings joy to the listeners, namely, speaking of giving, speaking of precepts, speaking of the Dharma of rebirth in the heavens, criticizing desires as calamities, and birth and death as defilements, praising the wonderful path of purity free from desires. The World-Honored One spoke of these for the great king.
['ZH_T01_0026_011:0498a20_9']	佛已知彼有歡喜心、具足心、柔軟心、堪耐心、昇上心、一向心、無疑心、無盡心，有能、有力堪受正法，謂如諸佛所說正要，世尊即為彼說苦、習、滅、道。	佛已知彼有歡喜心、具足心、柔軟心、堪耐心、昇上心、一向心、無疑心、無盡心，有能、有力堪受正法，謂如諸佛所說正要，世尊即為彼說苦、習、滅、道。	011	The Buddha already knew that he had a joyful mind, a complete mind, a pliable mind, a patient mind, an elevated mind, a one-pointed mind, a doubt-free mind, an inexhaustible mind, and the ability and strength to accept the true Dharma, namely, the true essentials spoken by the Buddhas. The World-Honored One then spoke to him of suffering, its arising, its cessation, and the path.
['ZH_T01_0026_011:0498a20_13']	「大王！	「大王！	011	Great King!
['ZH_T01_0026_011:0498a21_1']	色生滅，汝當知色生滅。	色生滅，汝當知色生滅。	011	You should know that form arises and ceases.
['ZH_T01_0026_011:0498a21_4']	大王！	大王！	011	Great King!
['ZH_T01_0026_011:0498a21_21']	覺、想、行、識生滅，汝當知識生滅。	覺、想、行、識生滅，汝當知識生滅。	011	You should know that feeling, perception, mental formations, and consciousness arise and cease.
['ZH_T01_0026_011:0498a22_1']	大王！	大王！	011	Great King!
['ZH_T01_0026_011:0498a22_16']	猶如大雨時，水上之泡或生或滅。	猶如大雨時，水上之泡或生或滅。	011	It is like a great rain, with bubbles on the water arising and ceasing.
['ZH_T01_0026_011:0498a22_19']	大王！	大王！	011	Great King!
['ZH_T01_0026_011:0498a23_13']	色生滅亦如是，汝當知色生滅。	色生滅亦如是，汝當知色生滅。	011	Form arising and ceasing is also like this. You should know that form arises and ceases.
['ZH_T01_0026_011:0498a23_16']	大王！	大王！	011	Great King!
['ZH_T01_0026_011:0498a24_12']	覺、想、行、識生滅，汝當知識生滅。	覺、想、行、識生滅，汝當知識生滅。	011	You should know that feeling, perception, mental formations, and consciousness arise and cease.
['ZH_T01_0026_011:0498a24_16']	「大王！	「大王！	011	Great King!
['ZH_T01_0026_011:0498a25_13']	若族姓子知色生滅，便知不復生當來色。	若族姓子知色生滅，便知不復生當來色。	011	If a son of a great clan knows the arising and ceasing of form, he will know that he will not give rise to form in the future.
['ZH_T01_0026_011:0498a25_16']	大王！	大王！	011	Great King!
['ZH_T01_0026_011:0498a27_1']	若族姓子知覺、想、行、識生滅，便知不復生當來識。	若族姓子知覺、想、行、識生滅，便知不復生當來識。	011	If a son of a great clan knows the arising and ceasing of feeling, perception, mental formations, and consciousness, he will know that he will not give rise to consciousness in the future.
['ZH_T01_0026_011:0498a27_4']	大王！	大王！	011	Great King!
['ZH_T01_0026_011:0498a28_16']	若族姓子知色如真，便不著色，不計色，不染色，不住色，不樂色是我。	若族姓子知色如真，便不著色，不計色，不染色，不住色，不樂色是我。	011	If a son of a great clan knows form as it truly is, he will not be attached to form, will not grasp at form, will not be dyed by form, will not dwell in form, and will not delight in form as 'this is mine.'
['ZH_T01_0026_011:0498a28_19']	大王！	大王！	011	Great King!
['ZH_T01_0026_011:0498b01_15']	若族姓子知覺、想、行、識如真，便不著識，不計識，不染識，不住識，不樂識是我。	若族姓子知覺、想、行、識如真，便不著識，不計識，不染識，不住識，不樂識是我。	011	If a son of a good family knows feeling, perception, mental formations, and consciousness as they really are, then he does not cling to consciousness, does not reckon consciousness, does not become defiled by consciousness, does not dwell in consciousness, and does not delight in consciousness as 'this is mine.'
['ZH_T01_0026_011:0498b01_18']	大王！	大王！	011	Great King!
['ZH_T01_0026_011:0498b03_14']	若族姓子不著色，不計色，不染色，不住色，不樂色是我者，便不復更受當來色。	若族姓子不著色，不計色，不染色，不住色，不樂色是我者，便不復更受當來色。	011	If a son of a good family does not cling to form, does not reckon form, does not become defiled by form, does not dwell in form, and does not delight in form as 'this is mine,' then he will not again experience form in the future.
['ZH_T01_0026_011:0498b03_17']	大王！	大王！	011	Great King!
['ZH_T01_0026_011:0498b05_18']	若族姓子不著覺、想、行、識，不計識，不染識，不住識，不樂識是我者，便不復更受當來識。	若族姓子不著覺、想、行、識，不計識，不染識，不住識，不樂識是我者，便不復更受當來識。	011	If a son of a good family does not cling to feeling, perception, mental formations, and consciousness, does not reckon consciousness, does not become defiled by consciousness, does not dwell in consciousness, and does not delight in consciousness as 'this is mine,' then he will not again experience consciousness in the future.
['ZH_T01_0026_011:0498b06_2']	大王！	大王！	011	Great King!
['ZH_T01_0026_011:0498b07_12']	此族姓子無量、不可計、無限，得息寂，若捨此五陰已，則不更受陰也。	此族姓子無量、不可計、無限，得息寂，若捨此五陰已，則不更受陰也。	011	This son of a good family is immeasurable, incalculable, and limitless, having attained tranquility. If he abandons these five aggregates, then he will not again experience the aggregates.
['ZH_T01_0026_011:0498b08_6']	」於是，諸摩竭陀人而作是念：	」於是，諸摩竭陀人而作是念：	011	Then the people of Magadha had this thought:
['ZH_T01_0026_011:0498b09_4']	「若使色無常，覺、想、行、識無常者，誰活？	「若使色無常，覺、想、行、識無常者，誰活？	011	If form is impermanent, and feeling, perception, mental formations, and consciousness are impermanent, who lives?
['ZH_T01_0026_011:0498b09_9']	誰受苦樂？	誰受苦樂？	011	Who experiences suffering and pleasure?
['ZH_T01_0026_011:0498b10_7']	」世尊即知摩竭陀人心之所念，便告比丘：	」世尊即知摩竭陀人心之所念，便告比丘：	011	The World-Honored One immediately knew what the people of Magadha were thinking, and then told the bhikṣus:
['ZH_T01_0026_011:0498b12_1']	「愚癡凡夫不有所聞，見我是我而著於我，但無我、無我所，空我、空我所。	「愚癡凡夫不有所聞，見我是我而著於我，但無我、無我所，空我、空我所。	011	Foolish ordinary beings, without learning, see 'I am' and become attached to 'I am', but there is only no-self, no possessions, empty self, empty possessions.
['ZH_T01_0026_011:0498b13_11']	法生則生，法滅則滅，皆由因緣合會生苦，若無因緣，諸苦便滅。	法生則生，法滅則滅，皆由因緣合會生苦，若無因緣，諸苦便滅。	011	When dharmas arise, they arise; when dharmas cease, they cease, all due to the combination of causes and conditions giving rise to suffering. If there are no causes and conditions, then all suffering will cease.
['ZH_T01_0026_011:0498b15_2']	眾生因緣會相連續則生諸法，如來見眾生相連續生已，便作是說：	眾生因緣會相連續則生諸法，如來見眾生相連續生已，便作是說：	011	Because sentient beings' causes and conditions come together and continue in succession, then all dharmas arise. The Tathāgata sees that sentient beings continue in succession and give rise to [dharmas], and then he explains like this:
['ZH_T01_0026_011:0498b18_2']	『有生有死，我以清淨天眼出過於人，見此眾生死時、生時，好色、惡色，或妙、不妙，往來善處及不善處，隨此眾生之所作業，見其如真。	『有生有死，我以清淨天眼出過於人，見此眾生死時、生時，好色、惡色，或妙、不妙，往來善處及不善處，隨此眾生之所作業，見其如真。	011	'There is birth and death. With my pure divine eye, surpassing that of ordinary humans, I see this assembly of beings dying and being reborn, with good color and bad color, either wonderful or not wonderful, going and coming to good places and bad places, seeing it as it truly is according to the actions of these beings.
['ZH_T01_0026_011:0498b20_9']	若此眾生成就身惡行，口、意惡行，誹謗聖人，邪見成就邪見業，彼因緣此，身壞命終，必至惡處，生地獄中。	若此眾生成就身惡行，口、意惡行，誹謗聖人，邪見成就邪見業，彼因緣此，身壞命終，必至惡處，生地獄中。	011	If these beings have perfected evil bodily actions, evil speech and mind, slander sages, have wrong views and perfect wrong views and actions, because of this, when their body perishes and their life ends, they will surely go to a bad place, being born in hell.
['ZH_T01_0026_011:0498b22_19']	若此眾生成就身善行，口、意善行，不誹謗聖人，正見成就正見業，彼因緣此，身壞命終，必昇善處，乃至天上。	若此眾生成就身善行，口、意善行，不誹謗聖人，正見成就正見業，彼因緣此，身壞命終，必昇善處，乃至天上。	011	If these beings have perfected good bodily actions, good speech and mind, do not slander sages, have right views and perfect right views and actions, because of this, when their body perishes and their life ends, they will surely ascend to a good place, even to the heavens.'
['ZH_T01_0026_011:0498b25_6']	』我知彼如是，然不語彼，此是我為能覺、能語、作教、作起、教起，謂彼彼處受善惡業報，於中或有作是念：	』我知彼如是，然不語彼，此是我為能覺、能語、作教、作起、教起，謂彼彼處受善惡業報，於中或有作是念：	011	I know this to be so, but I do not speak of it to them. This is what I am able to perceive, speak of, teach, initiate, and cause to be initiated, namely, the experience of the results of good and evil actions in various places. Among them, some may think:
['ZH_T01_0026_011:0498b27_13']	『此不相應，此不得住，其行如法，因此生彼，若無此因便不生彼，因此有彼，若此滅者，彼便滅也。	『此不相應，此不得住，其行如法，因此生彼，若無此因便不生彼，因此有彼，若此滅者，彼便滅也。	011	'This is not appropriate, this cannot stand. The practice is in accordance with the Dharma. From this, that arises. If there were no cause, then that would not arise. Because of this, there is that. If this ceases, then that ceases.'
['ZH_T01_0026_011:0498b29_10']	』所謂緣無明有行，乃至緣生有老死，若無明滅，則行便滅，乃至生滅則老死滅。	』所謂緣無明有行，乃至緣生有老死，若無明滅，則行便滅，乃至生滅則老死滅。	011	Namely, dependent on ignorance there are volitional formations, up to dependent on birth there is old age and death. If ignorance ceases, then volitional formations cease, up to if birth ceases then old age and death cease.
['ZH_T01_0026_011:0498b29_13']	大王！	大王！	011	Great King!
['ZH_T01_0026_011:0498b29_18']	於意云何？	於意云何？	011	What do you think?
['ZH_T01_0026_011:0498c01_8']	色為有常，為無常耶？	色為有常，為無常耶？	011	Is form permanent or impermanent?
['ZH_T01_0026_011:0498c01_12', 'ZH_T01_0026_011:0498c01_17']	」答曰：🔽「無常也。	」答曰： 「無常也。	011	He replied:
['ZH_T01_0026_011:0498c01_20']	世尊！	世尊！	011	Impermanent, World-Honored One!
['ZH_T01_0026_011:0498c02_1']	」復問曰：	」復問曰：	011	He further asked:
['ZH_T01_0026_011:0498c02_14']	「若無常者，是苦，非苦耶？	「若無常者，是苦，非苦耶？	011	If it is impermanent, is it suffering or not suffering?
['ZH_T01_0026_011:0498c02_18']	」答曰：	」答曰：	011	He replied:
['ZH_T01_0026_011:0498c02_25']	「苦、變易也。	「苦、變易也。	011	Suffering, and subject to change.
['ZH_T01_0026_011:0498c03_1']	世尊！	世尊！	011	World-Honored One!
['ZH_T01_0026_011:0498c03_6']	」復問曰：	」復問曰：	011	 He asked again:
['ZH_T01_0026_011:0498c04_15']	「若無常、苦、變易法者，是多聞聖弟子頗受是我，是我所，我是彼所耶？	「若無常、苦、變易法者，是多聞聖弟子頗受是我，是我所，我是彼所耶？	011	If they are impermanent, suffering, and subject to change, can the well-versed noble disciples accept them as 'this is mine', 'this is my self', or 'I belong to that'?
['ZH_T01_0026_011:0498c04_19', 'ZH_T01_0026_011:0498c05_1']	」答曰：🔽「不也。	」答曰： 「不也。	011	 He replied:
['ZH_T01_0026_011:0498c05_4']	世尊！	世尊！	011	No, World-Honored One!
['ZH_T01_0026_011:0498c05_9']	」「大王！	」「大王！	011	Great King!
['ZH_T01_0026_011:0498c05_14']	於意云何？	於意云何？	011	What do you think?
['ZH_T01_0026_011:0498c06_4']	覺、想、行、識為有常，為無常耶？	覺、想、行、識為有常，為無常耶？	011	Are consciousness, perception, volition, and cognition permanent or impermanent?
['ZH_T01_0026_011:0498c06_8', 'ZH_T01_0026_011:0498c06_13']	」答曰：🔽「無常也。	」答曰： 「無常也。	011	 He replied:
['ZH_T01_0026_011:0498c06_16']	世尊！	世尊！	011	Impermanent, World-Honored One!
['ZH_T01_0026_011:0498c06_21']	」復問曰：	」復問曰：	011	He asked again:
['ZH_T01_0026_011:0498c07_9']	「若無常者，是苦，非苦耶？	「若無常者，是苦，非苦耶？	011	If they are impermanent, are they suffering or not suffering?
['ZH_T01_0026_011:0498c07_13']	」答曰：	」答曰：	011	 He replied:
['ZH_T01_0026_011:0498c07_20']	「苦、變易也。	「苦、變易也。	011	Suffering, and subject to change.
['ZH_T01_0026_011:0498c07_23']	世尊！	世尊！	011	World-Honored One!
['ZH_T01_0026_011:0498c08_1']	」復問曰：	」復問曰：	011	He asked again:
['ZH_T01_0026_011:0498c09_12', 'ZH_T01_0026_011:0498c09_16']	「若無常、苦、變易法者，是多聞聖弟子頗受是我，是我所，我是彼所耶？🔽」答曰：	「若無常、苦、變易法者，是多聞聖弟子頗受是我，是我所，我是彼所耶？ 」答曰：	011	If they are impermanent, suffering, and subject to change, can the well-versed noble disciples accept them as 'this is mine', 'this is my self', or 'I belong to that'?🔽 He replied:
['ZH_T01_0026_011:0498c09_20']	「不也。	「不也。	011	No, World-Honored One!
['ZH_T01_0026_011:0498c09_23']	世尊！	世尊！	011	World-Honored One!
['ZH_T01_0026_011:0498c10_1']	」「大王。	」「大王。	011	Great King!
['ZH_T01_0026_011:0498c10_9']	是故汝當如是學。	是故汝當如是學。	011	Therefore, you should train like this:
['ZH_T01_0026_011:0498c13_9']	若有色，或過去、或未來、或現在，或內、或外，或麤、或細，或好、或惡，或近、或遠，彼一切非我，非我所，我非彼所，當以慧觀知如真，大王。	若有色，或過去、或未來、或現在，或內、或外，或麤、或細，或好、或惡，或近、或遠，彼一切非我，非我所，我非彼所，當以慧觀知如真，大王。	011	If there is form, whether past, future, or present, internal or external, coarse or fine, beautiful or ugly, near or far, all of that is not the self, not the self of others, and the self does not belong to that. You should contemplate with wisdom and know it as it truly is, Great King.
['ZH_T01_0026_011:0498c16_9']	若有覺、想、行、識，或過去、或未來、或現在，或內、或外，或麤、或細，或好、或惡，或近、或遠，彼一切非我，非我所，我非彼所，當以慧觀知如真。	若有覺、想、行、識，或過去、或未來、或現在，或內、或外，或麤、或細，或好、或惡，或近、或遠，彼一切非我，非我所，我非彼所，當以慧觀知如真。	011	If there is perception, conception, volition, or consciousness, whether past, future, or present, internal or external, coarse or fine, beautiful or ugly, near or far, all of that is not the self, not the self of others, and the self does not belong to that. You should contemplate with wisdom and know it as it truly is.
['ZH_T01_0026_011:0498c16_12']	大王！	大王！	011	Great King!🔽Great King!
['ZH_T01_0026_011:0498c20_2']	若多聞聖弟子如是觀者，彼便厭色，厭覺、想、行、識，厭已便無欲，無欲已便得解脫，解脫已便知解脫，生已盡，梵行已立，所作已辦，不更受有，知如真。	若多聞聖弟子如是觀者，彼便厭色，厭覺、想、行、識，厭已便無欲，無欲已便得解脫，解脫已便知解脫，生已盡，梵行已立，所作已辦，不更受有，知如真。	011	If the well-versed noble disciples contemplate in this way, they will become disgusted with form, and disgusted with perception, volition, and consciousness. Having become disgusted, they will become free from desire. Having become free from desire, they will attain liberation. Having attained liberation, they will know and realize it for themselves. Having ended birth and the practice of spiritual life, having accomplished what was to be done, they will not undergo another existence after this one, knowing it as it really is.
['ZH_T01_0026_011:0498c22_17']	」佛說此法時，摩竭陀王洗尼頻鞞娑邏遠塵離垢，諸法法眼生，及八萬天、摩竭陀諸人萬二千，遠塵離垢，諸法法眼生。	」佛說此法時，摩竭陀王洗尼頻鞞娑邏遠塵離垢，諸法法眼生，及八萬天、摩竭陀諸人萬二千，遠塵離垢，諸法法眼生。	011	When the Buddha taught this Dharma, King Ajatashatru of Magadha, free from defilements, with purified and stainless Dharma-eye, and eighty thousand gods and twelve thousand people of Magadha, free from defilements, with purified and stainless Dharma-eye,
['ZH_T01_0026_011:0498c26_12']	於是，摩竭陀王洗尼頻鞞娑邏見法得法，覺白淨法，斷疑度惑，更無餘尊，不復從他，無有猶豫，已住果證，於世尊法得無所畏，即從坐起，稽首佛足，白曰：	於是，摩竭陀王洗尼頻鞞娑邏見法得法，覺白淨法，斷疑度惑，更無餘尊，不復從他，無有猶豫，已住果證，於世尊法得無所畏，即從坐起，稽首佛足，白曰：	011	Then King Ajatashatru of Magadha, having seen the Dharma, attained the Dharma, manifested the white Dharma, cut off doubt, crossed over uncertainty, and would no longer have any other teacher. He did not rely on others, was not undecided, and had attained the fruit. He was fearless in the teachings of the World-Honored One. He rose from his seat, bowed at the Buddha's feet, and said:
['ZH_T01_0026_011:0498c26_16']	「世尊！	「世尊！	011	World-Honored One!
['ZH_T01_0026_011:0498c28_16']	我今自歸於佛、法及比丘眾，唯願世尊受我為優婆塞，從今日始，終身自歸，乃至命盡。	我今自歸於佛、法及比丘眾，唯願世尊受我為優婆塞，從今日始，終身自歸，乃至命盡。	011	I now take refuge in the Buddha, the Dharma, and the Saṅgha of bhikṣus. May the World-Honored One accept me as an upāsaka. From this day forth, for as long as I live, I take refuge and will not take another master.
['ZH_T01_0026_011:0498c29_1']	」佛說如是。	」佛說如是。	011	The Buddha spoke thus.
['ZH_T01_0026_011:0499a01_20']	摩竭陀王洗尼頻鞞娑邏及八萬天，摩竭諸人萬二千，及千比丘，聞佛所說，歡喜奉行。	摩竭陀王洗尼頻鞞娑邏及八萬天，摩竭諸人萬二千，及千比丘，聞佛所說，歡喜奉行。	011	The king of Magadha Ajātaśatru Vaidehīputra, and eighty thousand gods, the people of Magadha, twelve thousand, and one thousand bhikṣus, having heard what the Buddha said, joyfully undertook to follow it.
['ZH_T01_0026_011:0499a03_100']	頻鞞娑邏王迎佛經第五竟二千二百二十字中阿含經卷第十一七千九百九十六字	頻鞞娑邏王迎佛經第五竟二千二百二十字中阿含經卷第十一七千九百九十六字	011	The Sūtra of King Bimbisāra Welcoming the Buddha, the fifth one, ends here. 2,220 characters Middle Length Āgama Sutras, Scroll 11, 7,996 characters
