segmentnr	original	analyzed	folio	translated
['ZH_T53_2121_009:0046a02_0']	經律異相卷第九外化菩薩部第二	經律異相卷第九外化菩薩部第二	009	Sutra of the Buddha's Life, Scroll 9, Section on Bodhisattvas' External Transformations, Part 2
['ZH_T53_2121_009:0046a04_0', 'ZH_T53_2121_009:0046a05_0', 'ZH_T53_2121_009:0046a17_10_0']	梁沙門僧旻寶唱等集🔽2 外化菩薩部(九)文殊變金光首女令成醜壞一文殊現🔽身諸剎取鉢弘教二普賢誓護五種法師三淨精進	梁沙門僧旻寶唱等集 2 外化菩薩部(九)文殊變金光首女令成醜壞一文殊現 身諸剎取鉢弘教二普賢誓護五種法師三淨精進	009	Compiled by Liang Dynasty Monk Sengmin, Baochang, and others
['ZH_T53_2121_009:0046a17_10_1', 'ZH_T53_2121_009:0046a17_10_2']	化功德財久忍眾苦四樹提摩納手出龍象五普施🔽求珠降伏海神以濟窮乏六重勝王與女人一處為	化功德財久忍眾苦四樹提摩納手出龍象五普施 求珠降伏海神以濟窮乏六重勝王與女人一處為	009	Section on Bodhisattvas' External Transformations (9) Mañjuśrī transforms the woman Jinguangshou into an ugly person, Mañjuśrī manifests his body in all buddha-lands to obtain a bowl and spread the teachings, Samantabhadra vows to protect the five kinds of Dharma teachers, Jingjingjin transforms his merits and wealth, enduring various hardships for a long time, Shudeng Tamo Na's hands produce dragons and elephants, Pushi
['ZH_T53_2121_009:0046a17_10_3', 'ZH_T53_2121_009:0046a17_10_4']	阿難所譏七大薩他婆渡海船壞殺身濟眾八端坐🔽山中鳥󱃙頂上子未能飛終不捨去九入海採珠以	阿難所譏七大薩他婆渡海船壞殺身濟眾八端坐 山中鳥󱃙頂上子未能飛終不捨去九入海採珠以	009	seeks pearls and subdues the sea god to save the poor and destitute, King Chongsheng is slandered by Ānanda for being in the same place as a woman, the great Sātatya drowns at sea, sacrificing his life to save others, sitting upright
['ZH_T53_2121_009:0046a17_10_5', 'ZH_T53_2121_009:0046a17_10_6']	濟貧苦十坐海以救估客十一從地踊出現長舌相🔽十二牧牛小兒善說般若義弘廣大乘十三1 文	濟貧苦十坐海以救估客十一從地踊出現長舌相 十二牧牛小兒善說般若義弘廣大乘十三1 文	009	in the mountains, a bird builds a nest on his head, the chicks cannot fly and he never leaves, entering the ocean to obtain pearls to save the poor and suffering, sitting in the ocean to save merchants, emerging from the ground and manifesting the long tongue,
['ZH_T53_2121_009:0046a17_10_7']	殊變金光首女令成醜壞文殊變金光首女令成醜	殊變金光首女令成醜壞文殊變金光首女令成醜	009	Mañjuśrī transforms the woman Jinguangshou into an ugly person, Mañjuśrī transforms the woman Jinguangshou into an ugly person,
['ZH_T53_2121_009:0046a17_10_8']	壞一上金光首與長者子畏聞。	壞一上金光首與長者子畏聞。	009	The golden-haired woman and the elder's son, fearful to hear,
['ZH_T53_2121_009:0046a18_6']	俱在遊觀園散花燒香莊嚴伎樂。	俱在遊觀園散花燒香莊嚴伎樂。	009	were both in the pleasure garden, scattering flowers, burning incense, and adorning with music.
['ZH_T53_2121_009:0046a19_1']	時彼女人觀長者子意以為足。	時彼女人觀長者子意以為足。	009	At that time, the woman observed that the elder's son's mind was satisfied.
['ZH_T53_2121_009:0046a19_19']	文殊師利舊法云𣽈首化此女身應時終亡。	文殊師利舊法云𣽈首化此女身應時終亡。	009	According to the old method, Mañjuśrī transformed the woman's body, and she immediately died.
['ZH_T53_2121_009:0046a20_3']	顏色變惡。	顏色變惡。	009	Her complexion changed and became ugly.
['ZH_T53_2121_009:0046a20_12']	眼耳鼻口膿血流出。	眼耳鼻口膿血流出。	009	Pus and blood flowed from her eyes, ears, nose, and mouth.
['ZH_T53_2121_009:0046a21_2']	身體𤵸爛不可復視。	身體𤵸爛不可復視。	009	Her body became rotten and swollen, and she became unwatchable.
['ZH_T53_2121_009:0046a21_11']	青蠅飛來周匝共食。	青蠅飛來周匝共食。	009	Blue flies flew around and gathered to eat her.
['ZH_T53_2121_009:0046a22_5']	時長者子見此女身變壞如是。	時長者子見此女身變壞如是。	009	At that time, the elder's son saw the woman's body change and decay like this.
['ZH_T53_2121_009:0046a22_18']	怖懅不安欲求自歸濟脫是患。	怖懅不安欲求自歸濟脫是患。	009	He was frightened and uneasy, wanting to seek refuge and deliverance from this affliction.
['ZH_T53_2121_009:0046a23_8']	當從何所而免斯苦。	當從何所而免斯苦。	009	From where should he escape this suffering?
['ZH_T53_2121_009:0046a23_18']	時文殊師利童真威神。	時文殊師利童真威神。	009	At that time, the majestic spiritual power of the youth Mañjuśrī
['ZH_T53_2121_009:0046a24_8']	令園樹木自然出讚。	令園樹木自然出讚。	009	caused the trees in the garden to naturally praise him.
['ZH_T53_2121_009:0046a24_17']	時長者子聞樹讚頌。	時長者子聞樹讚頌。	009	The elder's son heard the trees' praises.
['ZH_T53_2121_009:0046a25_7']	歡喜踊躍善心即生。	歡喜踊躍善心即生。	009	He joyfully leapt up and a good mind immediately arose in him.
['ZH_T53_2121_009:0046a26_6']	以衣裓盛女人死屍棄叢樹間而捨之去。	以衣裓盛女人死屍棄叢樹間而捨之去。	009	He filled his robe with the dead woman's corpse and abandoned it in the bushes, leaving it there.
['ZH_T53_2121_009:0046a27_1']	於是世尊欲以開化彼長者子。	於是世尊欲以開化彼長者子。	009	At that time, the World-Honored One wished to enlighten the elder's son.
['ZH_T53_2121_009:0046a27_14']	從身放光其明普照摩竭國界。	從身放光其明普照摩竭國界。	009	He emitted light from his body, illuminating the entire country of Magadha.
['ZH_T53_2121_009:0046a28_6']	長者子見如來威神巍巍。	長者子見如來威神巍巍。	009	The elder's son saw the Tathagata's majestic spiritual power,
['ZH_T53_2121_009:0046a28_11']	心生歡喜。	心生歡喜。	009	and his heart was filled with joy.
['ZH_T53_2121_009:0046a29_1']	其天帝釋則在前立。	其天帝釋則在前立。	009	The Heavenly Emperor stood before him.
['ZH_T53_2121_009:0046a29_10']	見長者子而歎之曰。	見長者子而歎之曰。	009	Seeing the elder's son, he praised him, saying,
['ZH_T53_2121_009:0046a29_15']	年少善緣。	年少善緣。	009	Young man, you have good conditions.
['ZH_T53_2121_009:0046b01_1']	獲得福利。	獲得福利。	009	You have obtained blessings and benefits.
['ZH_T53_2121_009:0046b01_6']	乃能見佛。	乃能見佛。	009	You are able to see the Buddha.
['ZH_T53_2121_009:0046b01_15']	時彼年少聞此勸讚。	時彼年少聞此勸讚。	009	At that time, the young man heard this praise and encouragement.
['ZH_T53_2121_009:0046b02_5']	即與天帝俱詣佛所。	即與天帝俱詣佛所。	009	He then went to where the Buddha was together with the Heavenly Emperor.
['ZH_T53_2121_009:0046b02_10']	帝釋天意。	帝釋天意。	009	The intention of the Heavenly Emperor Shakra
['ZH_T53_2121_009:0046b02_17']	華用與年少言。	華用與年少言。	009	was to give flowers to the young man and say,
['ZH_T53_2121_009:0046b03_6']	可取此華散如來上。	可取此華散如來上。	009	Take these flowers and scatter them over the Tathagata.
['ZH_T53_2121_009:0046b03_17']	散已稽首佛足前住白言。	散已稽首佛足前住白言。	009	After scattering them, bow your head at the Buddha's feet, stand before him and say,
['ZH_T53_2121_009:0046b04_7']	今自歸佛及法聖眾。	今自歸佛及法聖眾。	009	I now take refuge in the Buddha, the Dharma, and the Sangha.
['ZH_T53_2121_009:0046b04_16']	有放逸女上金光首。	有放逸女上金光首。	009	There is a wanton woman named Jinguang,
['ZH_T53_2121_009:0046b05_6']	實與戲樂詣遊觀園。	實與戲樂詣遊觀園。	009	who truly enjoys playing and went to the pleasure garden.
['ZH_T53_2121_009:0046b06_1']	則於今日顏貌變惡即時壽終。	則於今日顏貌變惡即時壽終。	009	Today, her appearance has changed for the worse and she has immediately died.
['ZH_T53_2121_009:0046b06_10']	捨諸一切宗室眷屬。	捨諸一切宗室眷屬。	009	She has abandoned all her relatives and family members.
['ZH_T53_2121_009:0046b06_15']	發大恐懼。	發大恐懼。	009	She is filled with great fear.
['ZH_T53_2121_009:0046b07_4']	將無國王推問之耶。	將無國王推問之耶。	009	Will the king of the country not question you about this?
['ZH_T53_2121_009:0046b07_9']	佛言且止。	佛言且止。	009	The Buddha said, Stop.
['ZH_T53_2121_009:0046b07_15']	時上金光首。	時上金光首。	009	At that time, Jin Guangsu
['ZH_T53_2121_009:0046b08_4']	見長者子以蒙開化。	見長者子以蒙開化。	009	saw that the elder's son had been enlightened and transformed,
['ZH_T53_2121_009:0046b08_9']	隨從律教。	隨從律教。	009	and he followed the precepts.
['ZH_T53_2121_009:0046b08_18']	即與伎樂往詣佛所。	即與伎樂往詣佛所。	009	He then went with his musicians to where the Buddha was,
['ZH_T53_2121_009:0046b09_8']	稽首佛足退住一面。	稽首佛足退住一面。	009	bowed at the Buddha's feet, and stepped back to one side.
['ZH_T53_2121_009:0046b10_1']	時文殊師利謂長者子曰。	時文殊師利謂長者子曰。	009	At that time, Manjushri said to the elder's son,
['ZH_T53_2121_009:0046b10_7']	為識此姊不。	為識此姊不。	009	Do you recognize this sister?
['ZH_T53_2121_009:0046b10_10']	答云。	答云。	009	He replied,
['ZH_T53_2121_009:0046b10_15']	已知之矣。	已知之矣。	009	I already know her.
['ZH_T53_2121_009:0046b10_18']	又問。	又問。	009	He further asked,
['ZH_T53_2121_009:0046b11_2']	云何知乎。	云何知乎。	009	How do you know?
['ZH_T53_2121_009:0046b11_13']	於是長者子報文殊師利。	於是長者子報文殊師利。	009	Then the elder's son replied to Manjushri,
['ZH_T53_2121_009:0046b11_18']	而說頌曰。	而說頌曰。	009	and spoke a verse, saying:
['ZH_T53_2121_009:0046b12_4']	色者如聚沫。	色者如聚沫。	009	Form is like a mass of foam,
['ZH_T53_2121_009:0046b12_10']	痛痒泡起頃。	痛痒泡起頃。	009	Sensation arises like a bubble,
['ZH_T53_2121_009:0046b12_16']	幻想如野馬。	幻想如野馬。	009	Conceptualization is like a mirage,
['ZH_T53_2121_009:0046b13_2']	吾曉知如是。	吾曉知如是。	009	I understand it to be like this.
['ZH_T53_2121_009:0046b13_7']	佛告阿難。	佛告阿難。	009	The Buddha told Ananda,
['ZH_T53_2121_009:0046b14_5']	文殊師利乃往古世勸化此女使發道意。	文殊師利乃往古世勸化此女使發道意。	009	Manjushri encouraged this woman in the past to give rise to the intention for enlightenment.
['ZH_T53_2121_009:0046b14_18']	吾本前世而勸化之使發道意。	吾本前世而勸化之使發道意。	009	I originally encouraged her in a past life to give rise to the intention for enlightenment.
['ZH_T53_2121_009:0046b15_11']	上金光首過九十二百千劫。	上金光首過九十二百千劫。	009	Jin Guangsu will pass through 92,000 kalpas,
['ZH_T53_2121_009:0046b15_16']	當得作佛。	當得作佛。	009	will attain Buddhahood.
['ZH_T53_2121_009:0046b16_2']	號寶光明。	號寶光明。	009	His name will be Jewel Light.
['ZH_T53_2121_009:0046b16_10']	長者子當為菩薩。	長者子當為菩薩。	009	The son of the elder will become a bodhisattva.
['ZH_T53_2121_009:0046b16_15']	名德光耀。	名德光耀。	009	His name will be Virtuous and Radiant.
['ZH_T53_2121_009:0046b17_1']	其復作佛。	其復作佛。	009	He will also become a Buddha.
['ZH_T53_2121_009:0046b17_6']	未滅度時。	未滅度時。	009	Before he enters nirvana,
['ZH_T53_2121_009:0046b17_15']	授德光燿菩薩之決。	授德光燿菩薩之決。	009	he will bestow the prophecy on the bodhisattva Virtuous and Radiant.
['ZH_T53_2121_009:0046b18_10']	乃般泥洹號曰持㷿出大淨法門經。	乃般泥洹號曰持㷿出大淨法門經。	009	Then he will enter parinirvāṇa, known as Holding a Flame.Here is the corrected and aligned text:
['ZH_T53_2121_009:0046b20_9']	2 文殊現身諸剎取鉢弘教文殊現身諸剎取鉢弘教二有二百天子發菩薩心。	2 文殊現身諸剎取鉢弘教文殊現身諸剎取鉢弘教二有二百天子發菩薩心。	009	Mañjuśrī manifests his body in various lands to obtain the alms bowl and spread the teachings. Mañjuśrī manifests his body in various lands to obtain the alms bowl and spread the teachings. There were two hundred celestial sons who gave rise to the bodhisattva mind.
['ZH_T53_2121_009:0046b20_18']	而未堅固皆欲墮落。	而未堅固皆欲墮落。	009	But it was not firm and they all wanted to fall back.
['ZH_T53_2121_009:0046b21_8']	各自念言佛法難得。	各自念言佛法難得。	009	They each thought to themselves, The Buddha's teachings are difficult to obtain.
['ZH_T53_2121_009:0046b21_17']	我等今定不學菩薩。	我等今定不學菩薩。	009	We will definitely not study the bodhisattva path now.
['ZH_T53_2121_009:0046b22_11']	不如取羅漢辟支佛而般泥洹。	不如取羅漢辟支佛而般泥洹。	009	It is better to attain arhatship or pratyekabuddhahood and enter parinirvāṇa.
['ZH_T53_2121_009:0046b23_2']	佛知是人可成菩薩。	佛知是人可成菩薩。	009	The Buddha knew that these people could become bodhisattvas.
['ZH_T53_2121_009:0046b23_7']	而意中退。	而意中退。	009	But their minds were retreating.
['ZH_T53_2121_009:0046b23_16']	佛便化作一迦羅越。	佛便化作一迦羅越。	009	The Buddha then transformed into a householder.
['ZH_T53_2121_009:0046b24_6']	持百味飯滿鉢到佛前。	持百味飯滿鉢到佛前。	009	Holding a bowl full of food of a hundred flavors, he came before the Buddha.
['ZH_T53_2121_009:0046b24_15']	而便作禮以鉢上佛。	而便作禮以鉢上佛。	009	He then bowed and offered the bowl to the Buddha.
['ZH_T53_2121_009:0046b25_1']	佛即受鉢。	佛即受鉢。	009	The Buddha immediately accepted the bowl.
['ZH_T53_2121_009:0046b25_8']	文殊師利白言。	文殊師利白言。	009	Mañjuśrī said:
['ZH_T53_2121_009:0046b25_11']	世尊。	世尊。	009	World-Honored One,
['ZH_T53_2121_009:0046b25_16']	當故報恩。	當故報恩。	009	one should repay kindness.
['ZH_T53_2121_009:0046b26_5']	舍利弗疑即便問佛。	舍利弗疑即便問佛。	009	Śāriputra had doubts and immediately asked the Buddha.
['ZH_T53_2121_009:0046b26_12']	佛即以鉢捨地。	佛即以鉢捨地。	009	The Buddha then threw the alms bowl to the ground.
['ZH_T53_2121_009:0046b27_2']	其鉢便下沒過諸剎。	其鉢便下沒過諸剎。	009	The bowl then went down and passed through the lands,
['ZH_T53_2121_009:0046b27_13']	直過七十二恒沙等剎土。	直過七十二恒沙等剎土。	009	going straight through lands as numerous as the sands of seventy-two Ganges Rivers.
['ZH_T53_2121_009:0046b28_1']	名曰漚呵沙。	名曰漚呵沙。	009	The name of the land was Ouhé Sha.
['ZH_T53_2121_009:0046b28_9']	其佛號曰光明王。	其佛號曰光明王。	009	The Buddha there was called King of Light.
['ZH_T53_2121_009:0046b28_14']	今現在世。	今現在世。	009	He was presently in the world.
['ZH_T53_2121_009:0046b29_10']	其鉢於彼佛剎住止空中亦無持者。	其鉢於彼佛剎住止空中亦無持者。	009	The bowl stayed in the sky above that Buddha land, also without a holder.
['ZH_T53_2121_009:0046b29_17']	鉢所過諸佛剎。	鉢所過諸佛剎。	009	The Buddha lands that the bowl passed through,
['ZH_T53_2121_009:0046c01_7']	其佛侍者皆問於佛。	其佛侍者皆問於佛。	009	the attendants of those Buddhas all asked their Buddhas.
['ZH_T53_2121_009:0046c01_18']	佛答上方有佛號釋迦文。	佛答上方有佛號釋迦文。	009	The Buddhas replied, Above there is a Buddha called Śākyamuni.
['ZH_T53_2121_009:0046c02_4']	鉢從彼來。	鉢從彼來。	009	The bowl came from there.
['ZH_T53_2121_009:0046c02_13']	救護墮退菩薩意耳。	救護墮退菩薩意耳。	009	It is only to save the intention of bodhisattvas who have fallen back.
['ZH_T53_2121_009:0046c02_19']	佛語舍利弗。	佛語舍利弗。	009	The Buddha said to Śāriputra:
['ZH_T53_2121_009:0046c03_4']	行求鉢來。	行求鉢來。	009	Go and seek the bowl.
['ZH_T53_2121_009:0046c03_13']	舍利弗即承佛威神。	舍利弗即承佛威神。	009	Śāriputra then received the Buddha's majestic spiritual power,
['ZH_T53_2121_009:0046c04_11']	自以慧力以萬三昧過萬佛剎都不見鉢。	自以慧力以萬三昧過萬佛剎都不見鉢。	009	and with his own wisdom power, he passed through ten thousand Buddha lands with ten thousand samādhis, but did not see the bowl at all.
['ZH_T53_2121_009:0046c05_2']	從三昧起還白佛言。	從三昧起還白佛言。	009	He arose from samādhi and returned to tell the Buddha:
['ZH_T53_2121_009:0046c05_7']	求之不見。	求之不見。	009	I sought but did not see it.
['ZH_T53_2121_009:0046c05_16']	復遣目連亦復不見。	復遣目連亦復不見。	009	He also sent Maudgalyāyana, but he also could not see it.
['ZH_T53_2121_009:0046c06_9']	須菩提等五百尊者悉不能見。	須菩提等五百尊者悉不能見。	009	Subhūti and the other five hundred venerable ones all could not see it.
['ZH_T53_2121_009:0046c06_18']	彌勒菩薩又不能見。	彌勒菩薩又不能見。	009	Maitreya Bodhisattva also could not see it.
['ZH_T53_2121_009:0046c07_7']	令文殊師利求鉢。	令文殊師利求鉢。	009	He ordered Mañjuśrī to search for the alms bowl.
['ZH_T53_2121_009:0046c08_2']	文殊師利不起于坐即入三昧。	文殊師利不起于坐即入三昧。	009	Mañjuśrī did not rise from his seat, but immediately entered samādhi.
['ZH_T53_2121_009:0046c08_10']	以其右手指地下。	以其右手指地下。	009	With his right hand he pointed to the ground.
['ZH_T53_2121_009:0046c09_1']	行過諸佛剎莫不聞知。	行過諸佛剎莫不聞知。	009	Wherever the Buddha lands are, they all hear and know.
['ZH_T53_2121_009:0046c09_10']	所過剎土皆為震動。	所過剎土皆為震動。	009	The lands that he passes through all quake.
['ZH_T53_2121_009:0046c09_19']	凡諸剎土皆見文殊。	凡諸剎土皆見文殊。	009	Everywhere in the lands, they all see Mañjuśrī.
['ZH_T53_2121_009:0046c10_7']	過七十二恒河沙。	過七十二恒河沙。	009	He passed through seventy-two Ganges Rivers' sands.
['ZH_T53_2121_009:0046c11_10']	其臂上毛一一毛間有億百千光明億百千蓮華。	其臂上毛一一毛間有億百千光明億百千蓮華。	009	On his arm hair, in each hair there are billions of myriads of lights, billions of myriads of lotus flowers.
['ZH_T53_2121_009:0046c12_1']	一蓮華上有坐菩薩。	一蓮華上有坐菩薩。	009	On each lotus flower there is a seated bodhisattva.
['ZH_T53_2121_009:0046c12_18']	悉歎釋迦文佛功德聲聞菩薩及以佛土。	悉歎釋迦文佛功德聲聞菩薩及以佛土。	009	They all praise the merits of Śākyamuni, the śrāvakas, bodhisattvas, and the Buddha land.
['ZH_T53_2121_009:0046c13_9']	時釋迦文放足下光明。	時釋迦文放足下光明。	009	At that time, Śākyamuni emitted light from the soles of his feet.
['ZH_T53_2121_009:0046c14_4']	照下方過七十二恒河沙等剎。	照下方過七十二恒河沙等剎。	009	It illuminated below, passing through seventy-two Ganges Rivers' sands of lands.
['ZH_T53_2121_009:0046c14_16']	見其光明悉得摩仳低三昧。	見其光明悉得摩仳低三昧。	009	Seeing the light, they all attained the samādhi of maṇḍala.
['ZH_T53_2121_009:0046c15_8']	文殊師利以右手取鉢。	文殊師利以右手取鉢。	009	Mañjuśrī took the bowl with his right hand.
['ZH_T53_2121_009:0046c15_17']	與無央數菩薩俱來。	與無央數菩薩俱來。	009	He came together with innumerable bodhisattvas.
['ZH_T53_2121_009:0046c16_7']	鉢在手中作禮授鉢。	鉢在手中作禮授鉢。	009	The bowl was in his hand, he bowed and offered the bowl.
['ZH_T53_2121_009:0046c16_13']	佛謂舍利弗。	佛謂舍利弗。	009	The Buddha said to Śāriputra,
['ZH_T53_2121_009:0046c17_3']	今為汝說過去劫事。	今為汝說過去劫事。	009	Now I will tell you about events in a past eon.
['ZH_T53_2121_009:0046c17_8']	往昔有佛。	往昔有佛。	009	In the past there was a buddha.
['ZH_T53_2121_009:0046c17_14']	號勇莫能勝。	號勇莫能勝。	009	Called 'Invincible Hero.'
['ZH_T53_2121_009:0046c17_19']	有比丘僧。	有比丘僧。	009	There were bhikṣus.
['ZH_T53_2121_009:0046c18_4']	名曰慧王。	名曰慧王。	009	Called 'King of Wisdom.'
['ZH_T53_2121_009:0046c18_14']	持鉢入惟致國中分衛。	持鉢入惟致國中分衛。	009	Holding a bowl, he entered the country of Vṛji to beg for alms.
['ZH_T53_2121_009:0046c18_19']	得百味飯。	得百味飯。	009	He obtained food of a hundred flavors.
['ZH_T53_2121_009:0046c19_10']	爾時有尊者子名離垢王。	爾時有尊者子名離垢王。	009	At that time there was a venerable son named 'King of Purity.'
['ZH_T53_2121_009:0046c19_16']	為乳母所抱。	為乳母所抱。	009	He was held by a wet nurse.
['ZH_T53_2121_009:0046c20_2']	在城門上。	在城門上。	009	He was at the city gate.
['ZH_T53_2121_009:0046c20_9']	其兒遙見比丘。	其兒遙見比丘。	009	The child saw the bhikṣu from afar.
['ZH_T53_2121_009:0046c20_18']	而從抱下便往趣之。	而從抱下便往趣之。	009	He got down from her lap and went to him.
['ZH_T53_2121_009:0046c21_3']	求其飲食。	求其飲食。	009	He sought food and drink.
['ZH_T53_2121_009:0046c21_12']	比丘即以蜜餅授之。	比丘即以蜜餅授之。	009	The bhikṣu then gave him honey cakes.
['ZH_T53_2121_009:0046c22_2']	其兒則食知味甘美。	其兒則食知味甘美。	009	The child ate them and knew the taste was sweet and delicious.
['ZH_T53_2121_009:0046c22_11']	隨比丘行不顧乳母。	隨比丘行不顧乳母。	009	He followed the bhikṣu without looking back at the wet nurse.
['ZH_T53_2121_009:0046c23_2']	便隨至勇莫能勝佛所。	便隨至勇莫能勝佛所。	009	He then followed him to where the Buddha Invincible Hero was.
['ZH_T53_2121_009:0046c23_11']	為佛作禮而坐一面。	為佛作禮而坐一面。	009	He bowed to the Buddha and sat to one side.
['ZH_T53_2121_009:0046c24_8']	比丘以所持鉢食與是小兒令其上佛。	比丘以所持鉢食與是小兒令其上佛。	009	The bhikṣu took the food in his alms bowl and gave it to the young child, instructing him to offer it to the Buddha.
['ZH_T53_2121_009:0046c24_13']	兒便授佛。	兒便授佛。	009	The child then presented it to the Buddha.
['ZH_T53_2121_009:0046c24_18']	佛食隨滿。	佛食隨滿。	009	The Buddha ate it and it was completely filled.
['ZH_T53_2121_009:0046c25_15']	以是遍八萬四千比丘及菩薩萬二千人。	以是遍八萬四千比丘及菩薩萬二千人。	009	With this, he satisfied eighty-four thousand bhikṣus and twelve thousand bodhisattvas.
['ZH_T53_2121_009:0046c26_2']	各各皆飽。	各各皆飽。	009	Each of them was fully satisfied.
['ZH_T53_2121_009:0046c26_12']	其兒所持食猶無減損。	其兒所持食猶無減損。	009	The food the child had brought did not diminish at all.
['ZH_T53_2121_009:0046c27_2']	佛以威神令兒歡喜。	佛以威神令兒歡喜。	009	The Buddha used his majestic spiritual power to bring joy to the child.
['ZH_T53_2121_009:0046c27_15']	因從比丘受五戒法發菩提心。	因從比丘受五戒法發菩提心。	009	The child then received the five precepts from the bhikṣus and gave rise to the bodhi mind.
['ZH_T53_2121_009:0046c28_6']	兒父母求子為佛作禮。	兒父母求子為佛作禮。	009	The child's parents sought their child and bowed to the Buddha.
['ZH_T53_2121_009:0046c28_11']	子白父言。	子白父言。	009	The child said to his father,
['ZH_T53_2121_009:0046c29_1']	我今已得入菩薩法。	我今已得入菩薩法。	009	I have now entered the bodhisattva Dharma.
['ZH_T53_2121_009:0046c29_6']	願作沙門。	願作沙門。	009	I wish to become a śramaṇa.
['ZH_T53_2121_009:0046c29_11']	父母即聽。	父母即聽。	009	His parents immediately gave their consent.
['ZH_T53_2121_009:0046c29_20']	吾等亦為發心從汝。	吾等亦為發心從汝。	009	We too will give rise to the aspiration and follow you.
['ZH_T53_2121_009:0047a01_2']	佛言。	佛言。	009	The Buddha said,
['ZH_T53_2121_009:0047a01_12']	慧王比丘文殊師利是。	慧王比丘文殊師利是。	009	The bhikṣu King of Wisdom and Mañjuśrī are like this.
['ZH_T53_2121_009:0047a02_2']	其時兒者我身是也。	其時兒者我身是也。	009	The child at that time is none other than myself.
['ZH_T53_2121_009:0047a02_11']	如我身等不可稱數。	如我身等不可稱數。	009	The number of my bodies is beyond measure.
['ZH_T53_2121_009:0047a02_19']	阿僧祇剎土諸佛。	阿僧祇剎土諸佛。	009	The buddhas of incalculable buddha-lands
['ZH_T53_2121_009:0047a03_10']	悉為文殊師利之所發動。	悉為文殊師利之所發動。	009	are all inspired by Mañjuśrī.
['ZH_T53_2121_009:0047a04_3']	我等悉蒙文殊師利之恩。	我等悉蒙文殊師利之恩。	009	We are all beneficiaries of Manjushri's grace.
['ZH_T53_2121_009:0047a04_13']	其二百天子即時自念。	其二百天子即時自念。	009	The two hundred celestial sons then thought to themselves:
['ZH_T53_2121_009:0047a05_12']	釋迦文佛為文殊師利之所發意自致成佛。	釋迦文佛為文殊師利之所發意自致成佛。	009	Shakyamuni Buddha was inspired by Manjushri to attain Buddhahood on his own.
['ZH_T53_2121_009:0047a06_1']	我等何為懈怠。	我等何為懈怠。	009	Why are we so lazy?
['ZH_T53_2121_009:0047a06_18']	用是念故其心則堅出阿闍世王經上卷。	用是念故其心則堅出阿闍世王經上卷。	009	For this reason, their minds became firm. From the Sutra of King Ajatashatru, Scroll 1.
['ZH_T53_2121_009:0047a08_4']	3 普賢誓護五種法師普賢誓護五種法師三普賢菩薩。	3 普賢誓護五種法師普賢誓護五種法師三普賢菩薩。	009	Samantabhadra vows to protect the five kinds of Dharma teachers Samantabhadra vows to protect the five kinds of Dharma teachers three Samantabhadra Bodhisattva.
['ZH_T53_2121_009:0047a08_14']	以自在神通威德名聞。	以自在神通威德名聞。	009	With his own spiritual powers, majestic virtue, and fame,
['ZH_T53_2121_009:0047a09_8']	與大菩薩不可稱數從東方來。	與大菩薩不可稱數從東方來。	009	He came from the east with innumerable great bodhisattvas.
['ZH_T53_2121_009:0047a09_17']	所經諸國普皆震動。	所經諸國普皆震動。	009	The lands he passed through all trembled,
['ZH_T53_2121_009:0047a10_7']	雨寶蓮華作眾伎樂。	雨寶蓮華作眾伎樂。	009	Raining jeweled lotus flowers and playing various kinds of music.
['ZH_T53_2121_009:0047a11_3']	又與無數八部鬼神等大眾圍繞。	又與無數八部鬼神等大眾圍繞。	009	He was also surrounded by innumerable eight groups of ghosts and spirits and other great assemblies.
['ZH_T53_2121_009:0047a11_10']	禮釋迦牟尼佛。	禮釋迦牟尼佛。	009	He bowed to Shakyamuni Buddha
['ZH_T53_2121_009:0047a11_14']	白佛言。	白佛言。	009	and said to the Buddha:
['ZH_T53_2121_009:0047a12_5']	我於寶威德上王佛國。	我於寶威德上王佛國。	009	In the land of Buddha Ratnatejobha-nirnādacchatra-rāja,
['ZH_T53_2121_009:0047a13_3']	遙聞此娑婆世界說法華經共來聽受。	遙聞此娑婆世界說法華經共來聽受。	009	I heard from afar that the Lotus Sutra was being taught in this Saha world and came to listen and receive it.
['ZH_T53_2121_009:0047a13_12']	唯願世尊當為說之。	唯願世尊當為說之。	009	I only wish that the World-Honored One will explain it for me.
['ZH_T53_2121_009:0047a13_17']	佛告普賢。	佛告普賢。	009	The Buddha told Samantabhadra:
['ZH_T53_2121_009:0047a14_5']	若有善男子女人。	若有善男子女人。	009	If there are good men and good women
['ZH_T53_2121_009:0047a14_10']	成就四法。	成就四法。	009	who accomplish four dharmas,
['ZH_T53_2121_009:0047a15_3']	於如來滅後當得是法華經。	於如來滅後當得是法華經。	009	they will obtain this Lotus Sutra after the Tathagata's extinction.
['ZH_T53_2121_009:0047a15_9']	普賢菩薩言。	普賢菩薩言。	009	Samantabhadra Bodhisattva said:
['ZH_T53_2121_009:0047a16_3']	若有行立懃誦此經思惟此經。	若有行立懃誦此經思惟此經。	009	If there are those who diligently recite and contemplate this sutra while walking or standing,
['ZH_T53_2121_009:0047a16_17']	若人於此經有所忘失一句一偈。	若人於此經有所忘失一句一偈。	009	if someone forgets even a single line or verse from this sutra,
['ZH_T53_2121_009:0047a17_7']	大菩薩眾俱詣其所。	大菩薩眾俱詣其所。	009	the great assembly of bodhisattvas will go to their place
['ZH_T53_2121_009:0047a18_2']	而自現身供養守護安慰其心。	而自現身供養守護安慰其心。	009	and manifest their bodies to make offerings, protect and comfort their minds.
['ZH_T53_2121_009:0047a18_15']	亦為供養法華經故還令通利。	亦為供養法華經故還令通利。	009	It is also to make offerings to the Lotus Sutra that they cause one to become proficient again.
['ZH_T53_2121_009:0047a19_6']	見者歡喜轉復精進。	見者歡喜轉復精進。	009	Seeing this, one will rejoice and become even more diligent.
['ZH_T53_2121_009:0047a20_1']	以見我故即得三昧及陀羅尼。	以見我故即得三昧及陀羅尼。	009	By seeing me, one will attain samadhi and dharani.
['ZH_T53_2121_009:0047a20_13']	若後惡世中四眾來求索者。	若後惡世中四眾來求索者。	009	If in the future evil world, the four assemblies come seeking,
['ZH_T53_2121_009:0047a20_17', 'ZH_T53_2121_009:0047a21_2']	受持者。🔽讀誦者。	受持者。 讀誦者。	009	those who uphold it,🔽those who read and recite it,
['ZH_T53_2121_009:0047a21_6']	書寫者。	書寫者。	009	those who copy it,
['ZH_T53_2121_009:0047a21_14']	欲修習是法華經。	欲修習是法華經。	009	wish to cultivate this Lotus Sutra,
['ZH_T53_2121_009:0047a22_5']	於三七日中應一心精進。	於三七日中應一心精進。	009	within twenty-one days they should single-mindedly make progress.
['ZH_T53_2121_009:0047a23_11']	滿三七日亦當現其人前而為說法出妙法蓮華經第七卷。	滿三七日亦當現其人前而為說法出妙法蓮華經第七卷。	009	After twenty-one days, it will appear before that person and expound the Dharma for them. From the seventh scroll of the Lotus Sutra.
['ZH_T53_2121_009:0047a26_14']	4 淨精進化功德財久忍眾苦淨精進化功德財久忍眾苦四過去劫時佛號廣光明菩薩行經云離垢光國王之子名財功德菩薩行經云業首時年十六。	4 淨精進化功德財久忍眾苦淨精進化功德財久忍眾苦四過去劫時佛號廣光明菩薩行經云離垢光國王之子名財功德菩薩行經云業首時年十六。	009	The merit and wealth of the long-endured pure and diligent practice, the merit and wealth of the long-endured pure and diligent practice, in the past kalpas, the Buddha was called Vast Light. The Bodhisattva Practice Sutra says, The son of the king of the country of Vimalaprabha was named Merit and Wealth. The Bodhisattva Practice Sutra says, His name was Karma-mukha. At that time, he was sixteen years old.
['ZH_T53_2121_009:0047a27_1']	自恃端政而生憍慢。	自恃端政而生憍慢。	009	He relied on his own handsome appearance and gave rise to arrogance.
['ZH_T53_2121_009:0047a27_10']	初不向佛恭敬禮拜。	初不向佛恭敬禮拜。	009	He did not respectfully pay homage to the Buddha.
['ZH_T53_2121_009:0047a27_19']	佛即行籌誰能教化。	佛即行籌誰能教化。	009	The Buddha then passed around a tally stick, asking who could teach and transform him.
['ZH_T53_2121_009:0047a28_10']	八萬四千菩薩無受籌者。	八萬四千菩薩無受籌者。	009	Eighty-four thousand bodhisattvas did not accept the tally stick.
['ZH_T53_2121_009:0047a29_1']	有一菩薩名淨精進。	有一菩薩名淨精進。	009	There was a bodhisattva named Pure Diligence.
['ZH_T53_2121_009:0047a29_3']	言。	言。	009	He said,
['ZH_T53_2121_009:0047a29_6']	我能。	我能。	009	I can.
['ZH_T53_2121_009:0047a29_15']	即時大千六反震動。	即時大千六反震動。	009	Immediately, the great trichiliocosm shook six times.
['ZH_T53_2121_009:0047b01_1']	便往王門立。	便往王門立。	009	He then went to stand at the gate of the king's palace.
['ZH_T53_2121_009:0047b01_10']	王子見之惡言訾毀。	王子見之惡言訾毀。	009	When the prince saw him, he spoke evil words and reviled him.
['ZH_T53_2121_009:0047b01_15']	以土坌面。	以土坌面。	009	He threw dirt on his face.
['ZH_T53_2121_009:0047b02_4']	刀杖瓦石而加其身。	刀杖瓦石而加其身。	009	He used knives, sticks, tiles, and stones to harm his body.
['ZH_T53_2121_009:0047b02_17']	菩薩爾時不瞋不去心不疲厭。	菩薩爾時不瞋不去心不疲厭。	009	At that time, the Bodhisattva neither became angry nor left, his mind was not tired or weary.
['ZH_T53_2121_009:0047b03_7']	經一千年受如是苦。	經一千年受如是苦。	009	For one thousand years he endured such suffering.
['ZH_T53_2121_009:0047b04_2']	過二萬歲乃得至彼第二門下。	過二萬歲乃得至彼第二門下。	009	After twenty thousand years he was able to reach the second gate.
['ZH_T53_2121_009:0047b05_2', 'ZH_T53_2121_009:0047b05_15']	八萬四千年七日未滿方得至其第七門下。🔽爾時王子見是菩薩便作是言。	八萬四千年七日未滿方得至其第七門下。 爾時王子見是菩薩便作是言。	009	For eighty-four thousand years and seven days he was finally able to reach the seventh gate.
['ZH_T53_2121_009:0047b06_5', 'ZH_T53_2121_009:0047b06_15']	道士今來何所求索。🔽即於菩薩生不思議心。	道士今來何所求索。 即於菩薩生不思議心。	009	At that time, the prince saw the Bodhisattva and said, Daoist, what do you seek in coming here?
['ZH_T53_2121_009:0047b07_1']	云何是人。	云何是人。	009	He then gave rise to an inconceivable mind towards the Bodhisattva, thinking, How is it that this person,
['ZH_T53_2121_009:0047b07_10']	終經爾時多受眾苦。	終經爾時多受眾苦。	009	after enduring so much suffering for such a long time,
['ZH_T53_2121_009:0047b07_15']	而心不厭。	而心不厭。	009	his mind is not weary?
['ZH_T53_2121_009:0047b08_9']	爾時菩薩知王子心已自調伏。	爾時菩薩知王子心已自調伏。	009	At that time, the Bodhisattva knew that the prince's mind had already been subdued,
['ZH_T53_2121_009:0047b08_18']	即便說偈令往詣佛。	即便說偈令往詣佛。	009	and he then spoke a verse, causing him to go to the Buddha.
['ZH_T53_2121_009:0047b09_8']	爾時王子即捨王位。	爾時王子即捨王位。	009	At that time, the prince immediately abandoned his royal status,
['ZH_T53_2121_009:0047b10_7']	在佛法中出家聽法如法而住得無生忍。	在佛法中出家聽法如法而住得無生忍。	009	left home in the Buddha's teachings, listened to the Dharma, abided in accordance with the Dharma, and attained the acceptance of non-arising.
['ZH_T53_2121_009:0047b10_18']	爾時淨精進者我身是也。	爾時淨精進者我身是也。	009	At that time, the one of pure diligence was none other than I myself.🔽Here is the text with the alignment mistakes fixed and the English translations updated to match the Sanskrit:
['ZH_T53_2121_009:0047b11_32']	財功德者即彌勒是出大集經第二十六卷又出調伏王子道心經菩薩行經大同。	財功德者即彌勒是出大集經第二十六卷又出調伏王子道心經菩薩行經大同。	009	As for the merit of wealth, Maitreya is the one who emerges from the twenty-sixth chapter of the Mahāsaṃnipāta Sūtra, and also emerges from the Sūtra on the Bodhisattva's Practice of Subduing the Prince's Mind, which is largely the same.
['ZH_T53_2121_009:0047b13_4']	5 樹提摩納手出龍象樹提摩納手出龍象五樹提摩納。	5 樹提摩納手出龍象樹提摩納手出龍象五樹提摩納。	009	The Śākya youth Dhṛti's hands produced dragon elephants. The Śākya youth Dhṛti's hands produced dragon elephants five.
['ZH_T53_2121_009:0047b13_10']	在寶藏佛前。	在寶藏佛前。	009	In front of Buddha Ratnagarbha.
['ZH_T53_2121_009:0047b13_19']	右膝著地長跪叉手。	右膝著地長跪叉手。	009	He touched his right knee to the ground, knelt for a long time with his palms joined.
['ZH_T53_2121_009:0047b14_4']	前白佛言。	前白佛言。	009	He addressed the Buddha, saying:
['ZH_T53_2121_009:0047b14_7']	世尊。	世尊。	009	World-Honored One.
['ZH_T53_2121_009:0047b15_1']	我今發無上菩提心成就善根。	我今發無上菩提心成就善根。	009	I now give rise to the mind of unsurpassed enlightenment and accomplish wholesome roots.
['ZH_T53_2121_009:0047b15_14']	於三乘法若我所顧得己利者。	於三乘法若我所顧得己利者。	009	If I can obtain my own benefit in the Dharma of the Three Vehicles,
['ZH_T53_2121_009:0047b16_8']	令我兩手自然而出白色龍象。	令我兩手自然而出白色龍象。	009	May both of my hands naturally produce white dragon elephants.
['ZH_T53_2121_009:0047b17_3']	佛神力故其兩手中即出龍象。	佛神力故其兩手中即出龍象。	009	By the Buddha's spiritual power, dragon elephants emerged from both of his hands.
['ZH_T53_2121_009:0047b17_12']	其色純白七處到地。	其色純白七處到地。	009	Their color was pure white and they touched the ground with seven parts.
['ZH_T53_2121_009:0047b17_19']	見是事已告言。	見是事已告言。	009	Having seen this, he said:
['ZH_T53_2121_009:0047b18_4', 'ZH_T53_2121_009:0047b18_13']	龍象汝等。🔽今者可昇虛空去此。	龍象汝等。 今者可昇虛空去此。	009	Dragon elephants, you.
['ZH_T53_2121_009:0047b19_5']	不遠遍雨此界八德香水。	不遠遍雨此界八德香水。	009	Now you can ascend into the sky and go not far from here, and rain down the eight virtues of this world's fragrant water everywhere.
['ZH_T53_2121_009:0047b19_14']	覺悟此界一切眾生。	覺悟此界一切眾生。	009	Awaken all beings in this world.
['ZH_T53_2121_009:0047b20_4']	若有眾生得遇一渧。	若有眾生得遇一渧。	009	If there are sentient beings who encounter even a single drop,
['ZH_T53_2121_009:0047b20_13']	聞其香氣悉斷五蓋。	聞其香氣悉斷五蓋。	009	they will smell its fragrance and completely cut off the five hindrances.
['ZH_T53_2121_009:0047b21_6']	所謂婬欲瞋恚睡眠掉戲疑。	所謂婬欲瞋恚睡眠掉戲疑。	009	Namely, sexual desire, anger, sleepiness, restlessness, and doubt.
['ZH_T53_2121_009:0047b21_15']	是時龍象在虛空中。	是時龍象在虛空中。	009	At that time, the dragon and elephant roamed in the sky,
['ZH_T53_2121_009:0047b22_9']	周遊速疾猶如力士善射放箭。	周遊速疾猶如力士善射放箭。	009	swiftly circling like a strong man skillfully shooting an arrow.
['ZH_T53_2121_009:0047b23_4']	是二龍象所作諸事悉成就已。	是二龍象所作諸事悉成就已。	009	After the two dragon and elephant had accomplished all their tasks,
['ZH_T53_2121_009:0047b23_13']	復還來至摩納前住。	復還來至摩納前住。	009	they returned and stood before the young brahmin.
['ZH_T53_2121_009:0047b24_15']	時樹提見之心大歡喜出樹提摩納發菩提誓願經。	時樹提見之心大歡喜出樹提摩納發菩提誓願經。	009	When Tishya saw this, he was overjoyed.Here is the corrected and aligned text:
['ZH_T53_2121_009:0047b26_8']	6 普施求珠降伏海神以濟窮乏普施求珠降伏海神以濟窮乏六昔者菩薩從四姓生。	6 普施求珠降伏海神以濟窮乏普施求珠降伏海神以濟窮乏六昔者菩薩從四姓生。	009	Universal Giving Seeking Pearls Subduing the Sea God to Save the Poor Universal Giving Seeking Pearls Subduing the Sea God to Save the Poor 6. Once upon a time, the Bodhisattva was born into the four castes.
['ZH_T53_2121_009:0047b26_13']	墮地即曰。	墮地即曰。	009	As soon as he fell to the ground, he said:
['ZH_T53_2121_009:0047b27_3']	眾生萬禍吾當濟之。	眾生萬禍吾當濟之。	009	The myriad misfortunes of sentient beings, I shall save them.
['ZH_T53_2121_009:0047b28_4']	無明無法吾當除其盲聾令之聞見眾聖明範。	無明無法吾當除其盲聾令之聞見眾聖明範。	009	In the Dharma of non-ignorance, I shall remove their blindness and deafness, and let them hear and see the bright model of the multitude of sages.
['ZH_T53_2121_009:0047b28_9']	九親驚曰。	九親驚曰。	009	The nine relatives were startled and said:
['ZH_T53_2121_009:0047b28_17']	未聞孩幼而能言。	未聞孩幼而能言。	009	We have never heard of an infant being able to speak.
['ZH_T53_2121_009:0047b29_9']	斯將非天龍鬼神之靈乎。	斯將非天龍鬼神之靈乎。	009	Is this not the spiritual manifestation of devas, nāgas, ghosts, and spirits?
['ZH_T53_2121_009:0047b29_14']	當卜之焉。	當卜之焉。	009	We should consult them about this.
['ZH_T53_2121_009:0047b29_17']	答曰。	答曰。	009	He replied, 
['ZH_T53_2121_009:0047c01_5']	吾為上聖之所化。	吾為上聖之所化。	009	I am transformed by the supreme sage.
['ZH_T53_2121_009:0047c01_11']	懷普明之智。	懷普明之智。	009	I possess the wisdom of universal illumination.
['ZH_T53_2121_009:0047c02_1']	非彼眾妖慎無疑矣。	非彼眾妖慎無疑矣。	009	They are not the many demons. Do not doubt it.
['ZH_T53_2121_009:0047c02_6']	言畢即默。	言畢即默。	009	Having spoken, he immediately fell silent.
['ZH_T53_2121_009:0047c02_9']	親曰。	親曰。	009	His parents said,
['ZH_T53_2121_009:0047c02_18']	兒有乾坤弘潤之志。	兒有乾坤弘潤之志。	009	Our child has the ambition to greatly benefit the world.
['ZH_T53_2121_009:0047c03_4']	將非凡夫乎。	將非凡夫乎。	009	Will he not be an ordinary person?
['ZH_T53_2121_009:0047c03_9']	名曰普施。	名曰普施。	009	He was named Universal Giving.
['ZH_T53_2121_009:0047c03_14']	年至十歲。	年至十歲。	009	When he reached the age of ten,
['ZH_T53_2121_009:0047c04_7']	佛諸典籍流俗眾術靡不貫綜。	佛諸典籍流俗眾術靡不貫綜。	009	he thoroughly mastered the Buddhist scriptures, popular literature, and various arts.
['ZH_T53_2121_009:0047c04_16']	辭親濟眾布施貧乏。	辭親濟眾布施貧乏。	009	He left home to save others and gave to the poor and needy.
['ZH_T53_2121_009:0047c04_19']	親曰。	親曰。	009	His parents said,
['ZH_T53_2121_009:0047c05_8']	吾有最富之上名也。	吾有最富之上名也。	009	We have the most wealthy and famous family.
['ZH_T53_2121_009:0047c05_13']	爾可恣意。	爾可恣意。	009	You can do as you please.
['ZH_T53_2121_009:0047c05_16']	對曰。	對曰。	009	He replied,
['ZH_T53_2121_009:0047c06_3']	不足乞作沙門。	不足乞作沙門。	009	I do not wish to become a monk.
['ZH_T53_2121_009:0047c06_16']	垂賚法服應器錫杖以斯濟眾。	垂賚法服應器錫杖以斯濟眾。	009	Please grant me the Dharma robes, alms bowl, and staff. With these I can save others.
['ZH_T53_2121_009:0047c07_2']	父母聽之。	父母聽之。	009	His parents consented.
['ZH_T53_2121_009:0047c07_11']	周旋教化經一大國。	周旋教化經一大國。	009	He traveled around teaching and saved a great country.
['ZH_T53_2121_009:0047c08_1']	國有豪姓亦明眾書。	國有豪姓亦明眾書。	009	In the country there was a wealthy family that was also well-versed in various texts.
['ZH_T53_2121_009:0047c08_16']	覩其儀容普施心性惔怕淨若天金。	覩其儀容普施心性惔怕淨若天金。	009	They saw that Universal Giving's appearance and mind were tranquil and pure like heavenly gold.
['ZH_T53_2121_009:0047c09_3']	有上聖之表。	有上聖之表。	009	It is the manifestation of the supreme sage.
['ZH_T53_2121_009:0047c09_8']	將為世雄。	將為世雄。	009	He will become the hero of the world.
['ZH_T53_2121_009:0047c09_13']	謂普施曰。	謂普施曰。	009	He said to Pushi:
['ZH_T53_2121_009:0047c10_2']	吾有陋女願給箕󰆠。	吾有陋女願給箕󰆠。	009	I have an ugly daughter. I wish to give her a broom and dustpan.
['ZH_T53_2121_009:0047c10_5']	答口。	答口。	009	He replied:
['ZH_T53_2121_009:0047c10_8']	大善。	大善。	009	Very good.
['ZH_T53_2121_009:0047c10_13']	須吾還也。	須吾還也。	009	I will need her when I return.
['ZH_T53_2121_009:0047c11_2']	即附載度海上岸入山。	即附載度海上岸入山。	009	He then sent her across the sea to the shore and into the mountains.
['ZH_T53_2121_009:0047c11_11']	到無人處遙覩銀城。	到無人處遙覩銀城。	009	When they reached an uninhabited place, they saw a silver city from afar.
['ZH_T53_2121_009:0047c12_1']	宮有毒蛇繞城七匝。	宮有毒蛇繞城七匝。	009	There was a poisonous snake coiling around the city seven times.
['ZH_T53_2121_009:0047c12_10']	體大百圍舉首相看。	體大百圍舉首相看。	009	The snake's body was a hundred feet in circumference and it raised its head to look at them.
['ZH_T53_2121_009:0047c12_15']	普施念曰。	普施念曰。	009	Pushi thought:
['ZH_T53_2121_009:0047c13_5']	斯有害心吾當興慈。	斯有害心吾當興慈。	009	This is harmful. I will give rise to compassion.
['ZH_T53_2121_009:0047c13_14']	蛇毒即滅垂首而眠。	蛇毒即滅垂首而眠。	009	The snake's poison immediately disappeared and it lowered its head to sleep.
['ZH_T53_2121_009:0047c13_19']	登首入城。	登首入城。	009	They climbed to the top and entered the city.
['ZH_T53_2121_009:0047c14_6']	城中天神覩之。	城中天神覩之。	009	In the city, the celestial gods saw them.
['ZH_T53_2121_009:0047c14_10']	欣豫曰。	欣豫曰。	009	They rejoiced and said:
['ZH_T53_2121_009:0047c14_19']	久服聖德今來翔茲。	久服聖德今來翔茲。	009	For a long time, we have admired your sage virtue. Now you have come and soared here.
['ZH_T53_2121_009:0047c15_4']	誠吾心願。	誠吾心願。	009	This is truly our heart's wish.
['ZH_T53_2121_009:0047c15_8']	留三旬。	留三旬。	009	They stayed for thirty days.
['ZH_T53_2121_009:0047c15_17']	普施以事委付近臣。	普施以事委付近臣。	009	Pushi entrusted the matter to a nearby minister.
['ZH_T53_2121_009:0047c16_3']	身受供饌。	身受供饌。	009	He himself received offerings.
['ZH_T53_2121_009:0047c16_17']	時供養畢以明月真珠一枚送之。	時供養畢以明月真珠一枚送之。	009	At the time, after the offerings were completed, he sent a moon-bright pearl as a gift.
['ZH_T53_2121_009:0047c17_5']	珠明四万里。	珠明四万里。	009	The pearl illuminated for 40,000 li.
['ZH_T53_2121_009:0047c17_14']	志願若發眾寶滿足。	志願若發眾寶滿足。	009	If one gives rise to the aspiration, all treasures will be fulfilled.
['ZH_T53_2121_009:0047c18_5']	若後得佛願為弟子。	若後得佛願為弟子。	009	If you later attain Buddhahood, I wish to be your disciple.
['ZH_T53_2121_009:0047c18_10']	普施曰可。	普施曰可。	009	Pushi said, Yes.
['ZH_T53_2121_009:0047c18_15']	即復前行。	即復前行。	009	They then continued on their way.
['ZH_T53_2121_009:0047c19_8']	覩黃金城毒蛇圍城十有四匝。	覩黃金城毒蛇圍城十有四匝。	009	They saw a golden city surrounded by poisonous snakes in fourteen layers.
['ZH_T53_2121_009:0047c19_17']	巨軀倍前舉首數丈。	巨軀倍前舉首數丈。	009	The snakes' bodies were twice as large as before, and their heads were several dozen feet long.
['ZH_T53_2121_009:0047c20_9']	普施復入慈定蛇即垂首。	普施復入慈定蛇即垂首。	009	Pushi again entered the state of loving-kindness, and the snakes lowered their heads.
['ZH_T53_2121_009:0047c20_14']	登之入城。	登之入城。	009	They climbed over the snakes and entered the city.
['ZH_T53_2121_009:0047c21_5']	中有天人相見歡喜曰。	中有天人相見歡喜曰。	009	Inside, a heavenly being saw them and joyfully said,
['ZH_T53_2121_009:0047c21_14']	久服靈耀翔茲甚善。	久服靈耀翔茲甚善。	009	I have long admired your spiritual radiance. It is excellent that you have come here.
['ZH_T53_2121_009:0047c22_2']	願留百八十日。	願留百八十日。	009	I wish you would stay for one hundred and eighty days.
['ZH_T53_2121_009:0047c22_7']	吾所供養。	吾所供養。	009	I will provide offerings for you.
['ZH_T53_2121_009:0047c22_12']	過是辭退。	過是辭退。	009	After that, you may leave.
['ZH_T53_2121_009:0047c23_3']	天人復以神珠一枚送之。	天人復以神珠一枚送之。	009	The heavenly being also gave them a divine pearl,
['ZH_T53_2121_009:0047c23_10']	明耀二十萬里。	明耀二十萬里。	009	which illuminated an area of two hundred thousand miles.
['ZH_T53_2121_009:0047c24_1']	志之所願眾寶滿中。	志之所願眾寶滿中。	009	Whatever the mind wished for, all kinds of treasures would fill it.
['ZH_T53_2121_009:0047c24_14']	若子得道願為弟子神足無上。	若子得道願為弟子神足無上。	009	If the son attained the Way, he wished to be his disciple with unsurpassed spiritual powers.
['ZH_T53_2121_009:0047c25_4']	即復前進覩琉璃城。	即復前進覩琉璃城。	009	They then continued on and saw a crystal city.
['ZH_T53_2121_009:0047c25_17']	又有毒蛇軀以繞城二十一匝。	又有毒蛇軀以繞城二十一匝。	009	There were also poisonous snakes whose bodies encircled the city twenty-one times.
['ZH_T53_2121_009:0047c26_7']	仰首瞋目當彼城門。	仰首瞋目當彼城門。	009	They raised their heads and glared at the city gate.
['ZH_T53_2121_009:0047c26_16']	復生慈定誓濟眾生。	復生慈定誓濟眾生。	009	Again, he gave rise to the state of loving-kindness and vowed to deliver all beings.
['ZH_T53_2121_009:0047c27_6']	毒歇垂首登之入城。	毒歇垂首登之入城。	009	The poison subsided, he bowed his head and ascended it, entering the city.
['ZH_T53_2121_009:0047c27_13']	天人欣喜如前。	天人欣喜如前。	009	The devas and humans rejoiced as before.
['ZH_T53_2121_009:0047c27_18']	請留三時。	請留三時。	009	They invited him to stay for three periods.
['ZH_T53_2121_009:0047c28_7']	願供所志期竟辭退。	願供所志期竟辭退。	009	He wished to provide for his aspirations, and after the period ended, he took leave and left.
['ZH_T53_2121_009:0047c29_1']	又送神珠明耀百六十萬里。	又送神珠明耀百六十萬里。	009	He also sent a divine jewel that illuminated 1.6 million li.
['ZH_T53_2121_009:0047c29_10']	珠之所在眾寶尋從。	珠之所在眾寶尋從。	009	Where the jewel was, many treasures followed.
['ZH_T53_2121_009:0048a01_4']	滿其明內在志所欲無求不獲。	滿其明內在志所欲無求不獲。	009	Filling its radiance, whatever one desired was obtained without seeking.
['ZH_T53_2121_009:0048a01_18']	子得正覺願為弟子有最明之智。	子得正覺願為弟子有最明之智。	009	When you attain right enlightenment, I wish to be your disciple with the most illuminating wisdom.
['ZH_T53_2121_009:0048a02_5']	曰必獲爾願。	曰必獲爾願。	009	He said, You will surely attain your wish.
['ZH_T53_2121_009:0048a02_14']	普施得珠反其舊居。	普施得珠反其舊居。	009	Pu Shi obtained the jewel and returned to his old dwelling.
['ZH_T53_2121_009:0048a03_4']	海諸神僉會議曰。	海諸神僉會議曰。	009	The devas of the ocean all discussed together, saying:
['ZH_T53_2121_009:0048a03_17']	吾等巨海唯斯三珠為吾榮華。	吾等巨海唯斯三珠為吾榮華。	009	We have a vast ocean, and these three jewels are our glory and wealth.
['ZH_T53_2121_009:0048a04_3']	道士悉得。	道士悉得。	009	The Daoist has obtained them all.
['ZH_T53_2121_009:0048a04_16']	吾等寧當都亡諸寶不失斯珠。	吾等寧當都亡諸寶不失斯珠。	009	We would rather lose all our treasures than this jewel.
['ZH_T53_2121_009:0048a05_4']	海神化為凡人。	海神化為凡人。	009	The ocean god transformed into an ordinary person.
['ZH_T53_2121_009:0048a05_10']	當普施前曰。	當普施前曰。	009	In front of Pu Shi, he said:
['ZH_T53_2121_009:0048a05_19']	吾聞仁者獲世上寶。	吾聞仁者獲世上寶。	009	I hear that you have obtained the world's treasures.
['ZH_T53_2121_009:0048a06_4']	可得觀乎。	可得觀乎。	009	Can I see them?
['ZH_T53_2121_009:0048a06_9']	即以示之。	即以示之。	009	He then showed them to him.
['ZH_T53_2121_009:0048a06_15']	神搏手奪取。	神搏手奪取。	009	The god grabbed and snatched them away.
['ZH_T53_2121_009:0048a06_19']	普施曰。	普施曰。	009	Pu Shi said:
['ZH_T53_2121_009:0048a07_13']	吾歷險跨海乃獲斯寶欲濟困乏。	吾歷險跨海乃獲斯寶欲濟困乏。	009	I crossed the sea through dangers in order to obtain this treasure, wishing to save the destitute.
['ZH_T53_2121_009:0048a08_4']	反為斯神所見奪乎。	反為斯神所見奪乎。	009	But now it has been taken away by this spirit.
['ZH_T53_2121_009:0048a08_16']	曰爾還吾珠不者吾竭爾海。	曰爾還吾珠不者吾竭爾海。	009	He said, If you return my pearl, I will exhaust your sea.
['ZH_T53_2121_009:0048a09_1']	神曰。	神曰。	009	The spirit said,
['ZH_T53_2121_009:0048a09_10']	巨海深廣孰能盡之。	巨海深廣孰能盡之。	009	The great ocean is deep and vast, who can exhaust it?
['ZH_T53_2121_009:0048a09_15']	天勸作風。	天勸作風。	009	The heavens encouraged him to create a wind.
['ZH_T53_2121_009:0048a09_19']	普施曰。	普施曰。	009	Pushi said,
['ZH_T53_2121_009:0048a10_6']	吾於錠光佛前。	吾於錠光佛前。	009	Before the Buddha Dīpaṃkara,
['ZH_T53_2121_009:0048a10_15']	願得道力反覆眾海。	願得道力反覆眾海。	009	I vowed to attain the power of the Way and overturn the many seas.
['ZH_T53_2121_009:0048a11_7']	指擢須彌震天地移諸剎。	指擢須彌震天地移諸剎。	009	Pointing and plucking Mount Sumeru, shaking heaven and earth, moving the various lands,
['ZH_T53_2121_009:0048a11_12']	佛從吾志。	佛從吾志。	009	The Buddha followed my intention.
['ZH_T53_2121_009:0048a11_18']	吾今得之矣。	吾今得之矣。	009	I have now attained it.
['ZH_T53_2121_009:0048a12_8']	今爾鬼物絲髮之力。	今爾鬼物絲髮之力。	009	Now you ghost creatures have the power of a strand of hair,
['ZH_T53_2121_009:0048a12_18']	焉能遏吾正真之勢乎。	焉能遏吾正真之勢乎。	009	How can you obstruct my true and correct power?
['ZH_T53_2121_009:0048a13_12']	即併兩足摽渫海水投鐵圍外。	即併兩足摽渫海水投鐵圍外。	009	He then combined his two feet and stirred the seawater, throwing it outside the Iron Encircling Mountains.
['ZH_T53_2121_009:0048a13_17']	遍淨天曰。	遍淨天曰。	009	The Pure Heaven said,
['ZH_T53_2121_009:0048a14_10']	吾昔於錠光佛前聞其志願。	吾昔於錠光佛前聞其志願。	009	I heard his vow before the Buddha Dīpaṃkara,
['ZH_T53_2121_009:0048a15_2']	必為世尊度吾等眾生。	必為世尊度吾等眾生。	009	He will surely become a World-Honored One to deliver our multitude of beings.
['ZH_T53_2121_009:0048a15_13']	即下助其渫水十分去八。	即下助其渫水十分去八。	009	He then descended to assist in stirring the water, removing eight-tenths.
['ZH_T53_2121_009:0048a15_18']	海神怖曰。	海神怖曰。	009	The sea spirit was frightened and said,
['ZH_T53_2121_009:0048a16_3']	斯水盡矣。	斯水盡矣。	009	This water is exhausted.
['ZH_T53_2121_009:0048a16_8']	吾居壞也。	吾居壞也。	009	I will stay in the ruined place.
['ZH_T53_2121_009:0048a16_13']	即還其珠。	即還其珠。	009	He then returned the pearl.
['ZH_T53_2121_009:0048a16_18']	尋路布施。	尋路布施。	009	Along the road, he gave it away as alms.
['ZH_T53_2121_009:0048a17_7']	所過之國無復貧民。	所過之國無復貧民。	009	In the countries he passed through, there were no more poor people.
['ZH_T53_2121_009:0048a17_16']	處處諸王無不改操。	處處諸王無不改操。	009	In every place, the kings all changed their ways.
['ZH_T53_2121_009:0048a18_7']	以五戒十善為國政法。	以五戒十善為國政法。	009	Using the five precepts and ten wholesome deeds as the law for governing the country.
['ZH_T53_2121_009:0048a18_12']	開獄大赦。	開獄大赦。	009	Opening the prisons and granting a great amnesty.
['ZH_T53_2121_009:0048a19_2']	潤逮眾生遂至得佛。	潤逮眾生遂至得佛。	009	Nourishing and reaching all beings, he eventually attained Buddhahood.
['ZH_T53_2121_009:0048a19_8']	普施我身是。	普施我身是。	009	I am the one who gave universally.
['ZH_T53_2121_009:0048a19_16']	父者即白淨王是。	父者即白淨王是。	009	The father is King Śuddhodana.
['ZH_T53_2121_009:0048a20_5']	母者即吾母舍妙是。	母者即吾母舍妙是。	009	The mother is my mother Māyā.
['ZH_T53_2121_009:0048a20_14', 'ZH_T53_2121_009:0048a21_7']	時道士女今裘夷是。🔽時銀城中天者今阿難是。	時道士女今裘夷是。 時銀城中天者今阿難是。	009	The female ascetic at that time is now Gopā.🔽The god in the silver city at that time is now Ānanda.
['ZH_T53_2121_009:0048a21_15']	金城天者目連是。	金城天者目連是。	009	The god in the golden city is Maudgalyāyana.
['ZH_T53_2121_009:0048a22_19']	琉璃城天者舍利弗是出度無極集第一卷又出賢愚經。	琉璃城天者舍利弗是出度無極集第一卷又出賢愚經。	009	The god in the lapis lazuli city is Śāriputra.🔽The story of King Mahāsudarśana being criticized by Ānanda for being in the same place as a woman.
['ZH_T53_2121_009:0048a24_4']	7 重勝王與女人一處為阿難所譏重勝王與女人一處為阿難所譏七阿難白佛。	7 重勝王與女人一處為阿難所譏重勝王與女人一處為阿難所譏七阿難白佛。	009	Ānanda said to the Buddha:
['ZH_T53_2121_009:0048a24_13']	憶念我昔入舍衛城。	憶念我昔入舍衛城。	009	I remember once when I entered Śrāvastī.
['ZH_T53_2121_009:0048a25_6']	見重勝王菩薩與女人同床。	見重勝王菩薩與女人同床。	009	saw King Mahāsudarśana sitting on the same bed as a woman.
['ZH_T53_2121_009:0048a26_1']	我謂犯穢心用惟慮得無異人。	我謂犯穢心用惟慮得無異人。	009	I thought he had committed a defiled act, and could only worry that he was not an extraordinary person.
['ZH_T53_2121_009:0048a26_17']	學梵行者於如來教將無造見聞想念。	學梵行者於如來教將無造見聞想念。	009	Practitioners of the Brahma way of life might have views, hear, think, or contemplate in the teachings of the Tathāgata.
['ZH_T53_2121_009:0048a27_13']	發斯語時三千大千世界六反振動。	發斯語時三千大千世界六反振動。	009	When these words were spoken, the trichiliocosm shook in six ways.
['ZH_T53_2121_009:0048a28_10']	時重勝王菩薩即自踊身住於空中。	時重勝王菩薩即自踊身住於空中。	009	At that time, Bodhisattva King Mahāsudarśana rose up into the air,
['ZH_T53_2121_009:0048a28_17']	去地四丈九尺。	去地四丈九尺。	009	fourteen feet above the ground.
['ZH_T53_2121_009:0048a29_3']	報阿難曰。	報阿難曰。	009	He replied to Ānanda,
['ZH_T53_2121_009:0048a29_16']	犯禁穢者寧能踊身止虛空乎。	犯禁穢者寧能踊身止虛空乎。	009	How could one who has committed a defiled act be able to rise up into the air?
['ZH_T53_2121_009:0048b01_2']	在如來前。	在如來前。	009	In front of the Tathāgata.
['ZH_T53_2121_009:0048b01_11']	阿難投身即自悔過。	阿難投身即自悔過。	009	Ānanda threw himself down and repented,
['ZH_T53_2121_009:0048b02_1']	如何偏見求大龍短。	如何偏見求大龍短。	009	How could I be biased in seeing the shortcomings of a great dragon?
['ZH_T53_2121_009:0048b02_6']	佛告阿難。	佛告阿難。	009	The Buddha told Ānanda,
['ZH_T53_2121_009:0048b02_11']	彼女人者。	彼女人者。	009	That woman
['ZH_T53_2121_009:0048b03_5']	乃往過去世為重勝王百生之偶。	乃往過去世為重勝王百生之偶。	009	was King Mahāsudarśana's partner for a hundred lifetimes in the past.
['ZH_T53_2121_009:0048b03_14']	宿情未拔貪重勝顏。	宿情未拔貪重勝顏。	009	Her feelings from the past were not severed, and she greedily desired King Mahāsudarśana's appearance.
['ZH_T53_2121_009:0048b03_19']	口發誓言。	口發誓言。	009	She made a vow with her mouth,
['ZH_T53_2121_009:0048b04_15']	重勝王若與我願得遂所娛當從其教。	重勝王若與我願得遂所娛當從其教。	009	'If King Mahāsudarśana grants me my wish and I can indulge as I please, I will follow his teachings.'
['ZH_T53_2121_009:0048b05_6']	時重勝王心知其念。	時重勝王心知其念。	009	At that time, King Mahāsudarśana knew her thoughts,🔽and he said to her,🔽If you can do this, I will grant your wish.
['ZH_T53_2121_009:0048b05_15']	晨朝正服入之其室。	晨朝正服入之其室。	009	In the morning, he put on his proper robes and entered her room.
['ZH_T53_2121_009:0048b06_2']	即時頌曰。	即時頌曰。	009	He immediately spoke a verse, saying:
['ZH_T53_2121_009:0048b07_0']	我愚悖於欲　　諸佛所不歎	我愚悖於欲　　諸佛所不歎	009	I was foolish and indulgent in desires, not praised by the Buddhas.
['ZH_T53_2121_009:0048b08_0']	能蠲恩愛者　　得佛人中上	能蠲恩愛者　　得佛人中上	009	Those who can eliminate affection and love attain Buddhahood, the highest among humans.
['ZH_T53_2121_009:0048b09_4']	時女喜躍。	時女喜躍。	009	At that time, the woman was overjoyed.
['ZH_T53_2121_009:0048b09_13']	即從坐起自投于地。	即從坐起自投于地。	009	She immediately got up from her seat and threw herself to the ground.
['ZH_T53_2121_009:0048b10_3']	歸命自責伏罪悔過。	歸命自責伏罪悔過。	009	She took refuge and reproached herself, confessing her faults and repenting.
['ZH_T53_2121_009:0048b10_12']	為重勝王而歎頌曰。	為重勝王而歎頌曰。	009	For King Mahendrasena, she spoke a verse, saying:
['ZH_T53_2121_009:0048b11_0']	吾已離諸欲　　世尊之所歎	吾已離諸欲　　世尊之所歎	009	I have already left all desires, praised by the World-Honored One.
['ZH_T53_2121_009:0048b12_0']	節止恩愛著　　願佛無上道	節止恩愛著　　願佛無上道	009	Restraining attachment to affection and love, I wish for the unsurpassed path of the Buddha.
['ZH_T53_2121_009:0048b13_0']	前心之所想　　今自首悔過	前心之所想　　今自首悔過	009	The thoughts of my previous mind I now confess and repent.
['ZH_T53_2121_009:0048b14_0']	傷愍諸群生　　究竟發道意	傷愍諸群生　　究竟發道意	009	I feel compassion for all beings and ultimately give rise to the aspiration for enlightenment.
['ZH_T53_2121_009:0048b15_9']	爾時重勝王授彼女訣。	爾時重勝王授彼女訣。	009	At that time, King Mahendrasena gave her a prediction, saying:
['ZH_T53_2121_009:0048b16_5']	轉此女身後九十九劫當得作佛。	轉此女身後九十九劫當得作佛。	009	After you have transformed this female body, in the next ninety-nine kalpas you will attain Buddhahood.🔽Your name will be Tathāgata Liberated from Countless Hundreds of Thousands of Sufferings.Here is the corrected and aligned text:
['ZH_T53_2121_009:0048b17_2']	號離無數百千所受如來出慧上菩薩經上卷。	號離無數百千所受如來出慧上菩薩經上卷。	009	The Sutra of the Bodhisattva Supreme Wisdom, Scroll 1.
['ZH_T53_2121_009:0048b19_9']	8 大薩他婆渡海船壞殺身濟眾大薩他婆渡海船壞殺身濟眾八釋迦牟尼佛為菩薩時。	8 大薩他婆渡海船壞殺身濟眾大薩他婆渡海船壞殺身濟眾八釋迦牟尼佛為菩薩時。	009	8. Mahāsattva Dhataraṭṭha Sacrificing His Life to Save People When a Ship Was Wrecked Mahāsattva Dhataraṭṭha Sacrificing His Life to Save People When a Ship Was Wrecked 8. When Śākyamuni Buddha was a bodhisattva,
['ZH_T53_2121_009:0048b19_15']	名大薩他婆。	名大薩他婆。	009	He was named Mahāsattva Dhataraṭṭha.
['ZH_T53_2121_009:0048b20_5']	當渡大海惡風壞船。	當渡大海惡風壞船。	009	When crossing the great ocean, a storm wrecked the ship.
['ZH_T53_2121_009:0048b21_2']	語眾賈人捉我頭髮手足當渡汝等。	語眾賈人捉我頭髮手足當渡汝等。	009	He told the merchants, Grasp my hair, hands, and feet, and I will ferry you across.
['ZH_T53_2121_009:0048b21_11']	人人捉已以刀自殺。	人人捉已以刀自殺。	009	Each person grasped him, and he killed himself with a knife.
['ZH_T53_2121_009:0048b22_1']	大海水法不停死屍。	大海水法不停死屍。	009	The law of the great ocean is not to keep corpses.
['ZH_T53_2121_009:0048b22_17']	即時疾風吹至岸邊出大智論第四卷。	即時疾風吹至岸邊出大智論第四卷。	009	The wind immediately blew him to the shore. From the fourth chapter of the Mahāprajñāpāramitā Śāstra.
['ZH_T53_2121_009:0048b25_4']	9 菩薩端坐山中鳥孺頂上子未能飛不捨去菩薩端坐山中鳥孺頂上子未能飛不捨去九菩薩在山。	9 菩薩端坐山中鳥孺頂上子未能飛不捨去菩薩端坐山中鳥孺頂上子未能飛不捨去九菩薩在山。	009	9. The Bodhisattva Sat in Meditation in the Mountains, a Bird Nurtured Its Young on His Head, and the Younglings Could Not Fly, So They Did Not Leave The Bodhisattva Sat in Meditation in the Mountains, a Bird Nurtured Its Young on His Head, and the Younglings Could Not Fly, So They Did Not Leave 9. The Bodhisattva was in the mountains,
['ZH_T53_2121_009:0048b25_13']	慈心端坐思惟不動。	慈心端坐思惟不動。	009	Meditating with a compassionate mind, unmoving.
['ZH_T53_2121_009:0048b26_3']	鳥孺頂上覺鳥在頂。	鳥孺頂上覺鳥在頂。	009	A bird nurtured its young on his head.
['ZH_T53_2121_009:0048b26_12']	懼卵墜落身不移搖。	懼卵墜落身不移搖。	009	Fearing the eggs would fall, his body did not move.
['ZH_T53_2121_009:0048b27_6']	捨身而行彼處不動及鳥生翅。	捨身而行彼處不動及鳥生翅。	009	Abandoning his body, he went there unmoving, and the bird's wings grew.
['ZH_T53_2121_009:0048b27_15']	但未能飛終不捨去。	但未能飛終不捨去。	009	But they were unable to fly and would not leave.
['ZH_T53_2121_009:0048b28_5']	如是自知便說此偈。	如是自知便說此偈。	009	Knowing this, he then spoke this verse:
['ZH_T53_2121_009:0048b29_0']	若能辦此事　　於天人中天	若能辦此事　　於天人中天	009	If one can accomplish this, among the gods and humans, the god
['ZH_T53_2121_009:0048c01_0']	能不觸嬈彼　　此德無有上	能不觸嬈彼　　此德無有上	009	Can not disturb them, this virtue is unsurpassed.
['ZH_T53_2121_009:0048c02_0']	是故彼世尊　　最為第一神	是故彼世尊　　最為第一神	009	Therefore, that World-Honored One is the most supreme spirit.
['ZH_T53_2121_009:0048c03_0']	故在道場處　　功德皆備具	故在道場處　　功德皆備具	009	Thus, in the place of the Way-place, all merits are fully endowed.
['ZH_T53_2121_009:0048c04_8']	出僧伽羅剎經上卷。	出僧伽羅剎經上卷。	009	From the Sutra of Sangarasha, Scroll 1.
['ZH_T53_2121_009:0048c06_11']	10 入海採珠以濟貧苦入海採珠以濟貧苦十吾從無數劫以來精進求道。	10 入海採珠以濟貧苦入海採珠以濟貧苦十吾從無數劫以來精進求道。	009	Entering the ocean to collect jewels in order to save the poor and suffering, entering the ocean to collect jewels in order to save the poor and suffering, ten I have been seeking the Way with diligence for innumerable kalpas.
['ZH_T53_2121_009:0048c07_2']	初無懈息自致得佛。	初無懈息自致得佛。	009	From the beginning, I have never been lax, and have attained Buddhahood.
['ZH_T53_2121_009:0048c07_11']	超越九劫出彌勒前。	超越九劫出彌勒前。	009	Surpassing nine kalpas, I emerged before Maitreya.
['ZH_T53_2121_009:0048c08_6']	我念過去時國人貧窮生怜愍心。	我念過去時國人貧窮生怜愍心。	009	I recall that in the past, the people of the country were poor, and I felt pity for them.
['ZH_T53_2121_009:0048c08_15']	乃欲入海求如意珠。	乃欲入海求如意珠。	009	I then wanted to enter the ocean to seek the wish-fulfilling jewel.
['ZH_T53_2121_009:0048c09_5']	眾人大會望風舉帆。	眾人大會望風舉帆。	009	The multitude gathered, and raised the sails with the wind.
['ZH_T53_2121_009:0048c09_18']	詣海龍王從求頭上如意之珠。	詣海龍王從求頭上如意之珠。	009	I went to the Dragon King of the Ocean and asked for the wish-fulfilling jewel on his head.
['ZH_T53_2121_009:0048c10_12']	龍王聞其欲濟窮士即以珠與。	龍王聞其欲濟窮士即以珠與。	009	The Dragon King, hearing that I wanted to save the poor, immediately gave me the jewel.
['ZH_T53_2121_009:0048c11_11']	時諸賈客各各採寶悉皆具足乘船來還。	時諸賈客各各採寶悉皆具足乘船來還。	009	At that time, the merchants each collected treasures, all of which were complete. They sailed back on the ship.
['ZH_T53_2121_009:0048c12_6']	海中諸龍及諸神鬼悉共議言。	海中諸龍及諸神鬼悉共議言。	009	The dragons and spirits in the ocean all discussed together, saying:
['ZH_T53_2121_009:0048c12_15']	此如意珠海中上寶。	此如意珠海中上寶。	009	This wish-fulfilling jewel is the supreme treasure in the ocean.
['ZH_T53_2121_009:0048c13_5']	非世俗人所當獲者。	非世俗人所當獲者。	009	It should not be obtained by worldly people.
['ZH_T53_2121_009:0048c13_14']	云何損海益閻浮利。	云何損海益閻浮利。	009	How can it harm the ocean and benefit Jambudvīpa?
['ZH_T53_2121_009:0048c13_19']	誠可惜之。	誠可惜之。	009	It is truly a pity.
['ZH_T53_2121_009:0048c14_12']	當作方計還奪其珠不可失之。	當作方計還奪其珠不可失之。	009	We must devise a plan to take back the jewel, we cannot lose it.
['ZH_T53_2121_009:0048c15_7']	時諸龍鬼晝夜圍繞欲奪其珠。	時諸龍鬼晝夜圍繞欲奪其珠。	009	At that time, the dragons and ghosts surrounded day and night, wanting to steal the jewel.
['ZH_T53_2121_009:0048c16_2']	導師德尊如意珠力不能奪之。	導師德尊如意珠力不能奪之。	009	The leader's virtue was revered, and the power of the wish-fulfilling jewel could not be taken away.
['ZH_T53_2121_009:0048c16_7']	度海既畢。	度海既畢。	009	After crossing the ocean,
['ZH_T53_2121_009:0048c16_16']	菩薩踊躍住於海邊。	菩薩踊躍住於海邊。	009	the Bodhisattva joyfully stayed on the shore of the ocean.
['ZH_T53_2121_009:0048c17_5']	低頭下手呪願海神。	低頭下手呪願海神。	009	He lowered his head and made a vow to the ocean deity with his hands.
['ZH_T53_2121_009:0048c17_10']	以珠繫頸。	以珠繫頸。	009	He tied the jewel around his neck.
['ZH_T53_2121_009:0048c18_4']	時海龍神因緣得便使珠墮海。	時海龍神因緣得便使珠墮海。	009	At that time, the ocean dragon deity took advantage of an opportunity and caused the jewel to fall into the ocean.
['ZH_T53_2121_009:0048c18_13']	導師感激吾行入海。	導師感激吾行入海。	009	The leader was indignant, thinking: I went into the ocean,
['ZH_T53_2121_009:0048c19_7']	乘船涉難勤苦無量乃得此寶。	乘船涉難勤苦無量乃得此寶。	009	sailing through difficulties and hardships, and only then obtained this treasure.
['ZH_T53_2121_009:0048c19_12']	當救眾乏。	當救眾乏。	009	It should have saved the hungry.
['ZH_T53_2121_009:0048c20_2']	於今海神反令墮海。	於今海神反令墮海。	009	But now the ocean deity has caused it to fall into the ocean.
['ZH_T53_2121_009:0048c20_11']	勅邊侍人捉持器來。	勅邊侍人捉持器來。	009	The king ordered a servant to bring a vessel.
['ZH_T53_2121_009:0048c21_1']	吾卷海水令至底泥。	吾卷海水令至底泥。	009	I will roll up the ocean water to the bottom of the mud.
['ZH_T53_2121_009:0048c21_10']	不得珠者終不休懈。	不得珠者終不休懈。	009	If I cannot obtain the pearl, I will never stop.
['ZH_T53_2121_009:0048c21_19']	即便卷水不惜壽命。	即便卷水不惜壽命。	009	He then rolled up the water, not sparing his life.
['ZH_T53_2121_009:0048c22_8']	水自然趣悉入器中。	水自然趣悉入器中。	009	The water naturally flowed and all entered the vessel.
['ZH_T53_2121_009:0048c22_17']	諸海龍神見之懷懼。	諸海龍神見之懷懼。	009	The dragon gods of the oceans saw this and became fearful.
['ZH_T53_2121_009:0048c23_7']	此人威勢精進之力。	此人威勢精進之力。	009	This person's majestic power and the strength of his diligence,
['ZH_T53_2121_009:0048c23_12']	誠非世有。	誠非世有。	009	are truly not of this world.
['ZH_T53_2121_009:0048c23_17']	水不久竭。	水不久竭。	009	The water will not run out for a long time.
['ZH_T53_2121_009:0048c24_6']	即持珠來辭謝還之。	即持珠來辭謝還之。	009	They then brought the pearl and apologized, returning it.
['ZH_T53_2121_009:0048c25_3']	吾等即爾相試不圖精進力勢如是。	吾等即爾相試不圖精進力勢如是。	009	We just now tested each other, not expecting the strength of your diligence to be like this.
['ZH_T53_2121_009:0048c25_12']	天上天下無能勝君。	天上天下無能勝君。	009	Above heaven and below heaven, there is none who can surpass you.
['ZH_T53_2121_009:0048c26_2']	導師獲寶齎還國中。	導師獲寶齎還國中。	009	The guide obtained the treasure and brought it back to the country.
['ZH_T53_2121_009:0048c26_15']	使雨七寶以供天下莫不安隱。	使雨七寶以供天下莫不安隱。	009	He caused the rain of the seven treasures to supply the world, so that all were at ease and safe.
['ZH_T53_2121_009:0048c27_11']	時導師者則我身是出生經第一卷。	時導師者則我身是出生經第一卷。	009	The one who was the guide at that time is none other than myself.Here is the corrected and aligned text:
['ZH_T53_2121_009:0048c29_13']	11 坐海以救估客坐海以救估客十一昔者菩薩與五百商人入海採寶。	11 坐海以救估客坐海以救估客十一昔者菩薩與五百商人入海採寶。	009	Sitting in the Ocean to Rescue Merchants Sitting in the Ocean to Rescue Merchants, Part 11 Once upon a time, the Bodhisattva, together with five hundred merchants, entered the ocean to collect treasures.
['ZH_T53_2121_009:0049a01_4']	入海數月獲寶重載。	入海數月獲寶重載。	009	After several months in the ocean, they obtained heavy loads of treasures.
['ZH_T53_2121_009:0049a01_13']	將旋本土道逢飄風。	將旋本土道逢飄風。	009	On the way back to their homeland, they encountered a violent storm.
['ZH_T53_2121_009:0049a02_3']	雷電振地水神雲集。	雷電振地水神雲集。	009	Thunder and lightning shook the earth, and water spirits gathered like clouds.
['ZH_T53_2121_009:0049a02_16']	四周若城眼中出火波涌灌山。	四周若城眼中出火波涌灌山。	009	All around, it was like a city. Fire came out of their eyes, and waves surged, drenching the mountain.
['ZH_T53_2121_009:0049a03_2']	眾人啼曰。	眾人啼曰。	009	The people cried out,
['ZH_T53_2121_009:0049a03_7']	吾等死矣。	吾等死矣。	009	We are going to die!
['ZH_T53_2121_009:0049a03_16']	恐怖易色仰天求哀。	恐怖易色仰天求哀。	009	Terrified, they looked up to the heavens and begged for mercy.
['ZH_T53_2121_009:0049a04_5']	菩薩愴然心生計曰。	菩薩愴然心生計曰。	009	The Bodhisattva was moved and thought,
['ZH_T53_2121_009:0049a04_15']	吾之求佛但為眾生耳。	吾之求佛但為眾生耳。	009	I seek Buddhahood only for the sake of sentient beings.
['ZH_T53_2121_009:0049a05_3']	海神所惡死屍。	海神所惡死屍。	009	The water spirits hate corpses.
['ZH_T53_2121_009:0049a05_10']	為其危命濟眾。	為其危命濟眾。	009	For their sake, I will risk my life to save the people.
['ZH_T53_2121_009:0049a05_19']	斯乃開士之尚業矣。	斯乃開士之尚業矣。	009	This is the superior practice of a great being.
['ZH_T53_2121_009:0049a06_7']	吾不以身血注海。	吾不以身血注海。	009	If I do not pour my blood and flesh into the ocean,
['ZH_T53_2121_009:0049a07_3']	惡海神之意者船人終不被于岸。	惡海神之意者船人終不被于岸。	009	the water spirits will not be appeased, and the people on the ship will never reach the shore.
['ZH_T53_2121_009:0049a07_8']	謂眾人曰。	謂眾人曰。	009	He told the people,
['ZH_T53_2121_009:0049a07_19']	爾等屬手相持并援吾身。	爾等屬手相持并援吾身。	009	You all hold hands and pull me in together.
['ZH_T53_2121_009:0049a08_4']	眾人承命。	眾人承命。	009	The people followed his instructions.
['ZH_T53_2121_009:0049a08_12']	菩薩即引刀自害。	菩薩即引刀自害。	009	The Bodhisattva then drew his sword and killed himself.
['ZH_T53_2121_009:0049a09_3']	海神德焉漂舟上岸。	海神德焉漂舟上岸。	009	The water spirits were moved and drifted the ship to the shore.
['ZH_T53_2121_009:0049a09_8']	眾人普濟。	眾人普濟。	009	The people were all saved.
['ZH_T53_2121_009:0049a09_16']	船人抱屍號哭曰。	船人抱屍號哭曰。	009	The people on the ship held the corpse and wailed, saying,
['ZH_T53_2121_009:0049a10_7']	斯必菩薩非凡之徒也。	斯必菩薩非凡之徒也。	009	This must be a bodhisattva, not an ordinary person.
['ZH_T53_2121_009:0049a10_12']	躄踊呼天。	躄踊呼天。	009	They fell to the ground and cried out to heaven.
['ZH_T53_2121_009:0049a11_3']	寧令吾等命殞于茲。	寧令吾等命殞于茲。	009	It would be better for us to die here,
['ZH_T53_2121_009:0049a11_11']	無喪上德之士矣。	無喪上德之士矣。	009	than to lose this virtuous man.
['ZH_T53_2121_009:0049a12_1']	其言真誠上感諸天。	其言真誠上感諸天。	009	Their words were sincere and moved the gods above.
['ZH_T53_2121_009:0049a12_11']	天帝釋覩菩薩之弘慈。	天帝釋覩菩薩之弘慈。	009	The Heavenly Emperor saw the bodhisattva's great compassion.
['ZH_T53_2121_009:0049a12_16']	帝釋下曰。	帝釋下曰。	009	The Emperor Shakra descended and said,
['ZH_T53_2121_009:0049a13_6']	斯至德菩薩將為聖雄。	斯至德菩薩將為聖雄。	009	This virtuous bodhisattva will become a great sage.
['ZH_T53_2121_009:0049a13_11']	今自活之。	今自活之。	009	Now I will revive him.
['ZH_T53_2121_009:0049a14_1']	以天神藥灌其口中。	以天神藥灌其口中。	009	I will pour divine medicine into his mouth,
['ZH_T53_2121_009:0049a14_6']	并通塗屍。	并通塗屍。	009	and apply it to the corpse.
['ZH_T53_2121_009:0049a14_18']	菩薩即蘇忽起坐與眾相勞。	菩薩即蘇忽起坐與眾相勞。	009	The bodhisattva immediately revived and suddenly sat up, greeting the crowd.
['ZH_T53_2121_009:0049a15_9']	帝釋以名寶滿其舟中。	帝釋以名寶滿其舟中。	009	Emperor Shakra filled his boat with famous treasures,
['ZH_T53_2121_009:0049a15_14']	千倍于前。	千倍于前。	009	a thousand times more than before.
['ZH_T53_2121_009:0049a16_8']	即還本土九親相見靡不歡悅。	即還本土九親相見靡不歡悅。	009	He then returned to his homeland, and the nine relatives saw each other and were all delighted.
['ZH_T53_2121_009:0049a16_17']	賙窮濟乏惠逮眾生。	賙窮濟乏惠逮眾生。	009	He helped the poor and saved the needy, benefiting all beings.
['ZH_T53_2121_009:0049a17_7']	顯宣佛經開化愚冥。	顯宣佛經開化愚冥。	009	He proclaimed the Buddha's sutras and enlightened the ignorant.
['ZH_T53_2121_009:0049a18_1']	其國王服菩薩德詣稟清化。	其國王服菩薩德詣稟清化。	009	The king of that country, impressed by the bodhisattva's virtue, came to receive his pure teachings.
['ZH_T53_2121_009:0049a18_14']	君仁臣忠率土持戒家有孝子。	君仁臣忠率土持戒家有孝子。	009	The ruler was kind, the ministers loyal, and the entire country upheld the precepts. Families had filial sons.
['ZH_T53_2121_009:0049a19_4']	國豐毒歇黎庶歡欣。	國豐毒歇黎庶歡欣。	009	The country was prosperous, calamities ended, and the people rejoiced.
['ZH_T53_2121_009:0049a19_13']	終生天上長離眾苦。	終生天上長離眾苦。	009	They were reborn in the heavens and forever escaped suffering.
['ZH_T53_2121_009:0049a20_8']	菩薩累劫精進不休遂至得佛。	菩薩累劫精進不休遂至得佛。	009	The Bodhisattva diligently practiced for many eons without rest and finally attained Buddhahood.
['ZH_T53_2121_009:0049a20_18']	殺身濟眾者吾身是也。	殺身濟眾者吾身是也。	009	The one who sacrificed his body to save the people is me.
['ZH_T53_2121_009:0049a21_8']	天帝釋者彌勒是也。	天帝釋者彌勒是也。	009	The Heavenly Emperor Shakra is Maitreya.
['ZH_T53_2121_009:0049a22_18']	五百商人者今坐中五百應真是也出殺身濟賈人經又出度無極集。	五百商人者今坐中五百應真是也出殺身濟賈人經又出度無極集。	009	The five hundred merchants are the five hundred people sitting here now.
['ZH_T53_2121_009:0049a24_12']	12 從地踊出現長舌相從地踊出現長舌相十二時千世界微塵等菩薩摩訶薩。	12 從地踊出現長舌相從地踊出現長舌相十二時千世界微塵等菩薩摩訶薩。	009	The Bodhisattva-Mahāsattvas, as numerous as the dust particles in a thousand worlds, emerged from the ground and extended their long tongues.
['ZH_T53_2121_009:0049a25_7']	從地踊出一心合掌仰瞻尊顏。	從地踊出一心合掌仰瞻尊顏。	009	They emerged from the ground, joined their palms single-mindedly, and gazed up at the Venerable One's face.
['ZH_T53_2121_009:0049a25_12']	而白佛言。	而白佛言。	009	They said to the Buddha,
['ZH_T53_2121_009:0049a26_1']	我等於佛滅後。	我等於佛滅後。	009	After the Buddha's nirvāṇa,
['ZH_T53_2121_009:0049a27_1']	世尊分身所在國土滅度之處當廣說此經。	世尊分身所在國土滅度之處當廣說此經。	009	in the lands where the World-Honored One's emanations have entered nirvāṇa, we will widely expound this sūtra.
['ZH_T53_2121_009:0049a28_7']	我等亦自欲得是真淨大法受持讀誦解說書寫而供養之。	我等亦自欲得是真淨大法受持讀誦解說書寫而供養之。	009	We ourselves also wish to obtain this true and pure great Dharma, uphold it, recite it, explain it, copy it, and make offerings to it.
['ZH_T53_2121_009:0049b01_8']	爾時世尊於文殊師利等無量百千萬億舊住娑婆世界菩薩及諸聲聞人非人等一切眾前。	爾時世尊於文殊師利等無量百千萬億舊住娑婆世界菩薩及諸聲聞人非人等一切眾前。	009	At that time, the World-Honored One, in front of the immeasurable hundreds of thousands of myriads of koṭis of old residents of the Saha world, such as Mañjuśrī, and in front of the śrāvakas, humans, non-humans, and all other beings,
['ZH_T53_2121_009:0049b01_17']	出廣長舌上至梵世。	出廣長舌上至梵世。	009	extended his broad and long tongue to the Brahma world.
['ZH_T53_2121_009:0049b02_8']	一切毛孔放無量色光。	一切毛孔放無量色光。	009	From all his pores, he emitted immeasurable colored lights,
['ZH_T53_2121_009:0049b02_17']	皆悉遍照十方世界。	皆悉遍照十方世界。	009	which universally illuminated the worlds in the ten directions.
['ZH_T53_2121_009:0049b03_20']	眾寶樹下師子坐上諸佛亦復如是出法華經第六卷。	眾寶樹下師子坐上諸佛亦復如是出法華經第六卷。	009	The Buddhas on the lion seats under the jeweled trees were also like this.Here is the corrected and aligned text:
['ZH_T53_2121_009:0049b05_12']	13 牧牛小兒善說般若義弘廣大乘牧牛小兒善說般若義弘廣大乘十三昔有比丘精進持戒初不毀犯。	13 牧牛小兒善說般若義弘廣大乘牧牛小兒善說般若義弘廣大乘十三昔有比丘精進持戒初不毀犯。	009	The Extensive and Great Vehicle of the Small Child Herding Cows Skillfully Expounding the Meaning of Prajñā, The Extensive and Great Vehicle of the Small Child Herding Cows Skillfully Expounding the Meaning of Prajñā, 13 In the past, there was a bhikṣu who diligently upheld the precepts and never violated them.
['ZH_T53_2121_009:0049b05_17']	住在精舍。	住在精舍。	009	He lived in a vihāra.
['ZH_T53_2121_009:0049b06_9']	所可諷誦是般若波羅蜜。	所可諷誦是般若波羅蜜。	009	What he chanted was the Prajñāpāramitā.
['ZH_T53_2121_009:0049b07_4']	有聞此比丘音聲莫不歡喜。	有聞此比丘音聲莫不歡喜。	009	Anyone who heard the sound of this bhikṣu would be delighted.
['ZH_T53_2121_009:0049b07_17']	有一小兒始年七歲城外牧牛。	有一小兒始年七歲城外牧牛。	009	There was a small child, only seven years old, herding cows outside the city.
['ZH_T53_2121_009:0049b08_7']	遙聞比丘誦說經聲。	遙聞比丘誦說經聲。	009	He heard from afar the sound of the bhikṣu chanting the sūtra.
['ZH_T53_2121_009:0049b08_16']	尋聲詣寺聽聞即解。	尋聲詣寺聽聞即解。	009	He followed the sound to the temple to listen and immediately understood.
['ZH_T53_2121_009:0049b09_6']	貌大歡喜便問比丘。	貌大歡喜便問比丘。	009	He was greatly delighted and asked the bhikṣu,
['ZH_T53_2121_009:0049b09_11']	答不可意。	答不可意。	009	The bhikṣu replied, 'It is not pleasing.'
['ZH_T53_2121_009:0049b10_5']	小兒反說其義甚妙昔所希聞。	小兒反說其義甚妙昔所希聞。	009	The child then said, 'The meaning is very wonderful, something I have never heard before.'
['ZH_T53_2121_009:0049b10_14']	比丘聞之歎此小兒。	比丘聞之歎此小兒。	009	The bhikṣu, hearing this, sighed, 'This child
['ZH_T53_2121_009:0049b11_4']	乃有智慧非是凡人。	乃有智慧非是凡人。	009	has wisdom and is no ordinary person.'
['ZH_T53_2121_009:0049b11_13']	時兒即去還至牛所。	時兒即去還至牛所。	009	At that time, the child left and returned to the cows.
['ZH_T53_2121_009:0049b12_3']	所牧牛犢散走入山。	所牧牛犢散走入山。	009	The cows he was herding scattered and ran into the mountains.
['ZH_T53_2121_009:0049b12_12']	兒尋其迹值虎被害。	兒尋其迹值虎被害。	009	The child followed their tracks and encountered a tiger that injured him.
['ZH_T53_2121_009:0049b13_4']	生長者家第一夫人作子。	生長者家第一夫人作子。	009	He was reborn as the son of the chief wife in a wealthy household.
['ZH_T53_2121_009:0049b13_18']	夫人懷妊口便能說般若波羅蜜。	夫人懷妊口便能說般若波羅蜜。	009	As soon as the wife became pregnant, she was able to recite the Prajñāpāramitā.
['ZH_T53_2121_009:0049b14_8']	從朝至暮初不應息。	從朝至暮初不應息。	009	From morning until evening, she did not stop for a moment.
['ZH_T53_2121_009:0049b14_17']	其長者家素不奉法。	其長者家素不奉法。	009	The wealthy household originally did not follow the Dharma.
['ZH_T53_2121_009:0049b15_11']	怪此夫人謂口妄語謂呼鬼病。	怪此夫人謂口妄語謂呼鬼病。	009	They found it strange that the wife spoke nonsense and called it a ghost illness.
['ZH_T53_2121_009:0049b16_2']	卜問譴崇無能知者。	卜問譴崇無能知者。	009	They consulted diviners and shamans, but none could understand it.
['ZH_T53_2121_009:0049b16_11']	家中內外皆悉憂惶。	家中內外皆悉憂惶。	009	Everyone in the household, inside and outside, became anxious and frightened.
['ZH_T53_2121_009:0049b17_5']	是時比丘入城分衛詣長者門。	是時比丘入城分衛詣長者門。	009	At that time, the bhikṣu entered the city to beg for alms and went to the wealthy household's gate.
['ZH_T53_2121_009:0049b17_14']	遙聞經聲心甚喜悅。	遙聞經聲心甚喜悅。	009	He heard the recitation of the sūtra from afar and was greatly delighted.
['ZH_T53_2121_009:0049b18_10']	即問長者內中誰說深經音聲微妙。	即問長者內中誰說深經音聲微妙。	009	He asked the elder, Who is speaking the profound sutra with such a subtle voice inside?
['ZH_T53_2121_009:0049b18_15']	長者報言。	長者報言。	009	The elder replied,
['ZH_T53_2121_009:0049b19_1']	婦得鬼病。	婦得鬼病。	009	My wife has been possessed by a ghost.
['ZH_T53_2121_009:0049b19_10']	晝夜妄語口初不息。	晝夜妄語口初不息。	009	She speaks nonsense day and night without stopping.
['ZH_T53_2121_009:0049b19_15']	比丘報言。	比丘報言。	009	The bhikṣu said,
['ZH_T53_2121_009:0049b19_20']	此非鬼病。	此非鬼病。	009	This is not a ghost illness.
['ZH_T53_2121_009:0049b20_8']	但說深經甚有義理。	但說深經甚有義理。	009	She is simply speaking a profound sutra with profound meaning.
['ZH_T53_2121_009:0049b21_3']	疑此夫人所懷妊兒是佛弟子。	疑此夫人所懷妊兒是佛弟子。	009	I suspect that the child she is carrying in her womb is a disciple of the Buddha.
['ZH_T53_2121_009:0049b21_8']	長者意解。	長者意解。	009	The elder understood,
['ZH_T53_2121_009:0049b21_17']	即留比丘與作飲食。	即留比丘與作飲食。	009	and he kept the bhikṣu to prepare food and drink.
['ZH_T53_2121_009:0049b22_6']	日月滿足乃產一男。	日月滿足乃產一男。	009	When the days and months were fulfilled, she gave birth to a boy.
['ZH_T53_2121_009:0049b22_11']	又無惡露。	又無惡露。	009	And there was no impurity.
['ZH_T53_2121_009:0049b23_7']	其兒適生叉手長跪說般若波羅蜜。	其兒適生叉手長跪說般若波羅蜜。	009	As soon as the child was born, he clasped his hands, knelt for a long time, and spoke the Prajñāpāramitā.
['ZH_T53_2121_009:0049b23_16']	夫人產已還復如本。	夫人產已還復如本。	009	After the wife gave birth, she returned to normal.
['ZH_T53_2121_009:0049b24_6']	如夢寤已了無所識。	如夢寤已了無所識。	009	It was like waking up from a dream, and she did not recognize anything.
['ZH_T53_2121_009:0049b25_1']	長者集僧覩兒說經初無質礙。	長者集僧覩兒說經初無質礙。	009	The elder gathered the saṅgha and saw the child speaking the sūtra without any obstruction.
['ZH_T53_2121_009:0049b25_14']	是時眾僧各各一心觀此小兒。	是時眾僧各各一心觀此小兒。	009	At that time, the saṅgha each single-mindedly observed this young child.
['ZH_T53_2121_009:0049b25_19']	長者問言。	長者問言。	009	The elder asked,
['ZH_T53_2121_009:0049b26_4']	此為何等。	此為何等。	009	What is this?
['ZH_T53_2121_009:0049b26_9']	比丘答曰。	比丘答曰。	009	The bhikṣus replied,
['ZH_T53_2121_009:0049b26_14']	真佛弟子。	真佛弟子。	009	A true disciple of the Buddha.
['ZH_T53_2121_009:0049b26_19']	慎莫驚疑。	慎莫驚疑。	009	Do not be surprised or doubtful.
['ZH_T53_2121_009:0049b27_3']	好養育之。	好養育之。	009	and to raise him well.
['ZH_T53_2121_009:0049b27_16']	此兒後大當為一切眾人作師。	此兒後大當為一切眾人作師。	009	This child will later become the teacher of all people.
['ZH_T53_2121_009:0049b28_6']	吾等悉當從其啟受。	吾等悉當從其啟受。	009	We will all follow him and receive instruction.
['ZH_T53_2121_009:0049b28_14']	至七歲悉知微妙。	至七歲悉知微妙。	009	By the age of seven, he knew all the subtle and wonderful things.
['ZH_T53_2121_009:0049b29_4']	與眾超絕智度無極。	與眾超絕智度無極。	009	His wisdom surpassed the crowd, with no limits.
['ZH_T53_2121_009:0049b29_13']	諸比丘等皆從受學。	諸比丘等皆從受學。	009	All the bhikṣus followed him to study.
['ZH_T53_2121_009:0049c01_3']	經中誤脫有所短少。	經中誤脫有所短少。	009	In the sūtras, there were errors and omissions.
['ZH_T53_2121_009:0049c01_12']	皆為刪定足其所乏。	皆為刪定足其所乏。	009	He edited and corrected them, filling in the lacking parts.
['ZH_T53_2121_009:0049c02_2']	兒每出入有所至止。	兒每出入有所至止。	009	Whenever the child went out and stopped somewhere,
['ZH_T53_2121_009:0049c02_11']	輒開化人使發大乘。	輒開化人使發大乘。	009	he would always open and transform people, causing them to give rise to the Mahāyāna.
['ZH_T53_2121_009:0049c03_5']	長者家室內外大小五百人眾。	長者家室內外大小五百人眾。	009	In the elder's household, the five hundred people inside and outside, young and old,
['ZH_T53_2121_009:0049c03_18']	皆從兒學發大乘意悉行佛事。	皆從兒學發大乘意悉行佛事。	009	all followed the child to study and give rise to the Mahāyāna intention, all practicing Buddhist affairs.
['ZH_T53_2121_009:0049c04_8']	兒所教授城郭市里。	兒所教授城郭市里。	009	The child's teachings reached the city and market.
['ZH_T53_2121_009:0049c05_4']	凡所開發無上道意者八萬四千。	凡所開發無上道意者八萬四千。	009	In total, he inspired eighty-four thousand people to give rise to the intention for the unsurpassed path.
['ZH_T53_2121_009:0049c05_13']	承受弟子者五百人。	承受弟子者五百人。	009	He had five hundred disciples who received his teachings.
['ZH_T53_2121_009:0049c06_11']	諸比丘聞之意解志求大乘皆得法眼淨。	諸比丘聞之意解志求大乘皆得法眼淨。	009	The bhikṣus who heard this understood and sought the Mahāyāna, all attaining the purity of the Dharma eye.
['ZH_T53_2121_009:0049c06_16']	佛告阿難。	佛告阿難。	009	The Buddha told Ānanda:
['ZH_T53_2121_009:0049c07_7']	是時小兒者吾身是也。	是時小兒者吾身是也。	009	At that time, the young child was me.
['ZH_T53_2121_009:0049c08_4']	時比丘者迦葉佛是也出小兒聞法即解經。	時比丘者迦葉佛是也出小兒聞法即解經。	009	The bhikṣu at that time was Kāśyapa Buddha.Here is the corrected and aligned text:
['ZH_T53_2121_009:0049c09_100']	經律異相卷第九	經律異相卷第九	009	Sutra of the Appearance of the Tathāgata's Form, Scroll 9
