segmentnr	original	folio	stemmed
ZH_T27_1545_039:0199c19_0	阿毘達磨大毘婆沙論卷第三十	039	阿 毘 達 磨 大 毘 婆 沙 論 卷 第 三 十 
ZH_T27_1545_039:0199c20_0	九	039	九 
ZH_T27_1545_039:0199c22_0	五百大阿羅漢等造	039	五 百 大阿羅漢 等 造 
ZH_T27_1545_039:0199c25_12	三藏法師玄奘奉　詔譯2雜蘊第一中相納息第六之二如世尊說有三有為之有為相。	039	三藏法師 玄 奘 奉  詔 譯 2 雜 蘊 第 一 中 相 納 息 第 六 之 二 如 世 尊 說 有 三 有 為 之 有 為 相  
ZH_T27_1545_039:0199c26_3	有為之起亦可了知。	039	有 為 之 起 亦 可 了 知  
ZH_T27_1545_039:0199c26_12	盡及住異亦可了知。	039	盡 及 住 異 亦 可 了 知  
ZH_T27_1545_039:0199c27_1	一剎那中云何起。	039	一 剎 那 中 云 何 起  
ZH_T27_1545_039:0199c27_7	答生云何盡。	039	答 生 云 何 盡  
ZH_T27_1545_039:0199c27_11	答無常。	039	答 無 常  
ZH_T27_1545_039:0199c27_16	云何住異。	039	云 何 住 異  
ZH_T27_1545_039:0199c27_19	答老。	039	答 老  
ZH_T27_1545_039:0199c28_5	問何故作此論。	039	問 何 故 作 此 論  
ZH_T27_1545_039:0199c28_15	答為欲分別契經義故。	039	答 為 欲 分 別 契 經 義 故  
ZH_T27_1545_039:0199c29_10	謂契經說有三有為之有為相。	039	謂 契 經 說 有 三 有 為 之 有 為 相  
ZH_T27_1545_039:0199c29_15	乃至廣說。	039	乃至廣說  
ZH_T27_1545_039:0200a02_5	雖作是說而不顯示云何起盡云何住異經是此論所依根本。	039	雖 作 是 說 而 不 顯 示 云 何 起 盡 云 何 住 異 經 是 此 論 所 依 根 本  
ZH_T27_1545_039:0200a02_14	彼不說者今應說之。	039	彼 不 說 者 今 應 說 之  
ZH_T27_1545_039:0200a03_7	復次為止他宗顯正義故。	039	復 次 為 止 他 宗 顯 正 義 故  
ZH_T27_1545_039:0200a04_3	謂或有執三有為相非一剎那。	039	謂 或 有 執 三 有 為 相 非 一 剎 那  
ZH_T27_1545_039:0200a04_12	如譬喻者彼作是說。	039	如 譬 喻 者 彼 作 是 說  
ZH_T27_1545_039:0200a05_3	若一剎那有三相者。	039	若 一 剎 那 有 三 相 者  
ZH_T27_1545_039:0200a05_16	則應一法一時亦生亦老亦滅。	039	則 應 一 法 一 時 亦 生 亦 老 亦 滅  
ZH_T27_1545_039:0200a06_6	然無此理互相違故。	039	然 無 此 理 互 相 違 故  
ZH_T27_1545_039:0200a06_15	應說諸法初起名生。	039	應 說 諸 法 初 起 名 生  
ZH_T27_1545_039:0200a07_2	後盡名滅。	039	後 盡 名 滅  
ZH_T27_1545_039:0200a07_7	中熟名老。	039	中 熟 名 老  
ZH_T27_1545_039:0200a08_2	為遮彼執顯一剎那具有三相。	039	為 遮 彼 執 顯 一 剎 那 具 有 三 相  
ZH_T27_1545_039:0200a08_8	問若如是者。	039	問 若 如 是 者  
ZH_T27_1545_039:0200a09_11	則應一法一時亦生亦老亦滅答作用時異故不相違。	039	則 應 一 法 一 時 亦 生 亦 老 亦 滅 答 作 用 時 異 故 不 相 違  
ZH_T27_1545_039:0200a10_2	謂法生時生有作用。	039	謂 法 生 時 生 有 作 用  
ZH_T27_1545_039:0200a10_11	滅時老滅方有作用。	039	滅 時 老 滅 方 有 作 用  
ZH_T27_1545_039:0200a11_2	體雖同時用有先後。	039	體 雖 同 時 用 有 先 後  
ZH_T27_1545_039:0200a12_1	一法生滅作用究竟名一剎那故無有失。	039	一 法 生 滅 作 用 究 竟 名 一 剎 那 故 無 有 失  
ZH_T27_1545_039:0200a12_10	或生滅位非一剎那。	039	或 生 滅 位 非 一 剎 那  
ZH_T27_1545_039:0200a13_1	然一剎那具有三體故。	039	然 一 剎 那 具 有 三 體 故  
ZH_T27_1545_039:0200a13_9	說三相同一剎那。	039	說 三 相 同 一 剎 那  
ZH_T27_1545_039:0200a14_9	由此因緣故作斯論問諸行自性有轉變不。	039	由此因緣 故 作 斯 論 問 諸 行 自 性 有 轉 變 不  
ZH_T27_1545_039:0200a14_14	設爾何失。	039	設 爾 何 失  
ZH_T27_1545_039:0200a15_9	若有轉變云何諸法不捨自相。	039	若 有 轉 變 云 何 諸 法 不 捨 自 相  
ZH_T27_1545_039:0200a16_5	若無轉變云何此中說有住異。	039	若 無 轉 變 云 何 此 中 說 有 住 異  
ZH_T27_1545_039:0200a16_17	答應說諸行自性無有轉變。	039	答 應 說 諸 行 自 性 無 有 轉 變  
ZH_T27_1545_039:0200a17_11	問若爾何故此中說有住異。	039	問 若爾何故 此 中 說 有 住 異  
ZH_T27_1545_039:0200a18_3	答此中住異是老別名。	039	答 此 中 住 異 是 老 別 名  
ZH_T27_1545_039:0200a18_8	非謂轉變。	039	非 謂 轉 變  
ZH_T27_1545_039:0200a19_7	如生名起無常名盡老名住異應知亦然。	039	如 生 名 起 無 常 名 盡 老 名 住 異 應 知 亦 然  
ZH_T27_1545_039:0200a20_1	復次有因緣故說無轉變。	039	復 次 有因緣故 說 無 轉 變  
ZH_T27_1545_039:0200a20_10	有因緣故說有轉變。	039	有因緣故 說 有 轉 變  
ZH_T27_1545_039:0200a21_2	有因緣故無轉變者。	039	有因緣故 無 轉 變 者  
ZH_T27_1545_039:0200a21_11	謂一切法各住自體。	039	謂 一 切 法 各 住 自 體  
ZH_T27_1545_039:0200a22_5	自我自物自性自相無有轉變。	039	自 我 自 物 自 性 自 相 無 有 轉 變  
ZH_T27_1545_039:0200a22_14	有因緣故有轉變者。	039	有因緣故 有 轉 變 者  
ZH_T27_1545_039:0200a23_6	謂有為法得勢時生。	039	謂 有 為 法 得 勢 時 生  
ZH_T27_1545_039:0200a23_11	失勢時滅。	039	失 勢 時 滅  
ZH_T27_1545_039:0200a23_16	得力時生。	039	得 力 時 生  
ZH_T27_1545_039:0200a24_2	失力時滅。	039	失 力 時 滅  
ZH_T27_1545_039:0200a24_8	得士用時生。	039	得 士 用 時 生  
ZH_T27_1545_039:0200a24_14	失士用時滅。	039	失 士 用 時 滅  
ZH_T27_1545_039:0200a25_2	得增上時生。	039	得 增 上 時 生  
ZH_T27_1545_039:0200a25_8	失增上時滅。	039	失 增 上 時 滅  
ZH_T27_1545_039:0200a25_14	得功能時生。	039	得 功 能 時 生  
ZH_T27_1545_039:0200a26_2	失功能時滅。	039	失 功 能 時 滅  
ZH_T27_1545_039:0200a26_7	熾盛時生。	039	熾 盛 時 生  
ZH_T27_1545_039:0200a26_12	萎歇時滅。	039	萎 歇 時 滅  
ZH_T27_1545_039:0200a26_17	增進時生。	039	增 進 時 生  
ZH_T27_1545_039:0200a27_3	衰退時滅。	039	衰 退 時 滅  
ZH_T27_1545_039:0200a27_8	興舉時生。	039	興 舉 時 生  
ZH_T27_1545_039:0200a27_13	墮落時滅。	039	墮 落 時 滅  
ZH_T27_1545_039:0200a28_2	猛利時生遲鈍時滅。	039	猛 利 時 生 遲 鈍 時 滅  
ZH_T27_1545_039:0200a28_7	滋茂時生。	039	滋 茂 時 生  
ZH_T27_1545_039:0200a28_12	枯瘁時滅。	039	枯 瘁 時 滅  
ZH_T27_1545_039:0200a28_17	和合時生。	039	和 合 時 生  
ZH_T27_1545_039:0200a29_2	離散時滅。	039	離 散 時 滅  
ZH_T27_1545_039:0200a29_7	故有轉變。	039	故 有 轉 變  
ZH_T27_1545_039:0200a29_15	復次轉變有二種。	039	復 次 轉 變 有 二 種  
ZH_T27_1545_039:0200b01_3	一者自體轉變。	039	一 者 自 體 轉 變  
ZH_T27_1545_039:0200b01_10	二者作用轉變。	039	二 者 作 用 轉 變  
ZH_T27_1545_039:0200b02_1	若依自體轉變說者。	039	若 依 自 體 轉 變 說 者  
ZH_T27_1545_039:0200b02_10	應言諸行無有轉變。	039	應 言 諸 行 無 有 轉 變  
ZH_T27_1545_039:0200b03_1	以彼自體無改易故。	039	以 彼 自 體 無 改 易 故  
ZH_T27_1545_039:0200b03_10	若依作用轉變說者。	039	若 依 作 用 轉 變 說 者  
ZH_T27_1545_039:0200b04_1	應言諸行亦有轉變。	039	應 言 諸 行 亦 有 轉 變  
ZH_T27_1545_039:0200b04_10	謂法未來未有作用。	039	謂 法 未 來 未 有 作 用  
ZH_T27_1545_039:0200b05_1	若至現在便有作用。	039	若 至 現 在 便 有 作 用  
ZH_T27_1545_039:0200b05_10	若入過去作用已息。	039	若 入 過 去 作 用 已 息  
ZH_T27_1545_039:0200b05_15	故有轉變。	039	故 有 轉 變  
ZH_T27_1545_039:0200b06_3	復次轉變有二種。	039	復 次 轉 變 有 二 種  
ZH_T27_1545_039:0200b06_10	一者自體轉變。	039	一 者 自 體 轉 變  
ZH_T27_1545_039:0200b06_17	二者功能轉變。	039	二 者 功 能 轉 變  
ZH_T27_1545_039:0200b07_6	若依自體轉變說者。	039	若 依 自 體 轉 變 說 者  
ZH_T27_1545_039:0200b07_15	應言諸行無有轉變。	039	應 言 諸 行 無 有 轉 變  
ZH_T27_1545_039:0200b08_14	以彼自體無改易故若依功能轉變說者。	039	以 彼 自 體 無 改 易 故 若 依 功 能 轉 變 說 者  
ZH_T27_1545_039:0200b09_6	應言諸行亦有轉變。	039	應 言 諸 行 亦 有 轉 變  
ZH_T27_1545_039:0200b10_6	謂未來世有生等功能現在世有滅等功能。	039	謂 未 來 世 有 生 等 功 能 現 在 世 有 滅 等 功 能  
ZH_T27_1545_039:0200b10_15	過去世有與果功能。	039	過 去 世 有 與 果 功 能  
ZH_T27_1545_039:0200b11_9	故有轉變復次轉變有二種。	039	故 有 轉 變 復 次 轉 變 有 二 種  
ZH_T27_1545_039:0200b11_15	一者物轉變。	039	一 者 物 轉 變  
ZH_T27_1545_039:0200b12_2	二者世轉變。	039	二 者 世 轉 變  
ZH_T27_1545_039:0200b12_10	若依物轉變說者。	039	若 依 物 轉 變 說 者  
ZH_T27_1545_039:0200b13_9	應言諸行無有轉變以物恒時無改易故。	039	應 言 諸 行 無 有 轉 變 以 物 恒 時 無 改 易 故  
ZH_T27_1545_039:0200b13_17	若依世轉變說者。	039	若 依 世 轉 變 說 者  
ZH_T27_1545_039:0200b14_8	應言諸行亦有轉變。	039	應 言 諸 行 亦 有 轉 變  
ZH_T27_1545_039:0200b15_3	謂有未來現在過去世改易故。	039	謂 有 未來現在 過 去 世 改 易 故  
ZH_T27_1545_039:0200b16_9	既有轉變說有異相無違理失問諸有為相於有為法。	039	既 有 轉 變 說 有 異 相 無 違 理 失 問 諸 有 為 相 於 有 為 法  
ZH_T27_1545_039:0200b17_1	為是自相為共相耶。	039	為 是 自 相 為 共 相 耶  
ZH_T27_1545_039:0200b17_6	設爾何失。	039	設 爾 何 失  
ZH_T27_1545_039:0200b18_1	若是自相云何一法而有四相。	039	若 是 自 相 云 何 一 法 而 有 四 相  
ZH_T27_1545_039:0200b19_3	若是共相云何一切有為法各各別有四相耶。	039	若 是 共 相 云 何 一 切 有 為 法 各 各 別 有 四 相 耶  
ZH_T27_1545_039:0200b19_8	有作是說。	039	有 作 是 說  
ZH_T27_1545_039:0200b19_13	此是自相。	039	此 是 自 相  
ZH_T27_1545_039:0200b20_7	問若爾云何一法有四相耶。	039	問 若爾云何 一 法 有 四 相 耶  
ZH_T27_1545_039:0200b20_17	答一法四相亦無有失。	039	答 一 法 四 相 亦 無 有 失  
ZH_T27_1545_039:0200b21_8	如一色法有多種相。	039	如 一 色 法 有 多 種 相  
ZH_T27_1545_039:0200b22_1	所謂如病如癰如箭。	039	所 謂 如 病 如 癰 如 箭  
ZH_T27_1545_039:0200b22_10	乃至廣說百四十相。	039	乃至廣說 百 四 十 相  
ZH_T27_1545_039:0200b23_8	然此自相非如四大種堅濕煖動相。	039	然 此 自 相 非 如 四 大 種 堅 濕 煖 動 相  
ZH_T27_1545_039:0200b24_7	但一一法各各別有生住異滅故名自相。	039	但 一 一 法 各 各 別 有 生住異滅 故 名 自 相  
ZH_T27_1545_039:0200b24_15	復次自相有二種。	039	復 次 自 相 有 二 種  
ZH_T27_1545_039:0200b25_3	一者主自相。	039	一 者 主 自 相  
ZH_T27_1545_039:0200b25_9	二者客自相。	039	二 者 客 自 相  
ZH_T27_1545_039:0200b26_6	此有為相是有為法客自相非主自相。	039	此 有 為 相 是 有 為 法 客 自 相 非 主 自 相  
ZH_T27_1545_039:0200b26_17	故一法有四相亦無有失。	039	故 一 法 有 四 相 亦 無 有 失  
ZH_T27_1545_039:0200b27_7	復次自相有二種。	039	復 次 自 相 有 二 種  
ZH_T27_1545_039:0200b27_14	一者本性自相。	039	一 者 本 性 自 相  
ZH_T27_1545_039:0200b28_2	二者他合自相。	039	二 者 他 合 自 相  
ZH_T27_1545_039:0200b28_11	此有為相是有為法。	039	此 有 為 相 是 有 為 法  
ZH_T27_1545_039:0200b28_16	他合自相。	039	他 合 自 相  
ZH_T27_1545_039:0200b29_12	非本性自相故一法有四相亦無有失。	039	非 本 性 自 相 故 一 法 有 四 相 亦 無 有 失  
ZH_T27_1545_039:0200b29_17	有餘師說。	039	有餘師說  
ZH_T27_1545_039:0200c01_4	此是共相。	039	此 是 共 相  
ZH_T27_1545_039:0200c02_4	問若爾云何一切有為法各各別有四相耶。	039	問 若爾云何 一 切 有 為 法 各 各 別 有 四 相 耶  
ZH_T27_1545_039:0200c02_14	答以相似故名為共相。	039	答 以 相 似 故 名 為 共 相  
ZH_T27_1545_039:0200c03_5	如一法上有生等四。	039	如 一 法 上 有 生 等 四  
ZH_T27_1545_039:0200c04_5	餘法亦然非如一縷貫在眾花故名共相。	039	餘 法 亦 然 非 如 一 縷 貫 在 眾 花 故 名 共 相  
ZH_T27_1545_039:0200c04_10	復有說者。	039	復 有 說 者  
ZH_T27_1545_039:0200c05_1	此非自相亦非共相。	039	此 非 自 相 亦 非 共 相  
ZH_T27_1545_039:0200c05_18	諸有為法生住異滅名義同故體各別故。	039	諸 有 為 法 生住異滅 名 義 同 故 體 各 別 故  
ZH_T27_1545_039:0200c06_8	然此生等是法標印。	039	然 此 生 等 是 法 標 印  
ZH_T27_1545_039:0200c06_17	若有此者知是有為。	039	若 有 此 者 知 是 有 為  
ZH_T27_1545_039:0200c07_8	如大士相於彼大士。	039	如 大 士 相 於 彼 大 士  
ZH_T27_1545_039:0200c08_5	不名自相亦非共相但是標印。	039	不 名 自 相 亦 非 共 相 但 是 標 印  
ZH_T27_1545_039:0200c08_14	若有此者知是大士。	039	若 有 此 者 知 是 大 士  
ZH_T27_1545_039:0200c09_3	生等亦然評曰。	039	生 等 亦 然 評 曰  
ZH_T27_1545_039:0200c09_8	應作是說。	039	應 作 是 說  
ZH_T27_1545_039:0200c09_13	此是共相。	039	此 是 共 相  
ZH_T27_1545_039:0200c10_1	然共相有二種。	039	然 共 相 有 二 種  
ZH_T27_1545_039:0200c10_8	一者自體共相。	039	一 者 自 體 共 相  
ZH_T27_1545_039:0200c11_4	謂一一有為法自體各有生等四義。	039	謂 一 一 有 為 法 自 體 各 有 生 等 四 義  
ZH_T27_1545_039:0200c11_11	二者和合共相。	039	二 者 和 合 共 相  
ZH_T27_1545_039:0200c12_7	謂一一有為法各與生等四相和合。	039	謂 一 一 有 為 法 各 與 生 等 四 相 和 合  
ZH_T27_1545_039:0200c13_9	此四但是和合共相問生相復有餘生相不。	039	此 四 但 是 和 合 共 相 問 生 相 復 有 餘 生 相 不  
ZH_T27_1545_039:0200c13_14	設爾何失。	039	設 爾 何 失  
ZH_T27_1545_039:0200c14_3	若有者此復有餘。	039	若 有 者 此 復 有 餘  
ZH_T27_1545_039:0200c14_16	此復有餘如是展轉應成無窮。	039	此 復 有 餘 如 是 展 轉 應 成 無 窮  
ZH_T27_1545_039:0200c15_10	若無者誰生此生而生他耶。	039	若 無 者 誰 生 此 生 而 生 他 耶  
ZH_T27_1545_039:0200c15_16	答應作是說。	039	答 應 作 是 說  
ZH_T27_1545_039:0200c16_3	生復有生。	039	生 復 有 生  
ZH_T27_1545_039:0200c16_13	問若爾生相應成無窮。	039	問 若 爾 生 相 應 成 無 窮  
ZH_T27_1545_039:0200c16_18	有作是說。	039	有 作 是 說  
ZH_T27_1545_039:0200c17_8	許此無窮亦無有失。	039	許 此 無 窮 亦 無 有 失  
ZH_T27_1545_039:0200c17_17	三世寬博豈無住處。	039	三 世 寬 博 豈 無 住 處  
ZH_T27_1545_039:0200c19_4	由是因緣生死難斷難破難越眾苦生長連鎖無窮。	039	由是因緣 生 死 難 斷 難 破 難 越 眾 苦 生 長 連 鎖 無 窮  
ZH_T27_1545_039:0200c19_15	又同一剎那故無無窮失。	039	又 同 一 剎 那 故 無 無 窮 失  
ZH_T27_1545_039:0200c20_2	有餘師說。	039	有餘師說  
ZH_T27_1545_039:0200c20_11	諸行生時三法俱起。	039	諸 行 生 時 三 法 俱 起  
ZH_T27_1545_039:0200c21_3	一者法二者生三者生生。	039	一 者 法 二 者 生 三 者 生 生  
ZH_T27_1545_039:0200c21_11	此中生能生二法。	039	此 中 生 能 生 二 法  
ZH_T27_1545_039:0200c21_17	謂法及生生。	039	謂 法 及 生 生  
ZH_T27_1545_039:0200c22_4	生生唯生一法。	039	生 生 唯 生 一 法  
ZH_T27_1545_039:0200c22_7	謂生。	039	謂 生  
ZH_T27_1545_039:0200c22_16	由此道理無無窮失。	039	由此道理 無 無 窮 失  
ZH_T27_1545_039:0200c23_7	問何故生能生二法。	039	問 何 故 生 能 生 二 法  
ZH_T27_1545_039:0200c23_14	生生唯生生耶。	039	生 生 唯 生 生 耶  
ZH_T27_1545_039:0200c24_5	答法性爾故不應為難。	039	答 法 性 爾 故 不 應 為 難  
ZH_T27_1545_039:0200c25_2	如諸女人有生二子有生一子。	039	如 諸 女 人 有 生 二 子 有 生 一 子  
ZH_T27_1545_039:0200c25_9	豈應為難評曰。	039	豈 應 為 難 評 曰  
ZH_T27_1545_039:0200c25_14	應作是說。	039	應 作 是 說  
ZH_T27_1545_039:0200c26_4	諸行生時九法俱起。	039	諸 行 生 時 九 法 俱 起  
ZH_T27_1545_039:0200c26_8	一者法。	039	一 者 法  
ZH_T27_1545_039:0200c26_12	二者生。	039	二 者 生  
ZH_T27_1545_039:0200c26_17	三者生生。	039	三 者 生 生  
ZH_T27_1545_039:0200c27_1	四者住。	039	四 者 住  
ZH_T27_1545_039:0200c27_6	五者住住。	039	五 者 住 住  
ZH_T27_1545_039:0200c27_10	六者異。	039	六 者 異  
ZH_T27_1545_039:0200c27_15	七者異異。	039	七 者 異 異  
ZH_T27_1545_039:0200c27_19	八者滅。	039	八 者 滅  
ZH_T27_1545_039:0200c28_3	九者滅滅。	039	九 者 滅 滅  
ZH_T27_1545_039:0200c28_11	此中生能生八法。	039	此 中 生 能 生 八 法  
ZH_T27_1545_039:0200c29_1	謂法及三相四隨相。	039	謂 法 及 三 相 四 隨 相  
ZH_T27_1545_039:0200c29_8	生生唯生一法。	039	生 生 唯 生 一 法  
ZH_T27_1545_039:0201a01_1	謂生由此道理無無窮失。	039	謂 生 由此道理 無 無 窮 失  
ZH_T27_1545_039:0201a01_10	問何故生能生八法。	039	問 何 故 生 能 生 八 法  
ZH_T27_1545_039:0201a01_17	生生唯生生耶。	039	生 生 唯 生 生 耶  
ZH_T27_1545_039:0201a02_8	答法性爾故不應為難。	039	答 法 性 爾 故 不 應 為 難  
ZH_T27_1545_039:0201a03_4	如鷄犬等有生八子有生一子。	039	如 鷄 犬 等 有 生 八 子 有 生 一 子  
ZH_T27_1545_039:0201a03_9	豈應為難。	039	豈 應 為 難  
ZH_T27_1545_039:0201a03_15	如生與生生。	039	如 生 與 生 生  
ZH_T27_1545_039:0201a04_2	住與住住。	039	住 與 住 住  
ZH_T27_1545_039:0201a04_7	異與異異。	039	異 與 異 異  
ZH_T27_1545_039:0201a04_12	滅與滅滅。	039	滅 與 滅 滅  
ZH_T27_1545_039:0201a04_17	應知亦爾。	039	應 知 亦 爾  
ZH_T27_1545_039:0201a06_3	問諸行起時除其自性餘有為法皆有作用能生此法。	039	問 諸 行 起 時 除 其 自 性 餘 有 為 法 皆 有 作 用 能 生 此 法  
ZH_T27_1545_039:0201a06_14	何故唯說生能生此法耶。	039	何 故 唯 說 生 能 生 此 法 耶  
ZH_T27_1545_039:0201a07_6	答諸行起時生正能生。	039	答 諸 行 起 時 生 正 能 生  
ZH_T27_1545_039:0201a08_1	餘但佐助故但說生能生此法。	039	餘 但 佐 助 故 但 說 生 能 生 此 法  
ZH_T27_1545_039:0201a09_5	如女產時雖有諸女而為佐助母正生故獨名產者。	039	如 女 產 時 雖 有 諸 女 而 為 佐 助 母 正 生 故 獨 名 產 者  
ZH_T27_1545_039:0201a09_14	尊者世友作如是說。	039	尊 者 世 友 作如是說  
ZH_T27_1545_039:0201a10_13	要有生故此法得生故但說生能生此法。	039	要 有 生 故 此 法 得 生 故 但 說 生 能 生 此 法  
ZH_T27_1545_039:0201a11_9	此義有餘亦待餘緣此法生故。	039	此 義 有 餘 亦 待 餘 緣 此 法 生 故  
ZH_T27_1545_039:0201a11_14	復作是說。	039	復 作 是 說  
ZH_T27_1545_039:0201a12_13	若無生者此法不生故但說生能生此法。	039	若 無 生 者 此 法 不 生 故 但 說 生 能 生 此 法  
ZH_T27_1545_039:0201a13_1	此亦有餘。	039	此 亦 有 餘  
ZH_T27_1545_039:0201a13_10	若無餘緣法不生故。	039	若 無 餘 緣 法 不 生 故  
ZH_T27_1545_039:0201a13_15	大德說曰。	039	大 德 說 曰  
ZH_T27_1545_039:0201a14_5	生相勝故說生能生。	039	生 相 勝 故 說 生 能 生  
ZH_T27_1545_039:0201a15_1	謂法起時雖有餘緣而生最勝。	039	謂 法 起 時 雖 有 餘 緣 而 生 最 勝  
ZH_T27_1545_039:0201a16_2	如伎書畫染衣等時雖有餘緣而說勝者。	039	如 伎 書 畫 染 衣 等 時 雖 有 餘 緣 而 說 勝 者  
ZH_T27_1545_039:0201a16_15	如但說生能生此法故名生相。	039	如 但 說 生 能 生 此 法 故 名 生 相  
ZH_T27_1545_039:0201a17_6	住異滅相應知亦然。	039	住 異 滅 相 應 知 亦 然  
ZH_T27_1545_039:0201a18_9	問諸有為法有住相不。	039	問 諸 有 為 法 有 住 相 不  
ZH_T27_1545_039:0201a18_14	設爾何失。	039	設 爾 何 失  
ZH_T27_1545_039:0201a19_8	若有者有為相中何故不說。	039	若 有 者 有 為 相 中 何 故 不 說  
ZH_T27_1545_039:0201a20_8	如世尊說有三有為之有為相不說有四。	039	如 世 尊 說 有 三 有 為 之 有 為 相 不 說 有 四  
ZH_T27_1545_039:0201a20_17	又契經說復云何通。	039	又 契 經 說 復 云 何 通  
ZH_T27_1545_039:0201a21_6	如說苾芻諸行。	039	如 說 苾 芻 諸 行  
ZH_T27_1545_039:0201a22_3	不住若無者此前所說當云何通。	039	不 住 若 無 者 此 前 所 說 當云何通  
ZH_T27_1545_039:0201a22_17	如說色法生住老無常當言色耶。	039	如 說 色 法 生 住 老 無 常 當 言 色 耶  
ZH_T27_1545_039:0201a23_3	非色耶。	039	非 色 耶  
ZH_T27_1545_039:0201a23_8	乃至廣說。	039	乃至廣說  
ZH_T27_1545_039:0201a23_17	品類足說復云何通。	039	品 類 足 說 復 云 何 通  
ZH_T27_1545_039:0201a24_8	如說云何生謂諸行起。	039	如 說 云 何 生 謂 諸 行 起  
ZH_T27_1545_039:0201a24_12	云何住。	039	云 何 住  
ZH_T27_1545_039:0201a25_2	謂諸行生已不壞。	039	謂 諸 行 生 已 不 壞  
ZH_T27_1545_039:0201a25_10	云何老謂諸行熟。	039	云 何 老 謂 諸 行 熟  
ZH_T27_1545_039:0201a26_3	云何無常謂諸行生已壞。	039	云 何 無 常 謂 諸 行 生 已 壞  
ZH_T27_1545_039:0201a26_9	答應作是說。	039	答 應 作 是 說  
ZH_T27_1545_039:0201a26_16	有為法有住相。	039	有 為 法 有 住 相  
ZH_T27_1545_039:0201a27_10	問若爾有為相中何故不說。	039	問 若 爾 有 為 相 中 何 故 不 說  
ZH_T27_1545_039:0201a28_7	答契經應說有四有為之有為相。	039	答 契 經 應 說 有 四 有 為 之 有 為 相  
ZH_T27_1545_039:0201a29_2	而不說者應知彼是有餘之說。	039	而 不 說 者 應 知 彼 是 有 餘 之 說  
ZH_T27_1545_039:0201a29_13	復次諸有為法實有住相。	039	復 次 諸 有 為 法 實 有 住 相  
ZH_T27_1545_039:0201a30_8	似無為故佛不說在有為相中。	039	似 無 為 故 佛 不 說 在 有 為 相 中  
ZH_T27_1545_039:0201b01_2	復次若法能令諸行損減。	039	復 次 若 法 能 令 諸 行 損 減  
ZH_T27_1545_039:0201b01_11	世尊說在有為相中。	039	世 尊 說 在 有 為 相 中  
ZH_T27_1545_039:0201b02_10	住相能令諸行增益故不說在有為相中。	039	住 相 能 令 諸 行 增 益 故 不 說 在 有 為 相 中  
ZH_T27_1545_039:0201b03_3	問生亦能令諸行增益。	039	問 生 亦 能 令 諸 行 增 益  
ZH_T27_1545_039:0201b03_12	何故說在有為相中。	039	何 故 說 在 有 為 相 中  
ZH_T27_1545_039:0201b04_8	答生最能令諸行損減非老無常。	039	答 生 最 能 令 諸 行 損 減 非 老 無 常  
ZH_T27_1545_039:0201b04_13	所以者何。	039	所以者何  
ZH_T27_1545_039:0201b05_4	若生不引令入現在。	039	若 生 不 引 令 入 現 在  
ZH_T27_1545_039:0201b05_9	老何所衰。	039	老 何 所 衰  
ZH_T27_1545_039:0201b05_14	無常寧滅。	039	無 常 寧 滅  
ZH_T27_1545_039:0201b06_5	由生引行令入現在故。	039	由 生 引 行 令 入 現 在 故  
ZH_T27_1545_039:0201b06_9	老能衰。	039	老 能 衰  
ZH_T27_1545_039:0201b06_14	無常能滅。	039	無 常 能 滅  
ZH_T27_1545_039:0201b07_4	故生最能損減諸行。	039	故 生 最 能 損 減 諸 行  
ZH_T27_1545_039:0201b07_13	譬如有人隱在稠林。	039	譬 如 有 人 隱 在 稠 林  
ZH_T27_1545_039:0201b08_4	有三怨敵欲為損害。	039	有 三 怨 敵 欲 為 損 害  
ZH_T27_1545_039:0201b08_13	一從稠林牽之令出。	039	一 從 稠 林 牽 之 令 出  
ZH_T27_1545_039:0201b09_1	一損其力。	039	一 損 其 力  
ZH_T27_1545_039:0201b09_6	一斷彼命。	039	一 斷 彼 命  
ZH_T27_1545_039:0201b09_15	若一不從稠林牽出。	039	若 一 不 從 稠 林 牽 出  
ZH_T27_1545_039:0201b10_1	二何損害。	039	二 何 損 害  
ZH_T27_1545_039:0201b10_10	三相於行應知亦然。	039	三 相 於 行 應 知 亦 然  
ZH_T27_1545_039:0201b11_15	復次若法能令諸行和合及令散壞世尊說在有為相中。	039	復 次 若 法 能 令 諸 行 和 合 及 令 散 壞 世 尊 說 在 有 為 相 中  
ZH_T27_1545_039:0201b12_7	生相能令諸行和合。	039	生 相 能 令 諸 行 和 合  
ZH_T27_1545_039:0201b12_16	異滅能令諸行散壞。	039	異 滅 能 令 諸 行 散 壞  
ZH_T27_1545_039:0201b13_10	住相不爾故不說在有為相中。	039	住 相 不 爾 故 不 說 在 有 為 相 中  
ZH_T27_1545_039:0201b14_4	復次若法能令諸行歷世。	039	復 次 若 法 能 令 諸 行 歷 世  
ZH_T27_1545_039:0201b14_13	世尊說在有為相中。	039	世 尊 說 在 有 為 相 中  
ZH_T27_1545_039:0201b15_8	生相令行從未來世入現在世。	039	生 相 令 行 從 未 來 世 入 現 在 世  
ZH_T27_1545_039:0201b16_4	異滅令行從現在世入過去世。	039	異 滅 令 行 從 現 在 世 入 過 去 世  
ZH_T27_1545_039:0201b16_9	住相不爾。	039	住 相 不 爾  
ZH_T27_1545_039:0201b16_18	故不說在有為相中。	039	故 不 說 在 有 為 相 中  
ZH_T27_1545_039:0201b17_10	復次標別有為名有為相。	039	復 次 標 別 有 為 名 有 為 相  
ZH_T27_1545_039:0201b18_2	住相墮在無為部中。	039	住 相 墮 在 無 為 部 中  
ZH_T27_1545_039:0201b18_11	故佛不說名有為相。	039	故 佛 不 說 名 有 為 相  
ZH_T27_1545_039:0201b19_2	有說彼經亦說住相。	039	有 說 彼 經 亦 說 住 相  
ZH_T27_1545_039:0201b19_7	如彼經說。	039	如 彼 經 說  
ZH_T27_1545_039:0201b19_16	盡及住異亦可了知。	039	盡 及 住 異 亦 可 了 知  
ZH_T27_1545_039:0201b20_2	住即住相。	039	住 即 住 相  
ZH_T27_1545_039:0201b20_16	問何故但說有三有為之有為相。	039	問 何 故 但 說 有 三 有 為 之 有 為 相  
ZH_T27_1545_039:0201b21_7	答住異合立故但說三。	039	答 住 異 合 立 故 但 說 三  
ZH_T27_1545_039:0201b22_11	世尊欲令厭有為法欣求寂滅故於彼經住異合說。	039	世 尊 欲 令 厭 有 為 法 欣 求 寂 滅 故 於 彼 經 住 異 合 說  
ZH_T27_1545_039:0201b23_8	如示室利與黑耳俱。	039	如 示 室 利 與 黑 耳 俱  
ZH_T27_1545_039:0201b23_17	令諸有情住異俱捨。	039	令 諸 有 情 住 異 俱 捨  
ZH_T27_1545_039:0201b24_9	問契經所說復云何通。	039	問 契 經 所 說 復 云 何 通  
ZH_T27_1545_039:0201b25_1	如說苾芻諸行不住。	039	如 說 苾 芻 諸 行 不 住  
ZH_T27_1545_039:0201b25_11	答不久住故說不住言。	039	答 不 久 住 故 說 不 住 言  
ZH_T27_1545_039:0201b26_4	非謂全無剎那住相。	039	非 謂 全 無 剎 那 住 相  
ZH_T27_1545_039:0201b26_13	尊者世友作是釋言。	039	尊 者 世 友 作 是 釋 言  
ZH_T27_1545_039:0201b27_9	契經但遮剎那後住說不住言。	039	契 經 但 遮 剎 那 後 住 說 不 住 言  
ZH_T27_1545_039:0201b28_2	非謂諸行無剎那住。	039	非 謂 諸 行 無 剎 那 住  
ZH_T27_1545_039:0201b28_7	若全無住。	039	若 全 無 住  
ZH_T27_1545_039:0201b29_3	世尊不應建立施設世及剎那。	039	世 尊 不 應 建 立 施 設 世 及 剎 那  
ZH_T27_1545_039:0201b29_8	復作是釋。	039	復 作 是 釋  
ZH_T27_1545_039:0201b30_8	剎那住相微細難知難可施設故說不住。	039	剎 那 住 相 微 細 難 知 難 可 施 設 故 說 不 住  
ZH_T27_1545_039:0201c01_9	謂剎那量是佛所知非諸聲聞獨覺等境。	039	謂 剎 那 量 是 佛 所 知 非 諸 聲聞獨覺 等 境  
ZH_T27_1545_039:0201c04_4	如乘神通屈伸臂頃從此處沒至色究竟於其中間非不相續可有從此往至彼義亦非一法移轉至彼。	039	如 乘 神 通 屈 伸 臂 頃 從 此 處 沒 至 色 究 竟 於其中間 非 不 相 續 可 有 從 此 往 至 彼 義 亦 非 一 法 移 轉 至 彼  
ZH_T27_1545_039:0201c04_13	又無從此越至彼義。	039	又 無 從 此 越 至 彼 義  
ZH_T27_1545_039:0201c05_8	是故決定剎那剎那生滅相續。	039	是 故 決 定 剎 那 剎 那 生 滅 相 續  
ZH_T27_1545_039:0201c06_12	從此至彼於其中間諸剎那量最極微細唯佛能知。	039	從 此 至 彼 於其中間 諸 剎 那 量 最極微細 唯 佛 能 知  
ZH_T27_1545_039:0201c07_3	由此故言諸行不住。	039	由 此 故 言 諸 行 不 住  
ZH_T27_1545_039:0201c07_8	大德釋曰。	039	大 德 釋 曰  
ZH_T27_1545_039:0201c08_11	諸行生已雖少時住而老無常速即損滅故言不住。	039	諸 行 生 已 雖 少 時 住 而 老 無 常 速 即 損 滅 故 言 不 住  
ZH_T27_1545_039:0201c08_16	有作是說。	039	有 作 是 說  
ZH_T27_1545_039:0201c09_5	有為法無住相。	039	有 為 法 無 住 相  
ZH_T27_1545_039:0201c09_15	問此前所說當云何通。	039	問 此 前 所 說 當云何通  
ZH_T27_1545_039:0201c10_7	如說色法生住老無常。	039	如 說 色 法 生 住 老 無 常  
ZH_T27_1545_039:0201c10_12	乃至廣說。	039	乃至廣說  
ZH_T27_1545_039:0201c11_5	答此前應說色法生老無常。	039	答 此 前 應 說 色 法 生 老 無 常  
ZH_T27_1545_039:0201c11_10	乃至廣說。	039	乃至廣說  
ZH_T27_1545_039:0201c12_1	不應言住而言住者。	039	不 應 言 住 而 言 住 者  
ZH_T27_1545_039:0201c12_10	應知此住是老別名。	039	應 知 此 住 是 老 別 名  
ZH_T27_1545_039:0201c13_9	如生名起無常名盡老名為住應知亦爾。	039	如 生 名 起 無 常 名 盡 老 名 為 住 應 知 亦 爾  
ZH_T27_1545_039:0201c14_1	故三相中老名住異。	039	故 三 相 中 老 名 住 異  
ZH_T27_1545_039:0201c14_11	問品類足說復云何通。	039	問 品 類 足 說 復 云 何 通  
ZH_T27_1545_039:0201c15_5	如說云何住謂諸行生已不壞。	039	如 說 云 何 住 謂 諸 行 生 已 不 壞  
ZH_T27_1545_039:0201c15_15	答彼論所說我不能通。	039	答 彼 論 所 說 我 不 能 通  
ZH_T27_1545_039:0201c15_18	評曰。	039	評 曰  
ZH_T27_1545_039:0201c16_8	既不能通應信有住。	039	既 不 能 通 應 信 有 住  
ZH_T27_1545_039:0201c17_8	由住相力諸行生已能取自果能取所緣。	039	由 住 相 力 諸 行 生 已 能 取 自 果 能 取 所 緣  
ZH_T27_1545_039:0201c18_4	由異滅力一剎那後無復作用。	039	由 異 滅 力 一 剎 那 後 無 復 作 用  
ZH_T27_1545_039:0201c18_17	若無住相諸行應無因果相續。	039	若 無 住 相 諸 行 應 無 因果相續  
ZH_T27_1545_039:0201c19_8	心心所法應無所緣。	039	心心所法 應 無 所 緣  
ZH_T27_1545_039:0201c19_13	故必有住。	039	故 必 有 住  
ZH_T27_1545_039:0201c20_1	問言異相者。	039	問 言 異 相 者  
ZH_T27_1545_039:0201c20_10	為滅壞故名為異相。	039	為 滅 壞 故 名 為 異 相  
ZH_T27_1545_039:0201c21_2	為轉變故名異相耶。	039	為 轉 變 故 名 異 相 耶  
ZH_T27_1545_039:0201c21_7	設爾何失。	039	設 爾 何 失  
ZH_T27_1545_039:0201c21_16	若滅壞故名異相者。	039	若 滅 壞 故 名 異 相 者  
ZH_T27_1545_039:0201c22_6	應有為相但有三種。	039	應 有 為 相 但 有 三 種  
ZH_T27_1545_039:0201c22_11	異即滅故。	039	異 即 滅 故  
ZH_T27_1545_039:0201c23_2	若轉變故名異相者。	039	若 轉 變 故 名 異 相 者  
ZH_T27_1545_039:0201c23_11	應同轉變外道所宗。	039	應 同 轉 變 外 道 所 宗  
ZH_T27_1545_039:0201c23_17	答應作是說。	039	答 應 作 是 說  
ZH_T27_1545_039:0201c24_12	非滅壞故及轉變故名為異相。	039	非 滅 壞 故 及 轉 變 故 名 為 異 相  
ZH_T27_1545_039:0201c25_4	然令諸行作用損敗。	039	然 令 諸 行 作 用 損 敗  
ZH_T27_1545_039:0201c25_13	作用朽故作用羸弱。	039	作 用 朽 故 作 用 羸 弱  
ZH_T27_1545_039:0201c25_18	作用衰瘁。	039	作 用 衰 瘁  
ZH_T27_1545_039:0201c26_3	作用慢緩。	039	作 用 慢 緩  
ZH_T27_1545_039:0201c26_8	故名異相。	039	故 名 異 相  
ZH_T27_1545_039:0201c26_13	有作是說。	039	有 作 是 說  
ZH_T27_1545_039:0201c27_16	令轉變故名為異相問若爾應同轉變外道所立宗義。	039	令 轉 變 故 名 為 異 相 問 若 爾 應 同 轉 變 外 道 所 立 宗 義  
ZH_T27_1545_039:0201c28_17	答彼執諸行相續轉時前位不滅轉變為後。	039	答 彼 執 諸行相續 轉 時 前 位 不 滅 轉 變 為 後  
ZH_T27_1545_039:0201c29_8	如薪成灰乳為酪等。	039	如 薪 成 灰 乳 為 酪 等  
ZH_T27_1545_039:0202a01_7	今說諸行相續轉時前滅後生而有轉變。	039	今 說 諸行相續 轉 時 前 滅 後 生 而 有 轉 變  
ZH_T27_1545_039:0202a01_16	謂有為法生時勢盛。	039	謂 有 為 法 生 時 勢 盛  
ZH_T27_1545_039:0202a02_2	滅時勢衰。	039	滅 時 勢 衰  
ZH_T27_1545_039:0202a02_7	生時力強。	039	生 時 力 強  
ZH_T27_1545_039:0202a02_12	滅時力劣。	039	滅 時 力 劣  
ZH_T27_1545_039:0202a02_17	生時名新。	039	生 時 名 新  
ZH_T27_1545_039:0202a03_2	滅時名故。	039	滅 時 名 故  
ZH_T27_1545_039:0202a03_7	生時滋茂。	039	生 時 滋 茂  
ZH_T27_1545_039:0202a03_12	滅時枯瘁。	039	滅 時 枯 瘁  
ZH_T27_1545_039:0202a04_10	生時和合滅時離散生時興舉滅時墮落。	039	生 時 和 合 滅 時 離 散 生 時 興 舉 滅 時 墮 落  
ZH_T27_1545_039:0202a04_15	生時猛利。	039	生 時 猛 利  
ZH_T27_1545_039:0202a05_2	滅時遲鈍。	039	滅 時 遲 鈍  
ZH_T27_1545_039:0202a05_8	生時得作用。	039	生 時 得 作 用  
ZH_T27_1545_039:0202a05_14	滅時失作用。	039	滅 時 失 作 用  
ZH_T27_1545_039:0202a06_6	生時得增上滅時失增上。	039	生 時 得 增 上 滅 時 失 增 上  
ZH_T27_1545_039:0202a06_12	生時得功能。	039	生 時 得 功 能  
ZH_T27_1545_039:0202a06_18	滅時失功能。	039	滅 時 失 功 能  
ZH_T27_1545_039:0202a07_4	生時熾盛。	039	生 時 熾 盛  
ZH_T27_1545_039:0202a07_9	滅時萎歇。	039	滅 時 萎 歇  
ZH_T27_1545_039:0202a08_4	生時增進滅時退減生時得士用。	039	生 時 增 進 滅 時 退 減 生 時 得 士 用  
ZH_T27_1545_039:0202a08_10	滅時失士用。	039	滅 時 失 士 用  
ZH_T27_1545_039:0202a08_15	生時未熟。	039	生 時 未 熟  
ZH_T27_1545_039:0202a10_2	滅時已熟故名轉變非同外道問諸有為相與所相法。	039	滅 時 已 熟 故 名 轉 變 非 同 外 道 問 諸 有 為 相 與 所 相 法  
ZH_T27_1545_039:0202a10_11	為同為異設爾何失。	039	為 同 為 異 設 爾 何 失  
ZH_T27_1545_039:0202a11_3	若同者云何四不為一。	039	若 同 者 云 何 四 不 為 一  
ZH_T27_1545_039:0202a11_8	一不為四。	039	一 不 為 四  
ZH_T27_1545_039:0202a11_17	又取一時應作四解。	039	又 取 一 時 應 作 四 解  
ZH_T27_1545_039:0202a12_11	若異者云何不以餘相為相。	039	若 異 者 云 何 不 以 餘 相 為 相  
ZH_T27_1545_039:0202a12_16	有作是說。	039	有 作 是 說  
ZH_T27_1545_039:0202a13_3	相所相同。	039	相 所 相 同  
ZH_T27_1545_039:0202a13_13	問若爾云何四不為一。	039	問 若爾云何 四 不 為 一  
ZH_T27_1545_039:0202a13_18	一不為四。	039	一 不 為 四  
ZH_T27_1545_039:0202a14_8	又取一時應作四解。	039	又 取 一 時 應 作 四 解  
ZH_T27_1545_039:0202a15_1	答相雖有四而體是一。	039	答 相 雖 有 四 而 體 是 一  
ZH_T27_1545_039:0202a15_10	於一自體有多相故。	039	於 一 自 體 有 多 相 故  
ZH_T27_1545_039:0202a16_6	於一所緣作四種解理亦無違。	039	於 一 所 緣 作 四 種 解 理 亦 無 違  
ZH_T27_1545_039:0202a17_2	如於一物起無常等多行相故。	039	如 於 一 物 起 無 常 等 多 行 相 故  
ZH_T27_1545_039:0202a17_7	有餘師說。	039	有餘師說  
ZH_T27_1545_039:0202a17_12	相所相異。	039	相 所 相 異  
ZH_T27_1545_039:0202a18_5	問若爾云何不以餘相為相。	039	問 若爾云何 不 以 餘 相 為 相  
ZH_T27_1545_039:0202a19_6	答無如是失能相所相從無始來互相屬故。	039	答 無 如 是 失 能 相 所 相 從無始來 互 相 屬 故  
ZH_T27_1545_039:0202a20_3	復次能相所相從無始來恒和合故。	039	復 次 能 相 所 相 從無始來 恒 和 合 故  
ZH_T27_1545_039:0202a20_8	不相離故。	039	不 相 離 故  
ZH_T27_1545_039:0202a20_13	常相隨故。	039	常 相 隨 故  
ZH_T27_1545_039:0202a20_18	相雜住故。	039	相 雜 住 故  
ZH_T27_1545_039:0202a21_7	尊者世友作如是說。	039	尊 者 世 友 作如是說  
ZH_T27_1545_039:0202a21_12	相所相異。	039	相 所 相 異  
ZH_T27_1545_039:0202a22_3	然諸能相依所相起。	039	然 諸 能 相 依 所 相 起  
ZH_T27_1545_039:0202a22_8	如煙依火。	039	如 煙 依 火  
ZH_T27_1545_039:0202a22_17	是故不以餘相為相。	039	是 故 不 以 餘 相 為 相  
ZH_T27_1545_039:0202a23_10	復次能相既是所相過患。	039	復 次 能 相 既 是 所 相 過 患  
ZH_T27_1545_039:0202a25_2	雖不相離而相不同如病既是人之過患雖不相離而相各別。	039	雖 不 相 離 而 相 不 同 如 病 既 是 人 之 過 患 雖 不 相 離 而 相 各 別  
ZH_T27_1545_039:0202a25_11	若病與人相不異者。	039	若 病 與 人 相 不 異 者  
ZH_T27_1545_039:0202a26_2	其病若愈人亦應無。	039	其 病 若 愈 人 亦 應 無  
ZH_T27_1545_039:0202a26_7	大德說曰。	039	大 德 說 曰  
ZH_T27_1545_039:0202a27_7	佛說生等是有為之相故知相屬而相不同。	039	佛 說 生 等 是 有 為 之 相 故 知 相 屬 而 相 不 同  
ZH_T27_1545_039:0202a29_15	如舍等屬人而相有異問若一切剎那皆有老相何不一切時首生白髮答此難非理老相白髮不相即故。	039	如 舍 等 屬 人 而 相 有 異 問 若 一 切 剎 那 皆 有 老 相 何 不 一 切 時 首 生 白 髮 答 此 難 非 理 老 相 白 髮 不 相 即 故  
ZH_T27_1545_039:0202b01_7	白髮是色有見有對。	039	白 髮 是 色 有 見 有 對  
ZH_T27_1545_039:0202b01_16	老相非色無見無對。	039	老 相 非 色 無 見 無 對  
ZH_T27_1545_039:0202b02_14	二體既異如何難言有老相時即有白髮。	039	二 體 既 異 如 何 難 言 有 老 相 時 即 有 白 髮  
ZH_T27_1545_039:0202b03_12	復次老與少壯或有相違或不相違。	039	復 次 老 與 少 壯 或 有 相 違 或 不 相 違  
ZH_T27_1545_039:0202b04_4	若相違者首生白髮。	039	若 相 違 者 首 生 白 髮  
ZH_T27_1545_039:0202b04_13	不相違者不生白髮。	039	不 相 違 者 不 生 白 髮  
ZH_T27_1545_039:0202b05_14	復次若增益大種多損減大種少者不生白髮。	039	復 次 若 增 益 大 種 多 損 減 大 種 少 者 不 生 白 髮  
ZH_T27_1545_039:0202b06_13	若損減大種多增益大種少者首生白髮。	039	若 損 減 大 種 多 增 益 大 種 少 者 首 生 白 髮  
ZH_T27_1545_039:0202b07_6	復次氣勢強者不生白髮。	039	復 次 氣 勢 強 者 不 生 白 髮  
ZH_T27_1545_039:0202b07_15	氣勢弱者首生白髮。	039	氣 勢 弱 者 首 生 白 髮  
ZH_T27_1545_039:0202b08_8	復次白髮不由老相故起。	039	復 次 白 髮 不 由 老 相 故 起  
ZH_T27_1545_039:0202b09_8	但眾同分將欲盡時有此異熟可厭相起。	039	但 眾 同 分 將 欲 盡 時 有 此 異 熟 可 厭 相 起  
ZH_T27_1545_039:0202b10_7	如酒油等將欲盡時法爾於中有滓穢起。	039	如 酒 油 等 將 欲 盡 時 法 爾 於 中 有 滓 穢 起  
ZH_T27_1545_039:0202b10_17	問何界趣處有白髮耶。	039	問 何 界 趣 處 有 白 髮 耶  
ZH_T27_1545_039:0202b11_9	答在欲界有非色無色。	039	答 在 欲 界 有 非 色 無 色  
ZH_T27_1545_039:0202b11_14	地獄趣無。	039	地 獄 趣 無  
ZH_T27_1545_039:0202b12_1	傍生鬼有。	039	傍 生 鬼 有  
ZH_T27_1545_039:0202b12_6	人三洲有。	039	人 三 洲 有  
ZH_T27_1545_039:0202b12_11	除北俱盧。	039	除 北 俱 盧  
ZH_T27_1545_039:0202b13_1	彼無如是可厭相故。	039	彼 無 如 是 可 厭 相 故  
ZH_T27_1545_039:0202b13_10	乘純淨業而生彼故。	039	乘 純 淨 業 而 生 彼 故  
ZH_T27_1545_039:0202b14_1	由雜穢業白髮生故。	039	由 雜 穢 業 白 髮 生 故  
ZH_T27_1545_039:0202b14_11	問如是白髮何等人有。	039	問 如 是 白 髮 何 等 人 有  
ZH_T27_1545_039:0202b15_2	答異生聖者皆有白髮。	039	答 異 生 聖 者 皆 有 白 髮  
ZH_T27_1545_039:0202b16_5	諸聖者中從預流果乃至獨覺皆有白髮唯除世尊。	039	諸 聖 者 中 從 預 流 果 乃 至 獨 覺 皆 有 白 髮 唯 除 世 尊  
ZH_T27_1545_039:0202b16_14	佛無此等可厭相故。	039	佛 無 此 等 可 厭 相 故  
ZH_T27_1545_039:0202b17_5	以白髮等是滓穢故。	039	以 白 髮 等 是 滓 穢 故  
ZH_T27_1545_039:0202b18_8	諸佛皆無髮希髮白皮緩皮皺音聲破壞解支節苦。	039	諸 佛 皆 無 髮 希 髮 白 皮 緩 皮 皺 音 聲 破 壞 解 支 節 苦  
ZH_T27_1545_039:0202b19_16	亦無心亂漸捨諸根般涅槃時諸根頓滅問佛田何業得此果耶。	039	亦 無 心 亂 漸 捨 諸 根 般 涅 槃 時 諸 根 頓 滅 問 佛 田 何 業 得 此 果 耶  
ZH_T27_1545_039:0202b21_4	答先菩薩時三無數劫修集種種難行苦行所起善業。	039	答 先 菩 薩 時 三無數劫 修 集 種 種 難行苦行 所 起 善 業  
ZH_T27_1545_039:0202b21_13	後後剎那轉增轉盛。	039	後 後 剎 那 轉 增 轉 盛  
ZH_T27_1545_039:0202b22_3	信慧堅猛諸所施為。	039	信 慧 堅 猛 諸 所 施 為  
ZH_T27_1545_039:0202b22_8	無萎歇故。	039	無 萎 歇 故  
ZH_T27_1545_039:0202b22_17	由此善業為相似因。	039	由 此 善 業 為 相 似 因  
ZH_T27_1545_039:0202b23_8	今受如斯相似勝果。	039	今 受 如 斯 相 似 勝 果  
ZH_T27_1545_039:0202b24_12	故無髮白面皺等事問若一切剎那皆有無常相者。	039	故 無 髮 白 面 皺 等 事 問 若 一 切 剎 那 皆 有 無 常 相 者  
ZH_T27_1545_039:0202b25_6	何不一切時皆有屍骸相現。	039	何 不 一 切 時 皆 有 屍 骸 相 現  
ZH_T27_1545_039:0202b26_6	答若有根身滅有根身生者無屍骸相現。	039	答 若 有 根 身 滅 有 根 身 生 者 無 屍 骸 相 現  
ZH_T27_1545_039:0202b27_5	若有根身滅無根身生者有屍骸相現。	039	若 有 根 身 滅 無 根 身 生 者 有 屍 骸 相 現  
ZH_T27_1545_039:0202b28_6	復次若有心身滅有心身生者無屍骸相現。	039	復 次 若 有 心 身 滅 有 心 身 生 者 無 屍 骸 相 現  
ZH_T27_1545_039:0202b29_5	若有心身滅無心身生者有屍骸相現。	039	若 有 心 身 滅 無 心 身 生 者 有 屍 骸 相 現  
ZH_T27_1545_039:0202c01_7	復次若有情數身滅有情數身生者無屍骸相現。	039	復 次 若 有 情 數 身 滅 有 情 數 身 生 者 無 屍 骸 相 現  
ZH_T27_1545_039:0202c02_7	若有情數身滅無情數身生者有屍骸相現。	039	若 有 情 數 身 滅 無 情 數 身 生 者 有 屍 骸 相 現  
ZH_T27_1545_039:0202c04_9	復次若有執受身滅有執受身生者無屍骸相現若有執受身滅無執受身生者有屍骸相現。	039	復 次 若 有 執 受 身 滅 有 執 受 身 生 者 無 屍 骸 相 現 若 有 執 受 身 滅 無 執 受 身 生 者 有 屍 骸 相 現  
ZH_T27_1545_039:0202c05_10	復次由諸有情業增上力命終後有屍骸相現。	039	復 次 由 諸 有 情 業 增 上 力 命 終 後 有 屍 骸 相 現  
ZH_T27_1545_039:0202c06_14	謂諸有情須受用彼皮肉筋骨髮毛爪齒蹄角等故。	039	謂 諸 有 情 須 受 用 彼 皮 肉 筋 骨 髮毛爪齒 蹄 角 等 故  
ZH_T27_1545_039:0202c07_13	由諸有情業增上力活時未有屍骸相現。	039	由 諸 有 情 業 增 上 力 活 時 未 有 屍 骸 相 現  
ZH_T27_1545_039:0202c09_3	謂一晝夜總有六十四億九萬九千九百八十剎那五蘊生滅。	039	謂 一 晝 夜 總 有 六 十 四 億 九 萬 九 千 九 百 八 十 剎 那 五 蘊 生 滅  
ZH_T27_1545_039:0202c10_10	若一一剎那皆有屍骸相現者則一有情屍骸大地無容受處。	039	若 一 一 剎 那 皆 有 屍 骸 相 現 者 則 一 有 情 屍 骸 大 地 無 容 受 處  
ZH_T27_1545_039:0202c11_11	既不埋殯深為可惡諸有情類逃避無方故。	039	既 不 埋 殯 深 為 可 惡 諸 有 情 類 逃 避 無 方 故  
ZH_T27_1545_039:0202c12_9	由有情業增上力活時未有屍骸相現。	039	由 有 情 業 增 上 力 活 時 未 有 屍 骸 相 現  
ZH_T27_1545_039:0202c13_10	問化生有情於命終後何故無有屍骸相現。	039	問 化生有情 於 命 終 後 何 故 無 有 屍 骸 相 現  
ZH_T27_1545_039:0202c14_11	答以彼受生及命終時諸根身分頓得捨故。	039	答 以 彼 受 生 及 命 終 時 諸 根 身 分 頓 得 捨 故  
ZH_T27_1545_039:0202c15_2	如人水中暫出暫沒。	039	如 人 水 中 暫 出 暫 沒  
ZH_T27_1545_039:0202c15_15	不可知彼沒何所至出何所從。	039	不 可 知 彼 沒 何 所 至 出 何 所 從  
ZH_T27_1545_039:0202c17_1	故化生死後無屍骸相現復次化生有情其身輕妙。	039	故 化 生 死 後 無 屍 骸 相 現 復 次 化生有情 其 身 輕 妙  
ZH_T27_1545_039:0202c18_1	猶如火焰雲霧電光滅則無餘故無屍現。	039	猶 如 火 焰 雲 霧 電 光 滅 則 無 餘 故 無 屍 現  
ZH_T27_1545_039:0202c18_12	復次大種多者無有屍骸。	039	復 次 大 種 多 者 無 有 屍 骸  
ZH_T27_1545_039:0202c19_3	彼造色多故無屍骸。	039	彼 造 色 多 故 無 屍 骸  
ZH_T27_1545_039:0202c19_14	復次非根多者死有屍骸。	039	復 次 非 根 多 者 死 有 屍 骸  
ZH_T27_1545_039:0202c20_5	彼根法多故無屍骸。	039	彼 根 法 多 故 無 屍 骸  
ZH_T27_1545_039:0202c21_3	復次髮毛爪等可捨法多者死有屍骸。	039	復 次 髮 毛 爪 等 可 捨 法 多 者 死 有 屍 骸  
ZH_T27_1545_039:0202c21_16	化生有情可捨法少故無屍骸。	039	化生有情 可 捨 法 少 故 無 屍 骸  
ZH_T27_1545_039:0202c22_12	復次覽精血等以成身者死有屍骸。	039	復 次 覽 精 血 等 以 成 身 者 死 有 屍 骸  
ZH_T27_1545_039:0202c23_4	化生不爾故無屍骸。	039	化 生 不 爾 故 無 屍 骸  
ZH_T27_1545_039:0202c24_7	問諸有為法生時。	039	問 諸 有 為 法 生 時  
ZH_T27_1545_039:0202c24_15	為體是生法故生。	039	為 體 是 生 法 故 生  
ZH_T27_1545_039:0202c25_6	為與生相合故生耶。	039	為 與 生 相 合 故 生 耶  
ZH_T27_1545_039:0202c25_11	設爾何失。	039	設 爾 何 失  
ZH_T27_1545_039:0202c26_2	若體是生法故生者。	039	若 體 是 生 法 故 生 者  
ZH_T27_1545_039:0202c26_9	生相則應無用。	039	生 相 則 應 無 用  
ZH_T27_1545_039:0202c26_18	若與生相合故生者。	039	若 與 生 相 合 故 生 者  
ZH_T27_1545_039:0202c27_12	則無為法生相合故亦應可生。	039	則 無 為 法 生 相 合 故 亦 應 可 生  
ZH_T27_1545_039:0202c28_1	答應作是說。	039	答 應 作 是 說  
ZH_T27_1545_039:0202c28_8	體是生法故生。	039	體 是 生 法 故 生  
ZH_T27_1545_039:0202c29_1	問若爾生相則應無用。	039	問 若 爾 生 相 則 應 無 用  
ZH_T27_1545_039:0203a01_1	答雖體是生法若無生相合者則不可生。	039	答 雖 體 是 生 法 若 無 生 相 合 者 則 不 可 生  
ZH_T27_1545_039:0203a02_16	故彼生時由生相合生相是彼生勝因故如可破法破因能破及可斷法斷因能斷。	039	故 彼 生 時 由 生 相 合 生 相 是 彼 生 勝 因 故 如 可 破 法 破 因 能 破 及 可 斷 法 斷 因 能 斷  
ZH_T27_1545_039:0203a03_7	故可生法生相能生。	039	故 可 生 法 生 相 能 生  
ZH_T27_1545_039:0203a03_12	有作是說。	039	有 作 是 說  
ZH_T27_1545_039:0203a04_14	與生相合故生問若爾無為與生相合亦應可生。	039	與 生 相 合 故 生 問 若 爾 無 為 與 生 相 合 亦 應 可 生  
ZH_T27_1545_039:0203a05_10	答無為無有生相合義故不可生。	039	答 無 為 無 有 生 相 合 義 故 不 可 生  
ZH_T27_1545_039:0203a05_15	如虛空等。	039	如 虛 空 等  
ZH_T27_1545_039:0203a06_7	無破因合故不可破。	039	無 破 因 合 故 不 可 破  
ZH_T27_1545_039:0203a06_16	無斷因合故不可斷。	039	無 斷 因 合 故 不 可 斷  
ZH_T27_1545_039:0203a07_12	無生相合故不可生應知亦爾。	039	無 生 相 合 故 不 可 生 應 知 亦 爾  
ZH_T27_1545_039:0203a08_4	生相與彼未甞合故。	039	生 相 與 彼 未 甞 合 故  
ZH_T27_1545_039:0203a08_17	有為住異二種問答應知亦爾。	039	有 為 住 異 二 種 問 答 應 知 亦 爾  
ZH_T27_1545_039:0203a09_7	問諸有為法滅時。	039	問 諸 有 為 法 滅 時  
ZH_T27_1545_039:0203a10_12	為體是無常法故滅為與無常相合故滅耶設爾何失。	039	為 體 是 無 常 法 故 滅 為 與 無 常 相 合 故 滅 耶 設 爾 何 失  
ZH_T27_1545_039:0203a11_13	若體是無常法故滅者則無常相應成無用。	039	若 體 是 無 常 法 故 滅 者 則 無 常 相 應 成 無 用  
ZH_T27_1545_039:0203a12_6	若與無常相合故滅者。	039	若 與 無 常 相 合 故 滅 者  
ZH_T27_1545_039:0203a13_13	則無為法無常合故亦應可滅答應作是說體是無常法故滅。	039	則 無 為 法 無 常 合 故 亦 應 可 滅 答 應 作 是 說 體 是 無 常 法 故 滅  
ZH_T27_1545_039:0203a14_7	問若爾無常相則應無用。	039	問 若 爾 無 常 相 則 應 無 用  
ZH_T27_1545_039:0203a14_15	答雖體是無常法。	039	答 雖 體 是 無 常 法  
ZH_T27_1545_039:0203a15_9	若無無常相合者則不可滅。	039	若 無 無 常 相 合 者 則 不 可 滅  
ZH_T27_1545_039:0203a16_1	故彼滅時由無常合。	039	故 彼 滅 時 由 無 常 合  
ZH_T27_1545_039:0203a16_10	無常是彼滅勝因故。	039	無 常 是 彼 滅 勝 因 故  
ZH_T27_1545_039:0203a17_4	如可生法生因能生此亦如是。	039	如 可 生 法 生 因 能 生 此 亦 如 是  
ZH_T27_1545_039:0203a17_9	有作是說。	039	有 作 是 說  
ZH_T27_1545_039:0203a17_17	與無常相合故滅。	039	與 無 常 相 合 故 滅  
ZH_T27_1545_039:0203a18_12	問若爾無為與無常合應亦可滅。	039	問 若 爾 無 為 與 無 常 合 應 亦 可 滅  
ZH_T27_1545_039:0203a19_9	答無為無有無常合義故不可滅。	039	答 無 為 無 有 無 常 合 義 故 不 可 滅  
ZH_T27_1545_039:0203a20_5	如虛空等無生相合故不可生。	039	如 虛 空 等 無 生 相 合 故 不 可 生  
ZH_T27_1545_039:0203a21_1	此亦如是無常與彼未甞合故。	039	此 亦 如 是 無 常 與 彼 未 甞 合 故  
ZH_T27_1545_039:0203a21_6	有餘師說。	039	有餘師說  
ZH_T27_1545_039:0203a22_5	有為體是生住異滅若無四相則不可知。	039	有 為 體 是 生住異滅 若 無 四 相 則 不 可 知  
ZH_T27_1545_039:0203a22_14	猶如闇中有瓶衣等。	039	猶 如 闇 中 有 瓶 衣 等  
ZH_T27_1545_039:0203a23_5	若無燈照則不可知。	039	若 無 燈 照 則 不 可 知  
ZH_T27_1545_039:0203a23_10	此亦如是。	039	此 亦 如 是  
ZH_T27_1545_039:0203a24_1	故有為相是彼了因。	039	故 有 為 相 是 彼 了 因  
ZH_T27_1545_039:0203a24_4	評曰。	039	評 曰  
ZH_T27_1545_039:0203a25_4	應知此中初說為善問如有為法有有為相。	039	應 知 此 中 初 說 為 善 問 如 有 為 法 有 有 為 相  
ZH_T27_1545_039:0203a25_13	無為亦有無為相耶。	039	無 為 亦 有 無 為 相 耶  
ZH_T27_1545_039:0203a25_18	設爾何失。	039	設 爾 何 失  
ZH_T27_1545_039:0203a26_11	若有者云何無為名非聚法。	039	若 有 者 云 何 無 為 名 非 聚 法  
ZH_T27_1545_039:0203a27_5	若無者品類足說當云何通。	039	若 無 者 品 類 足 說 當云何通  
ZH_T27_1545_039:0203a27_17	如說云何不生不住不滅法。	039	如 說 云 何 不 生 不 住 不 滅 法  
ZH_T27_1545_039:0203a28_5	謂一切無為法。	039	謂 一 切 無 為 法  
ZH_T27_1545_039:0203a29_13	答應作是說諸無為法無無為相問若爾品類足說當云何通。	039	答 應 作 是 說 諸 無 為 法 無 無 為 相 問 若 爾 品 類 足 說 當云何通  
ZH_T27_1545_039:0203b01_5	答翻對有為故作是說。	039	答 翻 對 有 為 故 作 是 說  
ZH_T27_1545_039:0203b01_14	謂有為法有生住滅。	039	謂 有 為 法 有 生 住 滅  
ZH_T27_1545_039:0203b02_5	無為異彼說不生等。	039	無 為 異 彼 說 不 生 等  
ZH_T27_1545_039:0203b03_1	非謂別有不生等相如契經說。	039	非 謂 別 有 不 生 等 相 如 契 經 說  
ZH_T27_1545_039:0203b03_6	佛告苾芻。	039	佛 告 苾 芻  
ZH_T27_1545_039:0203b04_1	汝等有生有老有死有沒有出。	039	汝 等 有 生 有 老 有 死 有 沒 有 出  
ZH_T27_1545_039:0203b04_6	所以者何。	039	所以者何  
ZH_T27_1545_039:0203b05_1	汝等諸行猶如幻事陽焰等故。	039	汝 等 諸 行 猶 如 幻 事 陽 焰 等 故  
ZH_T27_1545_039:0203b05_15	問此中所說生出死沒有何差別。	039	問 此 中 所 說 生 出 死 沒 有何差別  
ZH_T27_1545_039:0203b06_6	有作是說無有差別。	039	有 作 是 說 無有差別  
ZH_T27_1545_039:0203b06_15	生即是出死即是沒。	039	生 即 是 出 死 即 是 沒  
ZH_T27_1545_039:0203b07_6	一切皆是剎那性故。	039	一 切 皆 是 剎 那 性 故  
ZH_T27_1545_039:0203b07_15	尊者世友作如是說。	039	尊 者 世 友 作如是說  
ZH_T27_1545_039:0203b08_10	入母胎時名生出母胎時名出。	039	入 母 胎 時 名 生 出 母 胎 時 名 出  
ZH_T27_1545_039:0203b08_17	諸蘊熟時名沒。	039	諸 蘊 熟 時 名 沒  
ZH_T27_1545_039:0203b09_6	捨諸蘊時名死。	039	捨 諸 蘊 時 名 死  
ZH_T27_1545_039:0203b09_11	脇尊者曰。	039	脇 尊 者 曰  
ZH_T27_1545_039:0203b10_2	中有諸蘊得時名出。	039	中 有 諸 蘊 得 時 名 出  
ZH_T27_1545_039:0203b10_7	捨時名沒。	039	捨 時 名 沒  
ZH_T27_1545_039:0203b10_16	生分諸蘊得時名生。	039	生 分 諸 蘊 得 時 名 生  
ZH_T27_1545_039:0203b11_2	捨時名死。	039	捨 時 名 死  
ZH_T27_1545_039:0203b11_11	尊者妙音作如是說。	039	尊 者 妙 音 作如是說  
ZH_T27_1545_039:0203b13_1	胎卵濕生諸蘊起時名生諸根漸生故壞時名死有餘屍骸故。	039	胎 卵 濕 生 諸 蘊 起 時 名 生 諸 根 漸 生 故 壞 時 名 死 有 餘 屍 骸 故  
ZH_T27_1545_039:0203b13_15	化生諸蘊起時名出諸根頓出故。	039	化 生 諸 蘊 起 時 名 出 諸 根 頓 出 故  
ZH_T27_1545_039:0203b14_6	壞時名沒無餘屍骸故。	039	壞 時 名 沒 無 餘 屍 骸 故  
ZH_T27_1545_039:0203b14_11	大德說曰。	039	大 德 說 曰  
ZH_T27_1545_039:0203b15_4	於諸趣中初受生時名生。	039	於 諸 趣 中 初 受 生 時 名 生  
ZH_T27_1545_039:0203b15_11	命根盡時名死。	039	命 根 盡 時 名 死  
ZH_T27_1545_039:0203b16_3	中間諸蘊剎那生時名出。	039	中 間 諸 蘊 剎 那 生 時 名 出  
ZH_T27_1545_039:0203b16_10	剎那滅時名沒。	039	剎 那 滅 時 名 沒  
ZH_T27_1545_039:0203b17_1	尊者覺天作如是說。	039	尊 者 覺 天 作如是說  
ZH_T27_1545_039:0203b17_10	有色有情生時名生。	039	有色有情 生 時 名 生  
ZH_T27_1545_039:0203b17_15	死時名死。	039	死 時 名 死  
ZH_T27_1545_039:0203b18_5	無色有情生時名出。	039	無色有情 生 時 名 出  
ZH_T27_1545_039:0203b18_10	死時名沒。	039	死 時 名 沒  
ZH_T27_1545_039:0203b18_19	是謂生出死沒差別。	039	是 謂 生 出 死 沒 差 別  
ZH_T27_1545_039:0203b20_4	7 無義納息1雜蘊第一中無義納息第七之一如世尊說。	039	7   無 義 納 息 1 雜 蘊 第 一 中 無 義 納 息 第 七 之 一 如 世 尊 說  
ZH_T27_1545_039:0203b21_0	修諸餘苦行　　當知無義俱	039	修 諸 餘 苦 行   當 知 無 義 俱 
ZH_T27_1545_039:0203b22_0	彼不獲利安　　如陸揮船棹	039	彼 不 獲 利 安   如 陸 揮 船 棹 
ZH_T27_1545_039:0203b23_12	如是等章及解章義既領會已。	039	如 是 等 章 及 解 章 義 既 領 會 已  
ZH_T27_1545_039:0203b23_17	次應廣釋。	039	次 應 廣 釋  
ZH_T27_1545_039:0203b24_5	問何故作此論。	039	問 何 故 作 此 論  
ZH_T27_1545_039:0203b24_15	答為欲分別契經義故。	039	答 為 欲 分 別 契 經 義 故  
ZH_T27_1545_039:0203b25_6	雖一切論皆為釋經。	039	雖 一 切 論 皆 為 釋 經  
ZH_T27_1545_039:0203b25_15	然此納息釋多經義。	039	然 此 納 息 釋 多 經 義  
ZH_T27_1545_039:0203b27_4	謂契經說世尊住在鄔盧頻螺池邊泥爛繕那河側菩提樹下。	039	謂 契 經 說 世 尊 住 在 鄔 盧 頻 螺 池 邊 泥 爛 繕 那 河 側 菩提樹下  
ZH_T27_1545_039:0203b27_17	成佛未久為諸聲聞略說法要。	039	成 佛 未 久 為 諸 聲 聞 略 說 法 要  
ZH_T27_1545_039:0203b29_3	告諸苾芻我已解脫無義苦行得解脫彼甚為善哉。	039	告 諸 苾 芻 我 已 解 脫 無 義 苦 行 得 解 脫 彼 甚 為 善 哉  
ZH_T27_1545_039:0203b29_16	自正願力速證無上佛菩提故。	039	自 正 願 力 速 證 無上佛菩提 故  
ZH_T27_1545_039:0203c01_15	時諸苾芻聞佛所說歡喜踊躍恭敬尊重。	039	時 諸 苾 芻 聞 佛 所 說 歡喜踊躍 恭 敬 尊 重  
ZH_T27_1545_039:0203c02_14	攝心屬耳聽受法要爾時惡魔作如是念。	039	攝 心 屬 耳 聽 受 法 要 爾 時 惡 魔 作如是念  
ZH_T27_1545_039:0203c03_6	今彼沙門喬答摩種。	039	今 彼 沙 門 喬 答 摩 種  
ZH_T27_1545_039:0203c03_15	菩提樹下為眾說法。	039	菩提樹下 為 眾 說 法  
ZH_T27_1545_039:0203c04_5	其諸聲聞恭敬聽受。	039	其 諸 聲 聞 恭 敬 聽 受  
ZH_T27_1545_039:0203c04_14	我今應往為作留難。	039	我 今 應 往 為 作 留 難  
ZH_T27_1545_039:0203c05_5	便自化作摩納婆身。	039	便 自 化 作 摩 納 婆 身  
ZH_T27_1545_039:0203c05_14	來至佛前說伽他曰。	039	來 至 佛 前 說 伽 他 曰  
ZH_T27_1545_039:0203c06_0	仁今捨苦行　　古仙真淨道	039	仁 今 捨 苦 行   古 仙 真 淨 道 
ZH_T27_1545_039:0203c07_0	更修餘穢道　　必不獲清淨	039	更 修 餘 穢 道   必 不 獲 清 淨 
ZH_T27_1545_039:0203c08_4	此中義者。	039	此 中 義 者  
ZH_T27_1545_039:0203c08_17	謂彼惡魔於諸天身作真淨想。	039	謂 彼 惡 魔 於 諸 天 身 作 真 淨 想  
ZH_T27_1545_039:0203c09_8	於昔外道所修苦行。	039	於 昔 外 道 所 修 苦 行  
ZH_T27_1545_039:0203c10_1	起能證得真淨道想故。	039	起 能 證 得 真 淨 道 想 故  
ZH_T27_1545_039:0203c10_5	白佛言。	039	白 佛 言  
ZH_T27_1545_039:0203c11_4	仁今何故捨舊諸仙能得真淨苦行妙道。	039	仁 今 何 故 捨 舊 諸 仙 能 得 真 淨 苦 行 妙 道  
ZH_T27_1545_039:0203c11_13	修餘鄙穢逸樂道耶。	039	修 餘 鄙 穢 逸 樂 道 耶  
ZH_T27_1545_039:0203c12_8	此必不能獲得清淨宜時速捨。	039	此 必 不 能 獲 得 清 淨 宜 時 速 捨  
ZH_T27_1545_039:0203c13_5	故佛為彼說此頌言修諸餘苦行。	039	故 佛 為 彼 說 此 頌 言 修 諸 餘 苦 行  
ZH_T27_1545_039:0203c13_10	乃至廣說。	039	乃至廣說  
ZH_T27_1545_039:0203c13_15	此頌意言。	039	此 頌 意 言  
ZH_T27_1545_039:0203c14_13	非我於彼外道苦行不能修故而棄捨之。	039	非 我 於 彼 外 道 苦 行 不 能 修 故 而 棄 捨 之  
ZH_T27_1545_039:0203c15_5	但審觀察如是苦行。	039	但 審 觀 察 如 是 苦 行  
ZH_T27_1545_039:0203c16_1	畢竟不能斷諸煩惱得真義利。	039	畢 竟 不 能 斷 諸 煩 惱 得 真 義 利  
ZH_T27_1545_039:0203c16_14	故我捨之更修真實處中妙行。	039	故 我 捨 之 更 修 真 實 處 中 妙 行  
ZH_T27_1545_039:0203c17_13	由斯已證無上菩提能拔眾生生死劇苦。	039	由 斯 已 證 無上菩提 能 拔 眾 生 生 死 劇 苦  
ZH_T27_1545_039:0203c18_1	此頌義者。	039	此 頌 義 者  
ZH_T27_1545_039:0203c18_10	外道所修種種苦行。	039	外 道 所 修 種 種 苦 行  
ZH_T27_1545_039:0203c19_1	在正法外故說諸餘。	039	在 正 法 外 故 說 諸 餘  
ZH_T27_1545_039:0203c19_4	有說。	039	有 說  
ZH_T27_1545_039:0203c19_11	應言下賤苦行。	039	應 言 下 賤 苦 行  
ZH_T27_1545_039:0203c20_1	謂諸苦行略有二種。	039	謂 諸 苦 行 略有二種  
ZH_T27_1545_039:0203c20_6	一者上勝。	039	一 者 上 勝  
ZH_T27_1545_039:0203c20_15	謂八聖道及彼眷屬。	039	謂 八 聖 道 及 彼 眷 屬  
ZH_T27_1545_039:0203c20_20	二者下賤。	039	二 者 下 賤  
ZH_T27_1545_039:0203c21_8	謂諸外道所修苦行。	039	謂 諸 外 道 所 修 苦 行  
ZH_T27_1545_039:0203c22_10	雜我執故立下賤名復次彼諸外道所修苦行。	039	雜 我 執 故 立 下 賤 名 復 次 彼 諸 外 道 所 修 苦 行  
ZH_T27_1545_039:0203c23_1	為求世間生死苦果。	039	為 求 世 間 生 死 苦 果  
ZH_T27_1545_039:0203c23_10	以果劣故立下賤名。	039	以 果 劣 故 立 下 賤 名  
ZH_T27_1545_039:0203c24_1	有說應言不死苦行。	039	有 說 應 言 不 死 苦 行  
ZH_T27_1545_039:0203c24_10	言不死者是天別名。	039	言 不 死 者 是 天 別 名  
ZH_T27_1545_039:0203c25_1	即呼天魔名為不死。	039	即 呼 天 魔 名 為 不 死  
ZH_T27_1545_039:0203c25_11	魔崇如是外道苦行故。	039	魔 崇 如 是 外 道 苦 行 故  
ZH_T27_1545_039:0203c26_1	此名為不死苦行。	039	此 名 為 不 死 苦 行  
ZH_T27_1545_039:0203c26_16	復次諸外道等希求天中諸妙欲樂。	039	復 次 諸 外 道 等 希 求 天 中 諸 妙 欲 樂  
ZH_T27_1545_039:0203c27_10	修此苦行故說名為不死苦行。	039	修 此 苦 行 故 說 名 為 不 死 苦 行  
ZH_T27_1545_039:0203c28_1	次言當知無義俱者。	039	次 言 當 知 無 義 俱 者  
ZH_T27_1545_039:0203c29_5	修彼苦行當知能引此世他世諸衰損事名無義俱。	039	修 彼 苦 行 當 知 能 引 此世他世 諸 衰 損 事 名 無 義 俱  
ZH_T27_1545_039:0203c29_14	復言彼不獲利安者。	039	復 言 彼 不 獲 利 安 者  
ZH_T27_1545_039:0204a01_1	重釋前義。	039	重 釋 前 義  
ZH_T27_1545_039:0204a01_6	利謂利益。	039	利 謂 利 益  
ZH_T27_1545_039:0204a02_5	安謂安樂彼諸苦行不能永斷諸煩惱故。	039	安 謂 安 樂 彼 諸 苦 行 不 能 永 斷 諸 煩 惱 故  
ZH_T27_1545_039:0204a02_14	不能引生殊勝善故。	039	不 能 引 生 殊 勝 善 故  
ZH_T27_1545_039:0204a03_6	不獲究竟利益安樂。	039	不 獲 究 竟 利益安樂  
ZH_T27_1545_039:0204a03_15	如在陸地揮船棹者。	039	如 在 陸 地 揮 船 棹 者  
ZH_T27_1545_039:0204a04_7	唐設劬勞終無所遂。	039	唐 設 劬 勞 終 無 所 遂  
ZH_T27_1545_039:0204a04_16	外道苦行當知亦爾。	039	外 道 苦 行 當 知 亦 爾  
ZH_T27_1545_039:0204a05_7	雖勤修習不獲利安。	039	雖 勤 修 習 不 獲 利 安  
ZH_T27_1545_039:0204a05_16	時彼天魔復請佛曰。	039	時 彼 天 魔 復 請 佛 曰  
ZH_T27_1545_039:0204a06_7	若此苦行不獲利安。	039	若 此 苦 行 不 獲 利 安  
ZH_T27_1545_039:0204a06_16	佛修何道得真清淨。	039	佛 修 何 道 得 真 清 淨  
ZH_T27_1545_039:0204a07_3	世尊告曰。	039	世 尊 告 曰  
ZH_T27_1545_039:0204a08_0	我修戒定慧　　處中真淨道	039	我 修 戒 定 慧   處 中 真 淨 道 
ZH_T27_1545_039:0204a09_0	得究竟淨果　　及無上菩提	039	得 究 竟 淨 果   及 無上菩提 
ZH_T27_1545_039:0204a10_12	契經雖作是說而不分別其義。	039	契 經 雖 作 是 說 而 不 分 別 其 義  
ZH_T27_1545_039:0204a11_4	經是此論所依根本。	039	經 是 此 論 所 依 根 本  
ZH_T27_1545_039:0204a12_4	彼所不分別者今應盡分別之故作斯論。	039	彼 所 不 分 別 者 今 應 盡 分 別 之 故 作 斯 論  
ZH_T27_1545_039:0204a12_13	何故世尊作如是說。	039	何 故 世 尊 作如是說  
ZH_T27_1545_039:0204a13_4	修餘苦行無義俱耶。	039	修 餘 苦 行 無 義 俱 耶  
ZH_T27_1545_039:0204a14_6	答彼行趣死近死至死非如是苦行能超越死故。	039	答 彼 行 趣 死 近 死 至 死 非 如 是 苦 行 能 超 越 死 故  
ZH_T27_1545_039:0204a15_6	謂諸有情為欲超越老死海故修彼苦行。	039	謂 諸 有 情 為 欲 超 越 老 死 海 故 修 彼 苦 行  
ZH_T27_1545_039:0204a16_6	然彼苦行從見趣起倍令沈沒老死海故。	039	然 彼 苦 行 從 見 趣 起 倍 令 沈 沒 老 死 海 故  
ZH_T27_1545_039:0204a16_15	佛說修彼與無義俱。	039	佛 說 修 彼 與 無 義 俱  
ZH_T27_1545_039:0204a17_6	生老死三遍在諸有。	039	生 老 死 三 遍 在 諸 有  
ZH_T27_1545_039:0204a18_5	老死正是有情所厭死起厭強故此偏說。	039	老 死 正 是 有 情 所 厭 死 起 厭 強 故 此 偏 說  
ZH_T27_1545_039:0204a18_14	尊者妙音作如是說。	039	尊 者 妙 音 作如是說  
ZH_T27_1545_039:0204a19_4	一切流轉皆名無義。	039	一 切 流 轉 皆 名 無 義  
ZH_T27_1545_039:0204a19_13	一切還滅皆名有義。	039	一 切 還 滅 皆 名 有 義  
ZH_T27_1545_039:0204a20_8	如是苦行從見趣起違背還滅。	039	如 是 苦 行 從 見 趣 起 違 背 還 滅  
ZH_T27_1545_039:0204a20_13	隨順流轉。	039	隨 順 流 轉  
ZH_T27_1545_039:0204a21_4	故說修彼與無義俱。	039	故 說 修 彼 與 無 義 俱  
ZH_T27_1545_039:0204a21_9	大德說曰。	039	大 德 說 曰  
ZH_T27_1545_039:0204a21_18	三惡趣苦皆名無義。	039	三 惡 趣 苦 皆 名 無 義  
ZH_T27_1545_039:0204a22_8	善趣解脫皆名有義。	039	善 趣 解 脫 皆 名 有 義  
ZH_T27_1545_039:0204a22_17	如是苦行邪方便起。	039	如 是 苦 行 邪 方 便 起  
ZH_T27_1545_039:0204a23_4	違善趣等。	039	違 善 趣 等  
ZH_T27_1545_039:0204a23_10	順惡趣苦故。	039	順 惡 趣 苦 故  
ZH_T27_1545_039:0204a23_18	說修彼與無義俱。	039	說 修 彼 與 無 義 俱  
ZH_T27_1545_039:0204a24_8	尊者世友作如是說。	039	尊 者 世 友 作如是說  
ZH_T27_1545_039:0204a25_4	如是苦行能令眾生墮在生死。	039	如 是 苦 行 能 令 眾 生 墮 在 生 死  
ZH_T27_1545_039:0204a25_17	恒受諸界諸趣諸生諸處眾苦。	039	恒 受 諸 界 諸 趣 諸 生 諸 處 眾 苦  
ZH_T27_1545_039:0204a26_7	故說修彼與無義俱。	039	故 說 修 彼 與 無 義 俱  
ZH_T27_1545_039:0204a27_7	又世尊說結加趺坐端身正願住對面念。	039	又 世 尊 說 結加趺坐 端 身 正 願 住 對 面 念  
ZH_T27_1545_039:0204a27_12	乃至廣說。	039	乃至廣說  
ZH_T27_1545_039:0204a27_19	問何故作此論。	039	問 何 故 作 此 論  
ZH_T27_1545_039:0204a28_9	答為欲分別契經義故。	039	答 為 欲 分 別 契 經 義 故  
ZH_T27_1545_039:0204a29_1	如契經說有諸苾芻。	039	如 契 經 說 有 諸 苾 芻  
ZH_T27_1545_039:0204a29_6	居阿練若。	039	居 阿 練 若  
ZH_T27_1545_039:0204a29_11	或在樹下。	039	或 在 樹 下  
ZH_T27_1545_039:0204b01_1	或在靜室結加趺坐。	039	或 在 靜 室 結加趺坐  
ZH_T27_1545_039:0204b01_10	端身正願住對面念。	039	端 身 正 願 住 對 面 念  
ZH_T27_1545_039:0204b01_15	乃至廣說。	039	乃至廣說  
ZH_T27_1545_039:0204b02_2	契經雖作是說。	039	契 經 雖 作 是 說  
ZH_T27_1545_039:0204b02_9	而不分別其義。	039	而 不 分 別 其 義  
ZH_T27_1545_039:0204b02_18	經是此論所依根本。	039	經 是 此 論 所 依 根 本  
ZH_T27_1545_039:0204b03_12	彼不說者今欲說之故作斯論。	039	彼 不 說 者 今 欲 說 之 故 作 斯 論  
ZH_T27_1545_039:0204b04_5	問諸威儀中皆得修善。	039	問 諸 威 儀 中 皆 得 修 善  
ZH_T27_1545_039:0204b04_14	何故但說結加趺坐。	039	何 故 但 說 結加趺坐  
ZH_T27_1545_039:0204b05_5	答此是賢聖常威儀故。	039	答 此 是 賢 聖 常 威 儀 故  
ZH_T27_1545_039:0204b06_14	謂過去未來過殑伽沙數量諸佛及佛弟子皆住此威儀而入定故。	039	謂 過去未來 過 殑伽沙數 量 諸 佛 及 佛 弟 子 皆 住 此 威 儀 而 入 定 故  
ZH_T27_1545_039:0204b07_7	復次如是威儀順善品故。	039	復 次 如 是 威 儀 順 善 品 故  
ZH_T27_1545_039:0204b07_16	謂若行住身速疲勞。	039	謂 若 行 住 身 速 疲 勞  
ZH_T27_1545_039:0204b08_6	若倚臥時便增惛睡。	039	若 倚 臥 時 便 增 惛 睡  
ZH_T27_1545_039:0204b08_15	唯結加坐無斯過失。	039	唯 結 加 坐 無 斯 過 失  
ZH_T27_1545_039:0204b09_6	故能修習殊勝善品。	039	故 能 修 習 殊 勝 善 品  
ZH_T27_1545_039:0204b09_17	復次如是威儀違惡法故。	039	復 次 如 是 威 儀 違 惡 法 故  
ZH_T27_1545_039:0204b10_12	謂餘威儀順婬欲等諸不善法。	039	謂 餘 威 儀 順 婬 欲 等 諸 不 善 法  
ZH_T27_1545_039:0204b11_3	唯結加坐能違彼故。	039	唯 結 加 坐 能 違 彼 故  
ZH_T27_1545_039:0204b12_1	復次如是威儀引人天等入正法故。	039	復 次 如 是 威 儀 引 人 天 等 入 正 法 故  
ZH_T27_1545_039:0204b13_5	謂餘威儀不能引導人天龍鬼阿素洛等令入佛法。	039	謂 餘 威 儀 不 能 引 導 人 天 龍 鬼 阿 素 洛 等 令 入 佛 法  
ZH_T27_1545_039:0204b13_14	如結加坐威儀者故。	039	如 結 加 坐 威 儀 者 故  
ZH_T27_1545_039:0204b14_11	復次如是威儀生人天等敬信心故。	039	復 次 如 是 威 儀 生 人 天 等 敬 信 心 故  
ZH_T27_1545_039:0204b15_14	謂餘威儀不能發起人天龍鬼阿素洛等敬信之心。	039	謂 餘 威 儀 不能發起 人 天 龍 鬼 阿 素 洛 等 敬 信 之 心  
ZH_T27_1545_039:0204b16_5	如結加坐威儀者故。	039	如 結 加 坐 威 儀 者 故  
ZH_T27_1545_039:0204b17_5	設此威儀生惡尋伺為生他善尚應住之。	039	設 此 威 儀 生 惡 尋 伺 為 生 他 善 尚 應 住 之  
ZH_T27_1545_039:0204b17_14	況自順生殊勝善品。	039	況 自 順 生 殊 勝 善 品  
ZH_T27_1545_039:0204b18_12	復次唯依此威儀證得無上佛菩提故。	039	復 次 唯 依 此 威 儀 證 得 無上佛菩提 故  
ZH_T27_1545_039:0204b19_9	謂依餘威儀亦能證得二乘菩提。	039	謂 依 餘 威 儀 亦 能 證 得 二 乘 菩 提  
ZH_T27_1545_039:0204b20_1	不能證得佛菩提故。	039	不 能 證 得 佛 菩 提 故  
ZH_T27_1545_039:0204b20_12	復次住此威儀怖魔軍故。	039	復 次 住 此 威 儀 怖 魔 軍 故  
ZH_T27_1545_039:0204b21_11	謂佛昔於菩提樹下結加趺坐破二魔軍。	039	謂 佛 昔 於 菩提樹下 結加趺坐 破 二 魔 軍  
ZH_T27_1545_039:0204b22_3	謂自在天及諸煩惱故。	039	謂 自 在 天 及 諸 煩 惱 故  
ZH_T27_1545_039:0204b23_2	令魔眾見此威儀即便驚恐多分退散。	039	令 魔 眾 見 此 威 儀 即 便 驚 恐 多 分 退 散  
ZH_T27_1545_039:0204b23_13	復次此是不共外道法故。	039	復 次 此 是 不 共 外 道 法 故  
ZH_T27_1545_039:0204b24_3	謂餘威儀外道亦有。	039	謂 餘 威 儀 外 道 亦 有  
ZH_T27_1545_039:0204b24_12	唯結加坐外道無故。	039	唯 結 加 坐 外 道 無 故  
ZH_T27_1545_039:0204b25_4	復次結加趺坐順修定故。	039	復 次 結加趺坐 順 修 定 故  
ZH_T27_1545_039:0204b25_17	謂諸散善住餘威儀皆能修習。	039	謂 諸 散 善 住 餘 威 儀 皆 能 修 習  
ZH_T27_1545_039:0204b26_12	若修定善唯結加坐最為隨順。	039	若 修 定 善 唯 結 加 坐 最 為 隨 順  
ZH_T27_1545_039:0204b27_4	由如是等種種因緣。	039	由 如 是 等 種種因緣  
ZH_T27_1545_039:0204b27_13	是故但說結加趺坐。	039	是 故 但 說 結加趺坐  
ZH_T27_1545_039:0204b28_4	問結加趺坐義何謂耶。	039	問 結加趺坐 義 何 謂 耶  
ZH_T27_1545_039:0204b28_14	答是相周圓而安坐義。	039	答 是 相 周 圓 而 安 坐 義  
ZH_T27_1545_039:0204b28_19	聲論者曰。	039	聲 論 者 曰  
ZH_T27_1545_039:0204b29_8	以兩足趺加致兩髀。	039	以 兩 足 趺 加 致 兩 髀  
ZH_T27_1545_039:0204b29_17	如龍盤結端坐思惟。	039	如 龍 盤 結 端 坐 思 惟  
ZH_T27_1545_039:0204c01_8	是故名為結加趺坐。	039	是 故 名 為 結加趺坐  
ZH_T27_1545_039:0204c01_13	脇尊者言。	039	脇 尊 者 言  
ZH_T27_1545_039:0204c02_12	重壘兩足左右交盤正觀境界名結加坐。	039	重 壘 兩 足 左 右 交 盤 正 觀 境 界 名 結 加 坐  
ZH_T27_1545_039:0204c03_3	唯此威儀順修定故。	039	唯 此 威 儀 順 修 定 故  
ZH_T27_1545_039:0204c03_8	大德說曰。	039	大 德 說 曰  
ZH_T27_1545_039:0204c04_2	此是賢聖吉祥坐故名結加坐。	039	此 是 賢 聖 吉 祥 坐 故 名 結 加 坐  
ZH_T27_1545_039:0204c04_10	問端身者是何義。	039	問 端 身 者 是 何 義  
ZH_T27_1545_039:0204c05_1	答是身正直而安坐義。	039	答 是 身 正 直 而 安 坐 義  
ZH_T27_1545_039:0204c05_9	問正願者是何義。	039	問 正 願 者 是 何 義  
ZH_T27_1545_039:0204c06_1	答是順善品而注心義。	039	答 是 順 善 品 而 注 心 義  
ZH_T27_1545_039:0204c06_11	問住對面念是何義耶。	039	問 住 對 面 念 是 何 義 耶  
ZH_T27_1545_039:0204c06_17	答面謂定境。	039	答 面 謂 定 境  
ZH_T27_1545_039:0204c07_2	對謂現矚。	039	對 謂 現 矚  
ZH_T27_1545_039:0204c07_11	此念令心現矚定境。	039	此 念 令 心 現 矚 定 境  
ZH_T27_1545_039:0204c08_2	無倒明了名對面念。	039	無 倒 明 了 名 對 面 念  
ZH_T27_1545_039:0204c08_9	復次面謂煩惱。	039	復 次 面 謂 煩 惱  
ZH_T27_1545_039:0204c08_14	對謂對治。	039	對 謂 對 治  
ZH_T27_1545_039:0204c09_11	此念對治能為生死上首煩惱名對面念。	039	此 念 對 治 能 為 生 死 上 首 煩 惱 名 對 面 念  
ZH_T27_1545_039:0204c10_1	復次面謂自面。	039	復 次 面 謂 自 面  
ZH_T27_1545_039:0204c10_14	對謂對矚此念令心對矚自面。	039	對 謂 對 矚 此 念 令 心 對 矚 自 面  
ZH_T27_1545_039:0204c11_5	而觀餘境名對面念。	039	而 觀 餘 境 名 對 面 念  
ZH_T27_1545_039:0204c11_15	問何故繫念在自面耶。	039	問 何 故 繫 念 在 自 面 耶  
ZH_T27_1545_039:0204c12_7	答無始時來男為女色。	039	答 無始時來 男 為 女 色  
ZH_T27_1545_039:0204c12_12	女為男色。	039	女 為 男 色  
ZH_T27_1545_039:0204c13_7	多分依面故觀自面伏諸煩惱。	039	多 分 依 面 故 觀 自 面 伏 諸 煩 惱  
ZH_T27_1545_039:0204c14_14	復次有情貪心多依面上眉眼脣齒耳鼻等生非餘身支故。	039	復 次 有 情 貪 心 多 依 面 上 眉 眼 脣 齒 耳 鼻 等 生 非 餘 身 支 故  
ZH_T27_1545_039:0204c15_5	觀自面伏除貪欲。	039	觀 自 面 伏 除 貪 欲  
ZH_T27_1545_039:0204c15_16	復次面有七孔不淨常流。	039	復 次 面 有 七 孔 不 淨 常 流  
ZH_T27_1545_039:0204c16_7	生厭離心過餘身分。	039	生 厭 離 心 過 餘 身 分  
ZH_T27_1545_039:0204c16_16	故觀自面而修厭捨。	039	故 觀 自 面 而 修 厭 捨  
ZH_T27_1545_039:0204c18_1	復次自面見希不多起愛故彼繫念在面非餘。	039	復 次 自 面 見 希 不 多 起 愛 故 彼 繫 念 在 面 非 餘  
ZH_T27_1545_039:0204c18_10	若不照時自不見故。	039	若 不 照 時 自 不 見 故  
ZH_T27_1545_039:0204c19_7	復次修觀行者多樂觀察十二處相。	039	復 次 修 觀 行 者 多 樂 觀 察 十 二 處 相  
ZH_T27_1545_039:0204c19_16	面上恒有九處差別。	039	面 上 恒 有 九 處 差 別  
ZH_T27_1545_039:0204c20_2	是故觀之。	039	是 故 觀 之  
ZH_T27_1545_039:0204c21_2	有亦說為住背面念對背二義俱理無違。	039	有 亦 說 為 住 背 面 念 對 背 二 義 俱 理 無 違  
ZH_T27_1545_039:0204c21_7	所以者何。	039	所以者何  
ZH_T27_1545_039:0204c21_16	由此念力棄背雜染。	039	由 此 念 力 棄 背 雜 染  
ZH_T27_1545_039:0204c22_3	對向清淨故。	039	對 向 清 淨 故  
ZH_T27_1545_039:0204c22_8	棄背生死。	039	棄 背 生 死  
ZH_T27_1545_039:0204c22_14	對向涅槃故。	039	對 向 涅 槃 故  
ZH_T27_1545_039:0204c23_1	棄背流轉。	039	棄 背 流 轉  
ZH_T27_1545_039:0204c23_7	對向還滅故。	039	對 向 還 滅 故  
ZH_T27_1545_039:0204c23_12	棄背五欲。	039	棄 背 五 欲  
ZH_T27_1545_039:0204c23_18	對向定境故。	039	對 向 定 境 故  
ZH_T27_1545_039:0204c24_6	棄背薩迦耶見。	039	棄 背 薩迦耶見  
ZH_T27_1545_039:0204c24_14	對向空解脫門故。	039	對 向 空解脫門 故  
ZH_T27_1545_039:0204c25_1	棄背我執。	039	棄 背 我 執  
ZH_T27_1545_039:0204c25_7	對向無我故。	039	對 向 無 我 故  
ZH_T27_1545_039:0204c25_12	棄背邪法。	039	棄 背 邪 法  
ZH_T27_1545_039:0204c25_18	對向正法故。	039	對 向 正 法 故  
ZH_T27_1545_039:0204c26_8	由是對背俱理無違。	039	由 是 對 背 俱 理 無 違  
ZH_T27_1545_039:0204c26_14	安住此念者。	039	安 住 此 念 者  
ZH_T27_1545_039:0204c27_2	名住對面念。	039	名 住 對 面 念  
ZH_T27_1545_039:0204c28_100	說一切有部發智大毘婆沙論卷第三十九	039	說 一 切 有 部 發 智 大 毘 婆 沙 論 卷 第 三 十 九 
