segmentnr	original	folio	stemmed
ZH_T02_0099_005:0029c03_0	雜阿含經卷第五	005	雜 阿 含 經 卷 第 五 
ZH_T02_0099_005:0029c05_0	宋天竺三藏求那跋陀羅譯	005	宋 天 竺 三 藏 求 那 跋 陀 羅 譯 
ZH_T02_0099_005:0029c06_0	五103（一〇三）如是我聞：一時，有眾多上座比丘	005	五 1 0 3  一 〇 三  如是我聞  一 時  有 眾 多 上 座 比 丘 
ZH_T02_0099_005:0029c07_9	住拘舍彌國瞿師羅園。	005	住 拘 舍 彌 國 瞿 師 羅 園  
ZH_T02_0099_005:0029c08_14	時，有差摩比丘住拘舍彌國跋陀梨園，身得重病。	005	時  有 差 摩 比 丘 住 拘 舍 彌 國 跋 陀 梨 園  身 得 重 病  
ZH_T02_0099_005:0029c09_7	時，有陀娑比丘為瞻病者。	005	時  有 陀 娑 比 丘 為 瞻 病 者  
ZH_T02_0099_005:0029c10_15	時，陀娑比丘詣諸上座比丘，禮諸上座比丘足，於一面住。	005	時  陀 娑 比 丘 詣 諸 上 座 比 丘  禮 諸 上 座 比 丘 足  於 一 面 住  
ZH_T02_0099_005:0029c11_9	諸上座比丘告陀娑比丘言：	005	諸 上 座 比 丘 告 陀 娑 比 丘 言  
ZH_T02_0099_005:0029c12_4	「汝往詣差摩比丘所，語言：	005	 汝 往 詣 差 摩 比 丘 所  語 言  
ZH_T02_0099_005:0029c13_4	『諸上座問汝，身小差安隱，苦患不增劇耶？	005	 諸 上 座 問 汝  身 小 差 安 隱  苦 患 不 增 劇 耶  
ZH_T02_0099_005:0029c14_13	』」時，陀娑比丘受諸上座比丘教，至差摩比丘所，語差摩比丘言：	005	  時  陀 娑 比 丘 受 諸 上 座 比 丘 教  至 差 摩 比 丘 所  語 差 摩 比 丘 言  
ZH_T02_0099_005:0029c15_10	「諸上座比丘問訊汝，苦患漸差不？	005	 諸 上 座 比 丘 問 訊 汝  苦 患 漸 差 不  
ZH_T02_0099_005:0029c15_17	眾苦不至增耶？	005	眾 苦 不 至 增 耶  
ZH_T02_0099_005:0029c16_9	」差摩比丘語陀娑比丘言：	005	 差 摩 比 丘 語 陀 娑 比 丘 言  
ZH_T02_0099_005:0029c17_9	「我病不差，不安隱身，諸苦轉增無救。	005	 我 病 不 差  不 安 隱 身  諸 苦 轉 增 無 救  
ZH_T02_0099_005:0029c19_6	譬如多力士夫，取羸劣人，以繩繼頭，兩手急絞，極大苦痛，我今苦痛有過於彼。	005	譬 如 多 力 士 夫  取 羸 劣 人  以 繩 繼 頭  兩 手 急 絞  極 大 苦 痛  我 今 苦 痛 有 過 於 彼  
ZH_T02_0099_005:0029c20_15	譬如屠牛，以利刀生割其腹，取其內藏，其牛腹痛當何可堪！	005	譬 如 屠 牛  以 利 刀 生 割 其 腹  取 其 內 藏  其 牛 腹 痛 當 何 可 堪  
ZH_T02_0099_005:0029c21_5	我今腹痛甚於彼牛。	005	我 今 腹 痛 甚 於 彼 牛  
ZH_T02_0099_005:0029c22_15	如二力士捉一劣夫，懸著火上，燒其兩足，我今兩足熱過於彼。	005	如 二 力 士 捉 一 劣 夫  懸 著 火 上  燒 其 兩 足  我 今 兩 足 熱 過 於 彼  
ZH_T02_0099_005:0029c24_7	」時，陀娑比丘還至諸上座所，以差摩比丘所說病狀，具白諸上座。	005	 時  陀 娑 比 丘 還 至 諸 上 座 所  以 差 摩 比 丘 所 說 病 狀  具 白 諸 上 座  
ZH_T02_0099_005:0029c25_14	時，諸上座還遣陀娑比丘至差摩比丘所，語差摩比丘言：	005	時  諸 上 座 還 遣 陀 娑 比 丘 至 差 摩 比 丘 所  語 差 摩 比 丘 言  
ZH_T02_0099_005:0029c26_7	「世尊所說，有五受陰。	005	 世 尊 所 說  有 五 受 陰  
ZH_T02_0099_005:0029c26_12	何等為五？	005	何 等 為 五  
ZH_T02_0099_005:0029c28_4	色受陰，受、想、行、識受陰，汝差摩能少觀察此五受陰非我、非我所耶？	005	色 受 陰  受  想  行  識 受 陰  汝 差 摩 能 少 觀 察 此 五 受 陰 非 我  非 我 所 耶  
ZH_T02_0099_005:0029c29_9	」時，陀娑比丘受諸上座比丘教已，往語差摩比丘言：	005	 時  陀 娑 比 丘 受 諸 上 座 比 丘 教 已  往 語 差 摩 比 丘 言  
ZH_T02_0099_005:0030a01_17	「諸上座語汝，世尊說五受陰，汝少能觀察非我、非我所耶？	005	 諸 上 座 語 汝  世 尊 說 五 受 陰  汝 少 能 觀 察 非 我  非 我 所 耶  
ZH_T02_0099_005:0030a02_7	」差摩比丘語陀娑言：	005	 差 摩 比 丘 語 陀 娑 言  
ZH_T02_0099_005:0030a03_7	「我於彼五受陰能觀察非我、非我所。	005	 我 於 彼 五 受 陰 能 觀 察 非 我  非 我 所  
ZH_T02_0099_005:0030a03_18	」陀娑比丘還白諸上座：	005	 陀 娑 比 丘 還 白 諸 上 座  
ZH_T02_0099_005:0030a04_4	「差摩比丘言：	005	 差 摩 比 丘 言  
ZH_T02_0099_005:0030a05_1	『我於五受陰能觀察非我、非我所。	005	 我 於 五 受 陰 能 觀 察 非 我  非 我 所  
ZH_T02_0099_005:0030a06_3	』」諸上座比丘復遣陀娑比丘語差摩比丘言：	005	  諸 上 座 比 丘 復 遣 陀 娑 比 丘 語 差 摩 比 丘 言  
ZH_T02_0099_005:0030a07_9	「汝能於五受陰觀察非我、非我所，如漏盡阿羅漢耶？	005	 汝 能 於 五 受 陰 觀 察 非 我  非 我 所  如 漏 盡 阿 羅 漢 耶  
ZH_T02_0099_005:0030a08_17	」時，陀娑比丘受諸上座比丘教，往詣差摩比丘所，語差摩言：	005	 時  陀 娑 比 丘 受 諸 上 座 比 丘 教  往 詣 差 摩 比 丘 所  語 差 摩 言  
ZH_T02_0099_005:0030a09_17	「比丘能如是觀五受陰者，如漏盡阿羅漢耶？	005	 比 丘 能 如 是 觀 五 受 陰 者  如 漏 盡 阿 羅 漢 耶  
ZH_T02_0099_005:0030a10_10	」差摩比丘語陀娑比丘言：	005	 差 摩 比 丘 語 陀 娑 比 丘 言  
ZH_T02_0099_005:0030a11_13	「我觀五受陰非我、非我所，非漏盡阿羅漢也。	005	 我 觀 五 受 陰 非 我  非 我 所  非 漏 盡 阿 羅 漢 也  
ZH_T02_0099_005:0030a12_11	」時，陀娑比丘還至諸上座所，白諸上座：	005	 時  陀 娑 比 丘 還 至 諸 上 座 所  白 諸 上 座  
ZH_T02_0099_005:0030a12_18	「差摩比丘言：	005	 差 摩 比 丘 言  
ZH_T02_0099_005:0030a14_2	『我觀五受陰非我、非我所，而非漏盡阿羅漢也。	005	 我 觀 五 受 陰 非 我  非 我 所  而 非 漏 盡 阿 羅 漢 也  
ZH_T02_0099_005:0030a14_15	』」時，諸上座語陀娑比丘：	005	  時  諸 上 座 語 陀 娑 比 丘  
ZH_T02_0099_005:0030a15_4	「汝復還語差摩比丘：	005	 汝 復 還 語 差 摩 比 丘  
ZH_T02_0099_005:0030a15_8	『汝言：	005	 汝 言  
ZH_T02_0099_005:0030a16_7	「我觀五受陰非我、非我所，而非漏盡阿羅漢。	005	 我 觀 五 受 陰 非 我  非 我 所  而 非 漏 盡 阿 羅 漢  
ZH_T02_0099_005:0030a16_13	」前後相違。	005	 前 後 相 違  
ZH_T02_0099_005:0030a17_14	』」陀娑比丘受諸上座比丘教，往語差摩比丘：	005	  陀 娑 比 丘 受 諸 上 座 比 丘 教  往 語 差 摩 比 丘  
ZH_T02_0099_005:0030a17_18	「汝言：	005	 汝 言  
ZH_T02_0099_005:0030a18_18	『我觀五受陰非我、非我所，而非漏盡阿羅漢。	005	 我 觀 五 受 陰 非 我  非 我 所  而 非 漏 盡 阿 羅 漢  
ZH_T02_0099_005:0030a19_4	』前後相違。	005	 前 後 相 違  
ZH_T02_0099_005:0030a19_16	」差摩比丘語陀娑比丘言：	005	 差 摩 比 丘 語 陀 娑 比 丘 言  
ZH_T02_0099_005:0030a22_1	「我於五受陰觀察非我、非我所，而非阿羅漢者，我於我慢、我欲、我使，未斷、未知、未離、未吐。	005	 我 於 五 受 陰 觀 察 非 我  非 我 所  而 非 阿 羅 漢 者  我 於 我 慢  我 欲  我 使  未 斷  未 知  未 離  未 吐  
ZH_T02_0099_005:0030a22_18	」陀娑比丘還至諸上座所，白諸上座：	005	 陀 娑 比 丘 還 至 諸 上 座 所  白 諸 上 座  
ZH_T02_0099_005:0030a23_6	「差摩比丘言：	005	 差 摩 比 丘 言  
ZH_T02_0099_005:0030a25_17	『我於五受陰觀察非我、非我所，而非漏盡阿羅漢者，於五受陰我慢、我欲、我使，未斷、未知、未離、未吐。	005	 我 於 五 受 陰 觀 察 非 我  非 我 所  而 非 漏 盡 阿 羅 漢 者  於 五 受 陰 我 慢  我 欲  我 使  未 斷  未 知  未 離  未 吐  
ZH_T02_0099_005:0030a26_10	』」諸上座復遣陀娑比丘語差摩比丘言：	005	  諸 上 座 復 遣 陀 娑 比 丘 語 差 摩 比 丘 言  
ZH_T02_0099_005:0030a27_4	「汝言有我，於何所有我？	005	 汝 言 有 我  於 何 所 有 我  
ZH_T02_0099_005:0030a27_9	為色是我？	005	為 色 是 我  
ZH_T02_0099_005:0030a27_14	為我異色？	005	為 我 異 色  
ZH_T02_0099_005:0030a28_3	受、想、行、識是我？	005	受  想  行  識 是 我  
ZH_T02_0099_005:0030a28_9	為我異識耶？	005	為 我 異 識 耶  
ZH_T02_0099_005:0030a29_2	」差摩比丘語陀娑比丘言：	005	 差 摩 比 丘 語 陀 娑 比 丘 言  
ZH_T02_0099_005:0030a29_14	「我不言色是我，我異色；	005	 我 不 言 色 是 我  我 異 色  
ZH_T02_0099_005:0030b01_6	受、想、行、識是我，我異識。	005	受  想  行  識 是 我  我 異 識  
ZH_T02_0099_005:0030b02_11	然於五受陰我慢、我欲、我使，未斷、未知、未離、未吐。	005	然 於 五 受 陰 我 慢  我 欲  我 使  未 斷  未 知  未 離  未 吐  
ZH_T02_0099_005:0030b03_2	」差摩比丘語陀娑比丘言：	005	 差 摩 比 丘 語 陀 娑 比 丘 言  
ZH_T02_0099_005:0030b03_12	「何煩令汝駈駈往反？	005	 何 煩 令 汝 駈 駈 往 反  
ZH_T02_0099_005:0030b04_13	汝取杖來，我自扶杖，詣彼上座，願授以杖。	005	汝 取 杖 來  我 自 扶 杖  詣 彼 上 座  願 授 以 杖  
ZH_T02_0099_005:0030b05_9	」差摩比丘即自扶杖，詣諸上座。	005	 差 摩 比 丘 即 自 扶 杖  詣 諸 上 座  
ZH_T02_0099_005:0030b08_2	時，諸上座遙見差摩比丘扶杖而來，自為敷座，安停脚机，自往迎接，為持衣鉢，命令就座，共相慰勞。	005	時  諸 上 座 遙 見 差 摩 比 丘 扶 杖 而 來  自 為 敷 座  安 停 脚 机  自 往 迎 接  為 持 衣 鉢  命 令 就 座  共 相 慰 勞  
ZH_T02_0099_005:0030b08_13	慰勞已，語差摩比丘言：	005	慰 勞 已  語 差 摩 比 丘 言  
ZH_T02_0099_005:0030b09_3	「汝言我慢，何所見我？	005	 汝 言 我 慢  何 所 見 我  
ZH_T02_0099_005:0030b09_8	色是我耶？	005	色 是 我 耶  
ZH_T02_0099_005:0030b09_13	我異色耶？	005	我 異 色 耶  
ZH_T02_0099_005:0030b10_2	受、想、行、識是我耶？	005	受  想  行  識 是 我 耶  
ZH_T02_0099_005:0030b10_7	我異識耶？	005	我 異 識 耶  
ZH_T02_0099_005:0030b10_15	」差摩比丘白言：	005	 差 摩 比 丘 白 言  
ZH_T02_0099_005:0030b11_4	「非色是我，非我異色；	005	 非 色 是 我  非 我 異 色  
ZH_T02_0099_005:0030b11_20	非受、想、行、識是我，非我異識。	005	非 受  想  行  識 是 我  非 我 異 識  
ZH_T02_0099_005:0030b13_2	能於五受陰我慢、我欲、我使，未斷、未知、未離、未吐。	005	能 於 五 受 陰 我 慢  我 欲  我 使  未 斷  未 知  未 離  未 吐  
ZH_T02_0099_005:0030b14_9	譬如優鉢羅、鉢曇摩、拘牟頭、分陀利華香，為即根香耶？	005	譬 如 優 鉢 羅  鉢 曇 摩  拘 牟 頭  分 陀 利 華 香  為 即 根 香 耶  
ZH_T02_0099_005:0030b14_15	為香異根耶？	005	為 香 異 根 耶  
ZH_T02_0099_005:0030b15_6	為莖葉鬚精麤香耶？	005	為 莖 葉 鬚 精 麤 香 耶  
ZH_T02_0099_005:0030b15_13	為香異精麤耶？	005	為 香 異 精 麤 耶  
ZH_T02_0099_005:0030b16_1	為等說不？	005	為 等 說 不  
ZH_T02_0099_005:0030b16_8	」諸上座答言：	005	 諸 上 座 答 言  
ZH_T02_0099_005:0030b16_17	「不也，差摩比丘！	005	 不 也  差 摩 比 丘  
ZH_T02_0099_005:0030b19_3	非優鉢羅、鉢曇摩、拘牟頭、分陀利根即是香、非香異根，亦非莖葉鬚精麤是香，亦非香異精麤也。	005	非 優 鉢 羅  鉢 曇 摩  拘 牟 頭  分 陀 利 根 即 是 香  非 香 異 根  亦 非 莖 葉 鬚 精 麤 是 香  亦 非 香 異 精 麤 也  
ZH_T02_0099_005:0030b19_11	」差摩比丘復問：	005	 差 摩 比 丘 復 問  
ZH_T02_0099_005:0030b19_17	「彼何等香？	005	 彼 何 等 香  
ZH_T02_0099_005:0030b20_1	」上座答言：	005	 上 座 答 言  
ZH_T02_0099_005:0030b20_6	「是華香。	005	 是 華 香  
ZH_T02_0099_005:0030b20_14	」差摩比丘復言：	005	 差 摩 比 丘 復 言  
ZH_T02_0099_005:0030b20_20	「我亦如是。	005	 我 亦 如 是  
ZH_T02_0099_005:0030b21_8	非色即我，我不離色；	005	非 色 即 我  我 不 離 色  
ZH_T02_0099_005:0030b22_3	非受、想、行識即我，我不離識。	005	非 受  想  行 識 即 我  我 不 離 識  
ZH_T02_0099_005:0030b23_22	然我於五受陰見非我、非我所，而於我慢、我欲、我使，未斷、未知、未離、未吐。	005	然 我 於 五 受 陰 見 非 我  非 我 所  而 於 我 慢  我 欲  我 使  未 斷  未 知  未 離  未 吐  
ZH_T02_0099_005:0030b24_16	諸上座聽我說譬，凡智者，因譬類得解。	005	諸 上 座 聽 我 說 譬  凡 智 者  因 譬 類 得 解  
ZH_T02_0099_005:0030b26_18	譬如乳母衣，付浣衣者，以種種灰湯，浣濯塵垢，猶有餘氣，要以種種雜香，薰令消滅。	005	譬 如 乳 母 衣  付 浣 衣 者  以 種 種 灰 湯  浣 濯 塵 垢  猶 有 餘 氣  要 以 種 種 雜 香  薰 令 消 滅  
ZH_T02_0099_005:0030c02_9	如是，多聞聖弟子離於五受陰，正觀非我、非我所，能於五受陰我慢、我欲、我使，未斷、未知、未離、未吐，然後於五受陰增進思惟，觀察生滅，此色、此色集、此色滅，此受、想、行、識，此識集、此識滅。	005	如 是  多聞聖弟子 離 於 五 受 陰  正 觀 非 我  非 我 所  能 於 五 受 陰 我 慢  我 欲  我 使  未 斷  未 知  未 離  未 吐  然 後 於 五 受 陰 增 進 思 惟  觀 察 生 滅  此 色  此 色 集  此 色 滅  此 受  想  行  識  此 識 集  此 識 滅  
ZH_T02_0099_005:0030c04_3	於五受陰如是觀生滅已，我慢、我欲、我使，一切悉除，是名真實正觀。	005	於 五 受 陰 如 是 觀 生 滅 已  我 慢  我 欲  我 使  一 切 悉 除  是 名 真 實 正 觀  
ZH_T02_0099_005:0030c05_8	」差摩比丘說此法時，彼諸上座遠塵離垢，得法眼淨。	005	 差 摩 比 丘 說 此 法 時  彼 諸 上 座 遠塵離垢  得法眼淨  
ZH_T02_0099_005:0030c06_13	差摩比丘不起諸漏，心得解脫，法喜利故，身病悉除。	005	差 摩 比 丘 不 起 諸 漏  心得解脫  法 喜 利 故  身 病 悉 除  
ZH_T02_0099_005:0030c07_7	時，諸上座比丘語差摩比丘言：	005	時  諸 上 座 比 丘 語 差 摩 比 丘 言  
ZH_T02_0099_005:0030c08_7	「我聞仁者初所說，已解已樂，況復重聞！	005	 我 聞 仁 者 初 所 說  已 解 已 樂  況 復 重 聞  
ZH_T02_0099_005:0030c10_4	所以問者，欲發仁者微妙辯才，非為嬈亂汝，便堪能廣說如來、應、等正覺法。	005	所 以 問 者  欲 發 仁 者 微 妙 辯 才  非 為 嬈 亂 汝  便 堪 能 廣 說 如 來  應  等 正 覺 法  
ZH_T02_0099_005:0030c11_2	」時，諸上座聞差摩比丘所說，歡喜奉行。	005	 時  諸 上 座 聞 差 摩 比 丘 所 說  歡 喜 奉 行  
ZH_T02_0099_005:0030c12_12	104（一〇四）如是我聞：	005	1 0 4  一 〇 四  如是我聞  
ZH_T02_0099_005:0030c13_3	一時，佛住舍衛國祇樹給孤獨園。	005	一 時  佛 住 舍 衛 國 祇 樹 給 孤 獨 園  
ZH_T02_0099_005:0030c14_6	爾時，有比丘名焰摩迦，起惡邪見，作如是言：	005	爾 時  有 比 丘 名 焰 摩 迦  起 惡 邪 見  作如是言  
ZH_T02_0099_005:0030c15_9	「如我解佛所說法，漏盡阿羅漢身壞命終更無所有。	005	 如 我 解 佛 所 說 法  漏 盡 阿 羅 漢 身 壞 命 終 更 無 所 有  
ZH_T02_0099_005:0030c16_16	」時，有眾多比丘聞彼所說，往詣其所，語焰摩迦比丘言：	005	 時  有 眾 多 比 丘 聞 彼 所 說  往 詣 其 所  語 焰 摩 迦 比 丘 言  
ZH_T02_0099_005:0030c17_3	「汝實作是說：	005	 汝 實 作 是 說  
ZH_T02_0099_005:0030c18_9	『如我解佛所說法，漏盡阿羅漢身壞命終更無所有』耶？	005	 如 我 解 佛 所 說 法  漏 盡 阿 羅 漢 身 壞 命 終 更 無 所 有  耶  
ZH_T02_0099_005:0030c18_13	」答言：	005	 答 言  
ZH_T02_0099_005:0030c18_17	「實爾。	005	 實 爾  
ZH_T02_0099_005:0030c18_20	諸尊！	005	諸 尊  
ZH_T02_0099_005:0030c19_6	」時，諸比丘語焰摩迦：	005	 時  諸 比 丘 語 焰 摩 迦  
ZH_T02_0099_005:0030c19_12	「勿謗世尊！	005	 勿 謗 世 尊  
ZH_T02_0099_005:0030c20_17	謗世尊者不善，世尊不作是說，汝當盡捨此惡邪見。	005	謗 世 尊 者 不 善  世 尊 不 作 是 說  汝 當 盡 捨 此 惡 邪 見  
ZH_T02_0099_005:0030c22_6	」諸比丘說此語時，焰摩迦比丘猶執惡邪見，作如是言：	005	 諸 比 丘 說 此 語 時  焰 摩 迦 比 丘 猶 執 惡 邪 見  作如是言  
ZH_T02_0099_005:0030c22_10	「諸尊！	005	 諸 尊  
ZH_T02_0099_005:0030c22_20	唯此真實，異則虛妄。	005	唯 此 真 實  異 則 虛 妄  
ZH_T02_0099_005:0030c23_4	」如是三說。	005	 如是三說  
ZH_T02_0099_005:0030c25_4	時，諸比丘不能調伏焰摩迦比丘，即便捨去，往詣尊者舍利弗所，語尊者舍利弗言：	005	時  諸 比 丘 不 能 調 伏 焰 摩 迦 比 丘  即 便 捨 去  往 詣 尊 者 舍 利 弗 所  語 尊 者 舍 利 弗 言  
ZH_T02_0099_005:0030c25_8	「尊者！	005	 尊 者  
ZH_T02_0099_005:0030c26_5	當知彼焰摩迦比丘起如是惡邪見言：	005	當 知 彼 焰 摩 迦 比 丘 起 如 是 惡 邪 見 言  
ZH_T02_0099_005:0030c27_9	『我解知佛所說法，漏盡阿羅漢身壞命終更無所有。	005	 我 解 知 佛 所 說 法  漏 盡 阿 羅 漢 身 壞 命 終 更 無 所 有  
ZH_T02_0099_005:0030c28_10	』我等聞彼所說已，故往問焰摩迦比丘：	005	 我 等 聞 彼 所 說 已  故 往 問 焰 摩 迦 比 丘  
ZH_T02_0099_005:0030c29_2	『汝實作如是知見耶？	005	 汝 實 作 如 是 知 見 耶  
ZH_T02_0099_005:0030c29_8	』彼答我言：	005	 彼 答 我 言  
ZH_T02_0099_005:0030c29_12	『諸尊！	005	 諸 尊  
ZH_T02_0099_005:0030c29_20	實爾，異則愚說。	005	實 爾  異 則 愚 說  
ZH_T02_0099_005:0031a01_3	』我即語言：	005	 我 即 語 言  
ZH_T02_0099_005:0031a01_10	『汝勿謗世尊！	005	 汝 勿 謗 世 尊  
ZH_T02_0099_005:0031a02_5	世尊不作此語，汝當捨此惡邪見。	005	世 尊 不 作 此 語  汝 當 捨 此 惡 邪 見  
ZH_T02_0099_005:0031a04_11	』再三諫彼，猶不捨惡邪見，是故我今詣尊者所，唯願尊者，當令焰摩迦比丘息惡邪見，憐愍彼故！	005	 再 三 諫 彼  猶 不 捨 惡 邪 見  是 故 我 今 詣 尊 者 所  唯 願 尊 者  當 令 焰 摩 迦 比 丘 息 惡 邪 見  憐 愍 彼 故  
ZH_T02_0099_005:0031a04_17	」舍利弗言：	005	 舍 利 弗 言  
ZH_T02_0099_005:0031a05_10	「如是，我當令彼息惡邪見。	005	 如 是  我 當 令 彼 息 惡 邪 見  
ZH_T02_0099_005:0031a06_13	」時，眾多比丘聞舍利弗語，歡喜隨喜，而還本處。	005	 時  眾 多 比 丘 聞 舍 利 弗 語  歡 喜 隨 喜  而 還 本 處  
ZH_T02_0099_005:0031a08_3	爾時，尊者舍利弗晨朝著衣持鉢，入舍衛城乞食。	005	爾 時  尊 者 舍 利 弗 晨 朝 著衣持鉢  入 舍 衛 城 乞 食  
ZH_T02_0099_005:0031a09_7	食已，出城，還精舍舉衣鉢已，往詣焰摩迦比丘所。	005	食 已  出 城  還 精 舍 舉 衣 鉢 已  往 詣 焰 摩 迦 比 丘 所  
ZH_T02_0099_005:0031a11_9	時，焰摩迦比丘遙見尊者舍利弗來，即為敷座洗足，安停脚机奉迎，為執衣鉢，請令就座。	005	時  焰 摩 迦 比 丘 遙 見 尊 者 舍 利 弗 來  即 為 敷 座 洗 足  安 停 脚 机 奉 迎  為 執 衣 鉢  請 令 就 座  
ZH_T02_0099_005:0031a12_10	尊者舍利弗就座、洗足已，語焰摩迦比丘：	005	尊 者 舍 利 弗 就 座  洗 足 已  語 焰 摩 迦 比 丘  
ZH_T02_0099_005:0031a12_18	「汝實作如是語：	005	 汝 實 作如是語  
ZH_T02_0099_005:0031a14_6	『我解知世尊所說法，漏盡阿羅漢身壞命終無所有』耶？	005	 我 解 知 世 尊 所 說 法  漏 盡 阿 羅 漢 身 壞 命 終 無 所 有  耶  
ZH_T02_0099_005:0031a14_18	」焰摩迦比丘白舍利弗言：	005	 焰 摩 迦 比 丘 白 舍 利 弗 言  
ZH_T02_0099_005:0031a15_9	「實爾，尊者舍利弗！	005	 實 爾  尊 者 舍 利 弗  
ZH_T02_0099_005:0031a15_15	」舍利弗言：	005	 舍 利 弗 言  
ZH_T02_0099_005:0031a16_3	「我今問汝，隨意答我。	005	 我 今 問 汝  隨 意 答 我  
ZH_T02_0099_005:0031a16_10	云何，焰摩迦！	005	云 何  焰 摩 迦  
ZH_T02_0099_005:0031a16_15	色為常耶？	005	色 為 常 耶  
ZH_T02_0099_005:0031a17_1	為非常耶？	005	為 非 常 耶  
ZH_T02_0099_005:0031a17_5	」答言：	005	 答 言  
ZH_T02_0099_005:0031a17_12	「尊者舍利弗！	005	 尊 者 舍 利 弗  
ZH_T02_0099_005:0031a17_15	無常。	005	無 常  
ZH_T02_0099_005:0031a17_19	」復問：	005	 復 問  
ZH_T02_0099_005:0031a18_5	「若無常者，是苦不？	005	 若 無 常 者  是 苦 不  
ZH_T02_0099_005:0031a18_9	」答言：	005	 答 言  
ZH_T02_0099_005:0031a18_13	「是苦。	005	 是 苦  
ZH_T02_0099_005:0031a18_17	」復問：	005	 復 問  
ZH_T02_0099_005:0031a20_3	「若無常、苦，是變易法，多聞聖弟子寧於中見我、異我、相在不？	005	 若 無 常  苦  是 變 易 法  多聞聖弟子 寧 於 中 見 我  異 我  相 在 不  
ZH_T02_0099_005:0031a20_7	」答言：	005	 答 言  
ZH_T02_0099_005:0031a20_17	「不也，尊者舍利弗！	005	 不 也  尊 者 舍 利 弗  
ZH_T02_0099_005:0031a21_4	」「受、想、行、識亦復如是。	005	  受  想  行  識 亦復如是  
ZH_T02_0099_005:0031a21_8	」復問：	005	 復 問  
ZH_T02_0099_005:0031a21_16	「云何，焰摩迦！	005	 云 何  焰 摩 迦  
ZH_T02_0099_005:0031a22_1	色是如來耶？	005	色 是 如 來 耶  
ZH_T02_0099_005:0031a22_5	」答言：	005	 答 言  
ZH_T02_0099_005:0031a22_15	「不也，尊者舍利弗！	005	 不 也  尊 者 舍 利 弗  
ZH_T02_0099_005:0031a23_2	」「受、想、行、識是如來耶？	005	  受  想  行  識 是 如 來 耶  
ZH_T02_0099_005:0031a23_6	」答言：	005	 答 言  
ZH_T02_0099_005:0031a23_16	「不也，尊者舍利弗！	005	 不 也  尊 者 舍 利 弗  
ZH_T02_0099_005:0031a23_20	」復問：	005	 復 問  
ZH_T02_0099_005:0031a24_2	「云何，焰摩迦！	005	 云 何  焰 摩 迦  
ZH_T02_0099_005:0031a24_9	異色有如來耶？	005	異 色 有 如 來 耶  
ZH_T02_0099_005:0031a25_2	異受、想、行、識有如來耶？	005	異 受  想  行  識 有 如 來 耶  
ZH_T02_0099_005:0031a25_6	」答言：	005	 答 言  
ZH_T02_0099_005:0031a25_16	「不也，尊者舍利弗！	005	 不 也  尊 者 舍 利 弗  
ZH_T02_0099_005:0031a25_20	」復問：	005	 復 問  
ZH_T02_0099_005:0031a26_3	「色中有如來耶？	005	 色 中 有 如 來 耶  
ZH_T02_0099_005:0031a26_16	受、想、行、識中有如來耶？	005	受  想  行  識 中 有 如 來 耶  
ZH_T02_0099_005:0031a26_20	」答言：	005	 答 言  
ZH_T02_0099_005:0031a27_5	「不也，尊者舍利弗！	005	 不 也  尊 者 舍 利 弗  
ZH_T02_0099_005:0031a27_9	」復問：	005	 復 問  
ZH_T02_0099_005:0031a27_17	「如來中有色耶？	005	 如 來 中 有 色 耶  
ZH_T02_0099_005:0031a28_9	如來中有受、想、行、識耶？	005	如 來 中 有 受  想  行  識 耶  
ZH_T02_0099_005:0031a28_13	」答言：	005	 答 言  
ZH_T02_0099_005:0031a28_23	「不也，尊者舍利弗！	005	 不 也  尊 者 舍 利 弗  
ZH_T02_0099_005:0031a29_2	」復問：	005	 復 問  
ZH_T02_0099_005:0031a29_18	「非色、受、想、行、識有如來耶？	005	 非 色  受  想  行  識 有 如 來 耶  
ZH_T02_0099_005:0031a29_22	」答言：	005	 答 言  
ZH_T02_0099_005:0031b01_7	「不也，尊者舍利弗！	005	 不 也  尊 者 舍 利 弗  
ZH_T02_0099_005:0031b01_16	」「如是，焰摩迦！	005	  如 是  焰 摩 迦  
ZH_T02_0099_005:0031b02_18	如來見法真實、如住，無所得、無所施設，汝云何言：	005	如 來 見 法 真 實  如 住  無 所 得  無 所 施 設  汝 云 何 言  
ZH_T02_0099_005:0031b04_2	『我解知世尊所說，漏盡阿羅漢身壞命終無所有。	005	 我 解 知 世 尊 所 說  漏 盡 阿 羅 漢 身 壞 命 終 無 所 有  
ZH_T02_0099_005:0031b04_8	』為時說耶？	005	 為 時 說 耶  
ZH_T02_0099_005:0031b04_12	」答言：	005	 答 言  
ZH_T02_0099_005:0031b04_22	「不也，尊者舍利弗！	005	 不 也  尊 者 舍 利 弗  
ZH_T02_0099_005:0031b05_2	」復問：	005	 復 問  
ZH_T02_0099_005:0031b05_7	「焰摩迦！	005	 焰 摩 迦  
ZH_T02_0099_005:0031b05_10	先言：	005	先 言  
ZH_T02_0099_005:0031b06_10	『我解知世尊所說，漏盡阿羅漢身壞命終無所有。	005	 我 解 知 世 尊 所 說  漏 盡 阿 羅 漢 身 壞 命 終 無 所 有  
ZH_T02_0099_005:0031b07_1	』云何今復言非耶？	005	 云 何 今 復 言 非 耶  
ZH_T02_0099_005:0031b07_9	」焰摩迦比丘言：	005	 焰 摩 迦 比 丘 言  
ZH_T02_0099_005:0031b07_16	「尊者舍利弗！	005	 尊 者 舍 利 弗  
ZH_T02_0099_005:0031b09_13	我先不解、無明故，作如是惡邪見說，聞尊者舍利弗說已，不解、無明，一切悉斷。	005	我 先 不 解  無 明 故  作 如 是 惡 邪 見 說  聞 尊 者 舍 利 弗 說 已  不 解  無 明  一 切 悉 斷  
ZH_T02_0099_005:0031b09_17	」復問：	005	 復 問  
ZH_T02_0099_005:0031b09_22	「焰摩迦！	005	 焰 摩 迦  
ZH_T02_0099_005:0031b10_2	若復問：	005	若 復 問  
ZH_T02_0099_005:0031b10_6	『比丘！	005	 比 丘  
ZH_T02_0099_005:0031b11_6	如先惡邪見所說，今何所知見一切悉得遠離？	005	如 先 惡 邪 見 所 說  今 何 所 知 見 一 切 悉 得 遠 離  
ZH_T02_0099_005:0031b11_13	』汝當云何答？	005	 汝 當 云 何 答  
ZH_T02_0099_005:0031b11_20	」焰摩迦答言：	005	 焰 摩 迦 答 言  
ZH_T02_0099_005:0031b12_6	「尊者舍利弗！	005	 尊 者 舍 利 弗  
ZH_T02_0099_005:0031b12_18	若有來問者，我當如是答：	005	若 有 來 問 者  我 當 如 是 答  
ZH_T02_0099_005:0031b14_5	『漏盡阿羅漢色無常，無常者是苦，苦者寂靜、清涼、永沒。	005	 漏 盡 阿 羅 漢 色 無 常  無 常 者 是 苦  苦 者 寂 靜  清 涼  永 沒  
ZH_T02_0099_005:0031b14_17	受、想、行、識亦復如是。	005	受  想  行  識 亦復如是  
ZH_T02_0099_005:0031b15_4	』有來問者，作如是答。	005	 有 來 問 者  作 如 是 答  
ZH_T02_0099_005:0031b15_10	」舍利弗言：	005	 舍 利 弗 言  
ZH_T02_0099_005:0031b15_14	「善哉！	005	 善 哉  
ZH_T02_0099_005:0031b15_17	善哉！	005	善 哉  
ZH_T02_0099_005:0031b16_1	焰摩迦比丘！	005	焰 摩 迦 比 丘  
ZH_T02_0099_005:0031b16_7	汝應如是答。	005	汝 應 如 是 答  
ZH_T02_0099_005:0031b16_12	所以者何？	005	所以者何  
ZH_T02_0099_005:0031b18_2	漏盡阿羅漢色無常，無常者是苦，若無常、苦者，是生滅法。	005	漏 盡 阿 羅 漢 色 無 常  無 常 者 是 苦  若 無 常  苦 者  是 生 滅 法  
ZH_T02_0099_005:0031b18_14	受、想、行、識亦復如是。	005	受  想  行  識 亦復如是  
ZH_T02_0099_005:0031b19_18	」尊者舍利弗說是法時，焰摩迦比丘遠塵離垢，得法眼淨。	005	 尊 者 舍 利 弗 說 是 法 時  焰 摩 迦 比 丘 遠塵離垢  得法眼淨  
ZH_T02_0099_005:0031b20_11	尊者舍利弗語焰摩迦比丘：	005	尊 者 舍 利 弗 語 焰 摩 迦 比 丘  
ZH_T02_0099_005:0031b21_6	「今當說譬，夫智者以譬得解。	005	 今 當 說 譬  夫 智 者 以 譬 得 解  
ZH_T02_0099_005:0031b22_12	如長者子，長者子大富多財，廣求僕從，善守護財物。	005	如 長 者 子  長 者 子 大 富 多 財  廣 求 僕 從  善 守 護 財 物  
ZH_T02_0099_005:0031b26_11	時，有怨家惡人，詐來親附，為作僕從，常伺其便，晚眠早起，侍息左右，謹敬其事，遜其言辭，令主意悅，作親友想、子想，極信不疑，不自防護，然後手執利刀，以斷其命。	005	時  有 怨 家 惡 人  詐 來 親 附  為 作 僕 從  常 伺 其 便  晚 眠 早 起  侍 息 左 右  謹 敬 其 事  遜 其 言 辭  令 主 意 悅  作 親 友 想  子 想  極 信 不 疑  不 自 防 護  然 後 手 執 利 刀  以 斷 其 命  
ZH_T02_0099_005:0031b26_17	焰摩迦比丘！	005	焰 摩 迦 比 丘  
ZH_T02_0099_005:0031b27_3	於意云何？	005	於意云何  
ZH_T02_0099_005:0031b28_15	彼惡怨家，為長者親友，非為初始方便，害心常伺其便，至其終耶？	005	彼 惡 怨 家  為 長 者 親 友  非 為 初 始 方 便  害 心 常 伺 其 便  至 其 終 耶  
ZH_T02_0099_005:0031b29_12	而彼長者，不能覺知，至今受害。	005	而 彼 長 者  不 能 覺 知  至 今 受 害  
ZH_T02_0099_005:0031b29_16	」答言：	005	 答 言  
ZH_T02_0099_005:0031b29_20	「實爾。	005	 實 爾  
ZH_T02_0099_005:0031c01_1	尊者！	005	尊 者  
ZH_T02_0099_005:0031c01_12	」舍利弗語焰摩迦比丘：	005	 舍 利 弗 語 焰 摩 迦 比 丘  
ZH_T02_0099_005:0031c01_18	「於意云何？	005	 於意云何  
ZH_T02_0099_005:0031c03_1	彼長者本知彼人詐親欲害，善自防護，不受害耶？	005	彼 長 者 本 知 彼 人 詐 親 欲 害  善 自 防 護  不 受 害 耶  
ZH_T02_0099_005:0031c03_5	」答言：	005	 答 言  
ZH_T02_0099_005:0031c03_15	「如是，尊者舍利弗！	005	 如 是  尊 者 舍 利 弗  
ZH_T02_0099_005:0031c04_1	」「如是，焰摩迦比丘！	005	  如 是  焰 摩 迦 比 丘  
ZH_T02_0099_005:0031c06_12	愚癡無聞凡夫於五受陰作常想、安隱想、不病想、我想、我所想，於此五受陰保持護惜，終為此五受陰怨家所害。	005	愚 癡 無 聞 凡 夫 於 五 受 陰 作 常 想  安 隱 想  不 病 想  我 想  我 所 想  於 此 五 受 陰 保 持 護 惜  終 為 此 五 受 陰 怨 家 所 害  
ZH_T02_0099_005:0031c07_10	如彼長者，為詐親怨家所害而不覺知。	005	如 彼 長 者  為 詐 親 怨 家 所 害 而 不 覺 知  
ZH_T02_0099_005:0031c07_14	焰摩迦！	005	焰 摩 迦  
ZH_T02_0099_005:0031c10_15	多聞聖弟子於此五受陰，觀察如病、如癰、如刺、如殺，無常、苦、空、非我、非我所，於此五受陰不著、不受、不受故不著，不著故自覺涅槃：	005	多聞聖弟子 於 此 五 受 陰  觀 察 如 病  如 癰  如 刺  如 殺  無 常  苦  空  非 我  非 我 所  於 此 五 受 陰 不 著  不 受  不 受 故 不 著  不 著 故 自 覺 涅 槃  
ZH_T02_0099_005:0031c11_18	『我生已盡，梵行已立，所作已作，自知不受後有。	005	 我 生 已 盡  梵 行 已 立  所 作 已 作  自 知 不 受 後 有  
ZH_T02_0099_005:0031c14_16	』」尊者舍利弗說是法時，焰摩迦比丘不起諸漏，心得解脫，尊者舍利弗為焰摩迦比丘說法，示、教、照、喜已，從座起去。	005	  尊 者 舍 利 弗 說 是 法 時  焰 摩 迦 比 丘 不 起 諸 漏  心得解脫  尊 者 舍 利 弗 為 焰 摩 迦 比 丘 說 法  示  教  照  喜 已  從 座 起 去  
ZH_T02_0099_005:0031c15_12	105（一〇五）如是我聞：	005	1 0 5  一 〇 五  如是我聞  
ZH_T02_0099_005:0031c16_1	一時，佛住王舍城迦蘭陀竹園。	005	一 時  佛 住 王 舍 城 迦 蘭 陀 竹 園  
ZH_T02_0099_005:0031c17_8	爾時，有外道出家名仙尼，來詣佛所，恭敬問訊，於一面坐。	005	爾 時  有 外 道 出 家 名 仙 尼  來 詣 佛 所  恭 敬 問 訊  於 一 面 坐  
ZH_T02_0099_005:0031c17_12	白佛言：	005	白 佛 言  
ZH_T02_0099_005:0031c17_16	「世尊！	005	 世 尊  
ZH_T02_0099_005:0031c19_4	先一日時，若沙門、若婆羅門、若遮羅迦、若出家，集於希有講堂。	005	先 一 日 時  若 沙 門  若 婆 羅 門  若 遮 羅 迦  若 出 家  集 於 希 有 講 堂  
ZH_T02_0099_005:0031c20_10	如是義稱，富蘭那迦葉為大眾主，五百弟子前後圍遶。	005	如 是 義 稱  富 蘭 那 迦 葉 為 大 眾 主  五 百 弟 子 前 後 圍 遶  
ZH_T02_0099_005:0031c22_1	其中有極聰慧者、有鈍根者，及其命終，悉不記說其所往生處。	005	其 中 有 極 聰 慧 者  有 鈍 根 者  及 其 命 終  悉 不 記 說 其 所 往 生 處  
ZH_T02_0099_005:0031c23_7	復有末迦梨瞿舍利子為大眾主，五百弟子前後圍遶。	005	復 有 末 迦 梨 瞿 舍 利 子 為 大 眾 主  五 百 弟 子 前 後 圍 遶  
ZH_T02_0099_005:0031c24_18	其諸弟子有聰慧者、有鈍根者，及其命終，悉不記說所往生處。	005	其 諸 弟 子 有 聰 慧 者  有 鈍 根 者  及 其 命 終  悉 不 記 說 所 往 生 處  
ZH_T02_0099_005:0031c27_13	如是先闍那毘羅胝子、阿耆多翅舍欽婆羅、迦羅拘陀迦栴延、尼揵陀若提子等，各與五百弟子前後圍遶，亦如前者。	005	如 是 先 闍 那 毘 羅 胝 子  阿 耆 多 翅 舍 欽 婆 羅  迦 羅 拘 陀 迦 栴 延  尼 揵 陀 若 提 子 等  各 與 五 百 弟 子 前 後 圍 遶  亦 如 前 者  
ZH_T02_0099_005:0031c28_8	沙門瞿曇爾時亦在彼論中言。	005	沙 門 瞿 曇 爾 時 亦 在 彼 論 中 言  
ZH_T02_0099_005:0031c29_9	沙門瞿曇為大眾主，其諸弟子，有命終者。	005	沙 門 瞿 曇 為 大 眾 主  其 諸 弟 子  有 命 終 者  
ZH_T02_0099_005:0031c29_14	即記說言：	005	即 記 說 言  
ZH_T02_0099_005:0032a01_6	『某生彼處、某生此處。	005	 某 生 彼 處  某 生 此 處  
ZH_T02_0099_005:0032a01_12	』我先生疑：	005	 我 先 生 疑  
ZH_T02_0099_005:0032a02_4	『云何沙門瞿曇得如此法？	005	 云 何 沙 門 瞿 曇 得 如 此 法  
ZH_T02_0099_005:0032a02_11	』」佛告仙尼：	005	  佛 告 仙 尼  
ZH_T02_0099_005:0032a02_17	「汝莫生疑。	005	 汝 莫 生 疑  
ZH_T02_0099_005:0032a03_6	以有惑故，彼則生疑。	005	以 有 惑 故  彼 則 生 疑  
ZH_T02_0099_005:0032a03_9	仙尼！	005	仙 尼  
ZH_T02_0099_005:0032a03_16	當知有三種師。	005	當 知 有 三 種 師  
ZH_T02_0099_005:0032a04_2	何等為三？	005	何 等 為 三  
ZH_T02_0099_005:0032a06_3	有一師，見現在世真實是我，如所知說，而無能知命終後事，是名第一師出於世間。	005	有 一 師  見 現 在 世 真 實 是 我  如 所 知 說  而 無 能 知 命 終 後 事  是 名 第 一 師 出 於 世 間  
ZH_T02_0099_005:0032a06_9	復次，仙尼！	005	復 次  仙 尼  
ZH_T02_0099_005:0032a07_16	有一師，見現在世真實是我，命終之後亦見是我，如所知說。	005	有 一 師  見 現 在 世 真 實 是 我  命終之後 亦 見 是 我  如 所 知 說  
ZH_T02_0099_005:0032a08_2	復次，先尼！	005	復 次  先 尼  
ZH_T02_0099_005:0032a09_11	有一師，不見現在世真實是我，亦復不見命終之後真實是我。	005	有 一 師  不 見 現 在 世 真 實 是 我  亦 復 不 見 命終之後 真 實 是 我  
ZH_T02_0099_005:0032a09_15	「仙尼！	005	 仙 尼  
ZH_T02_0099_005:0032a11_1	其第一師見現在世真實是我，如所知說者，名曰斷見。	005	其 第 一 師 見 現 在 世 真 實 是 我  如 所 知 說 者  名 曰 斷 見  
ZH_T02_0099_005:0032a12_8	彼第二師見今世後世真實是我，如所知說者，則是常見。	005	彼 第 二 師 見 今 世 後 世 真 實 是 我  如 所 知 說 者  則 是 常 見  
ZH_T02_0099_005:0032a14_20	彼第三師不見現在世真實是我，命終之後，亦不見我，是則如來、應、等正覺說，現法愛斷、離欲、滅盡、涅槃。	005	彼 第 三 師 不 見 現 在 世 真 實 是 我  命終之後  亦 不 見 我  是 則 如 來  應  等 正 覺 說  現 法 愛 斷  離 欲  滅 盡  涅 槃  
ZH_T02_0099_005:0032a15_4	」仙尼白佛言：	005	 仙 尼 白 佛 言  
ZH_T02_0099_005:0032a15_8	「世尊！	005	 世 尊  
ZH_T02_0099_005:0032a16_1	我聞世尊所說，遂更增疑。	005	我 聞 世 尊 所 說  遂 更 增 疑  
ZH_T02_0099_005:0032a16_7	」佛告仙尼：	005	 佛 告 仙 尼  
ZH_T02_0099_005:0032a16_13	「正應增疑。	005	 正 應 增 疑  
ZH_T02_0099_005:0032a16_18	所以者何？	005	所以者何  
ZH_T02_0099_005:0032a18_12	此甚深處，難見、難知，應須甚深照微妙至到，聰慧所了，凡眾生類，未能辯知。	005	此 甚 深 處  難 見  難 知  應 須 甚 深 照 微 妙 至 到  聰 慧 所 了  凡 眾 生 類  未 能 辯 知  
ZH_T02_0099_005:0032a18_17	所以者何？	005	所以者何  
ZH_T02_0099_005:0032a19_15	眾生長夜異見、異忍、異求、異欲故。	005	眾 生 長 夜 異 見  異 忍  異 求  異 欲 故  
ZH_T02_0099_005:0032a20_1	」仙尼白佛言：	005	 仙 尼 白 佛 言  
ZH_T02_0099_005:0032a20_5	「世尊！	005	 世 尊  
ZH_T02_0099_005:0032a21_17	我於世尊所，心得淨信，唯願世尊為我說法，令我即於此座，慧眼清淨。	005	我 於 世 尊 所  心 得 淨 信  唯 願 世 尊 為 我 說 法  令 我 即 於 此 座  慧 眼 清 淨  
ZH_T02_0099_005:0032a22_3	」佛告仙尼：	005	 佛 告 仙 尼  
ZH_T02_0099_005:0032a22_13	「今當為汝隨所樂說。	005	 今 當 為 汝 隨 所 樂 說  
ZH_T02_0099_005:0032a22_19	」佛告仙尼：	005	 佛 告 仙 尼  
ZH_T02_0099_005:0032a23_3	「色是常耶？	005	 色 是 常 耶  
ZH_T02_0099_005:0032a23_8	為無常耶？	005	為 無 常 耶  
ZH_T02_0099_005:0032a23_12	」答言：	005	 答 言  
ZH_T02_0099_005:0032a23_16	「無常。	005	 無 常  
ZH_T02_0099_005:0032a23_22	」世尊復問：	005	 世 尊 復 問  
ZH_T02_0099_005:0032a24_1	「仙尼！	005	 仙 尼  
ZH_T02_0099_005:0032a24_10	若無常者，是苦耶？	005	若 無 常 者  是 苦 耶  
ZH_T02_0099_005:0032a24_14	」答言：	005	 答 言  
ZH_T02_0099_005:0032a24_18	「是苦。	005	 是 苦  
ZH_T02_0099_005:0032a25_2	」世尊復問仙尼：	005	 世 尊 復 問 仙 尼  
ZH_T02_0099_005:0032a26_10	「若無常、苦，是變易法，多聞聖弟子寧於中見我、異我、相在不？	005	 若 無 常  苦  是 變 易 法  多聞聖弟子 寧 於 中 見 我  異 我  相 在 不  
ZH_T02_0099_005:0032a26_14	」答言：	005	 答 言  
ZH_T02_0099_005:0032a26_21	「不也，世尊！	005	 不 也  世 尊  
ZH_T02_0099_005:0032a27_7	」「受、想、行、識亦復如是。	005	  受  想  行  識 亦復如是  
ZH_T02_0099_005:0032a27_11	」復問：	005	 復 問  
ZH_T02_0099_005:0032a27_15	「云何？	005	 云 何  
ZH_T02_0099_005:0032a27_18	仙尼！	005	仙 尼  
ZH_T02_0099_005:0032a28_2	色是如來耶？	005	色 是 如 來 耶  
ZH_T02_0099_005:0032a28_6	」答言：	005	 答 言  
ZH_T02_0099_005:0032a28_13	「不也，世尊！	005	 不 也  世 尊  
ZH_T02_0099_005:0032a29_1	」「受、想、行、識是如來耶？	005	  受  想  行  識 是 如 來 耶  
ZH_T02_0099_005:0032a29_5	」答言：	005	 答 言  
ZH_T02_0099_005:0032a29_12	「不也，世尊！	005	 不 也  世 尊  
ZH_T02_0099_005:0032a29_16	」復問：	005	 復 問  
ZH_T02_0099_005:0032a29_20	「仙尼！	005	 仙 尼  
ZH_T02_0099_005:0032b01_3	異色有如來耶？	005	異 色 有 如 來 耶  
ZH_T02_0099_005:0032b01_16	異受、想、行、識有如來耶？	005	異 受  想  行  識 有 如 來 耶  
ZH_T02_0099_005:0032b01_20	」答言：	005	 答 言  
ZH_T02_0099_005:0032b02_4	「不也，世尊！	005	 不 也  世 尊  
ZH_T02_0099_005:0032b02_8	」復問：	005	 復 問  
ZH_T02_0099_005:0032b02_12	「仙尼！	005	 仙 尼  
ZH_T02_0099_005:0032b02_19	色中有如來耶？	005	色 中 有 如 來 耶  
ZH_T02_0099_005:0032b03_8	受、想、行、識中有如來耶？	005	受  想  行  識 中 有 如 來 耶  
ZH_T02_0099_005:0032b03_12	」答言：	005	 答 言  
ZH_T02_0099_005:0032b03_19	「不也，世尊！	005	 不 也  世 尊  
ZH_T02_0099_005:0032b03_23	」復問：	005	 復 問  
ZH_T02_0099_005:0032b04_1	「仙尼！	005	 仙 尼  
ZH_T02_0099_005:0032b04_8	如來中有色耶？	005	如 來 中 有 色 耶  
ZH_T02_0099_005:0032b04_21	如來中有受、想、行、識耶？	005	如 來 中 有 受  想  行  識 耶  
ZH_T02_0099_005:0032b05_2	」答言：	005	 答 言  
ZH_T02_0099_005:0032b05_9	「不也，世尊！	005	 不 也  世 尊  
ZH_T02_0099_005:0032b05_13	」復問：	005	 復 問  
ZH_T02_0099_005:0032b05_17	「仙尼！	005	 仙 尼  
ZH_T02_0099_005:0032b06_5	非色，非受、想、行、識有如來耶？	005	非 色  非 受  想  行  識 有 如 來 耶  
ZH_T02_0099_005:0032b06_9	」答言：	005	 答 言  
ZH_T02_0099_005:0032b06_16	「不也，世尊！	005	 不 也  世 尊  
ZH_T02_0099_005:0032b06_22	」佛告仙尼：	005	 佛 告 仙 尼  
ZH_T02_0099_005:0032b08_2	「我諸弟子聞我所說，不悉解義而起慢無間等；	005	 我 諸 弟 子 聞 我 所 說  不 悉 解 義 而 起 慢 無 間 等  
ZH_T02_0099_005:0032b08_13	非無間等故，慢則不斷；	005	非 無 間 等 故  慢 則 不 斷  
ZH_T02_0099_005:0032b09_10	慢不斷故，捨此陰已，與陰相續生。	005	慢 不 斷 故  捨 此 陰 已  與 陰 相 續 生  
ZH_T02_0099_005:0032b09_16	是故，仙尼！	005	是 故  仙 尼  
ZH_T02_0099_005:0032b10_15	我則記說，是諸弟子身壞命終，生彼彼處。	005	我 則 記 說  是 諸 弟 子 身 壞 命 終  生 彼 彼 處  
ZH_T02_0099_005:0032b11_2	所以者何？	005	所以者何  
ZH_T02_0099_005:0032b11_9	以彼有餘慢故。	005	以 彼 有 餘 慢 故  
ZH_T02_0099_005:0032b11_13	「仙尼！	005	 仙 尼  
ZH_T02_0099_005:0032b14_4	我諸弟子於我所說，能解義者，彼於諸慢得無間等，得無間等故，諸慢則斷，諸慢斷故，身壞命終，更不相續。	005	我 諸 弟 子 於 我 所 說  能 解 義 者  彼 於 諸 慢 得 無 間 等  得 無 間 等 故  諸 慢 則 斷  諸 慢 斷 故  身 壞 命 終  更 不 相 續  
ZH_T02_0099_005:0032b14_7	仙尼！	005	仙 尼  
ZH_T02_0099_005:0032b15_7	如是弟子我不說彼捨此陰已，生彼彼處。	005	如 是 弟 子 我 不 說 彼 捨 此 陰 已  生 彼 彼 處  
ZH_T02_0099_005:0032b15_12	所以者何？	005	所以者何  
ZH_T02_0099_005:0032b16_1	無因緣可記說故。	005	無 因 緣 可 記 說 故  
ZH_T02_0099_005:0032b16_12	欲令我記說者，當記說：	005	欲 令 我 記 說 者  當 記 說  
ZH_T02_0099_005:0032b17_14	『彼斷諸愛欲，永離有結，正意解脫，究竟苦邊。	005	 彼 斷 諸 愛 欲  永 離 有 結  正 意 解 脫  究 竟 苦 邊  
ZH_T02_0099_005:0032b19_9	』我從昔來及今現在常說慢過、慢集、慢生、慢起，若於慢無間等觀，眾苦不生。	005	 我 從 昔 來 及 今 現 在 常 說 慢 過  慢 集  慢 生  慢 起  若 於 慢 無 間 等 觀  眾 苦 不 生  
ZH_T02_0099_005:0032b20_10	」佛說此法時，仙尼出家遠塵離垢，得法眼淨。	005	 佛 說 此 法 時  仙 尼 出 家 遠塵離垢  得法眼淨  
ZH_T02_0099_005:0032b22_11	爾時，仙尼出家見法、得法，斷諸疑惑，不由他知，不由他度，於正法中，心得無畏。	005	爾 時  仙 尼 出 家 見 法  得 法  斷 諸 疑 惑  不 由 他 知  不 由 他 度  於 正 法 中  心 得 無 畏  
ZH_T02_0099_005:0032b23_1	從座起，合掌白佛言：	005	從 座 起  合 掌 白 佛 言  
ZH_T02_0099_005:0032b23_5	「世尊！	005	 世 尊  
ZH_T02_0099_005:0032b23_18	我得於正法中出家修梵行不？	005	我 得 於 正 法 中 出 家 修 梵 行 不  
ZH_T02_0099_005:0032b24_3	」佛告仙尼：	005	 佛 告 仙 尼  
ZH_T02_0099_005:0032b25_3	「汝於正法得出家、受具足戒、得比丘分。	005	 汝 於 正 法 得 出 家  受具足戒  得 比 丘 分  
ZH_T02_0099_005:0032b26_10	」爾時，仙尼得出家已，獨一靜處修不放逸，住如是思惟：	005	 爾 時  仙 尼 得 出 家 已  獨 一 靜 處 修 不 放 逸  住 如 是 思 惟  
ZH_T02_0099_005:0032b28_5	「所以族姓子剃除鬚髮，正信非家，出家學道，修行梵行，見法自知得證：	005	 所 以 族 姓 子 剃除鬚髮  正 信 非 家  出家學道  修行梵行  見 法 自 知 得 證  
ZH_T02_0099_005:0032b29_8	『我生已盡，梵行已立，所作已作，自知不受後有。	005	 我 生 已 盡  梵 行 已 立  所 作 已 作  自 知 不 受 後 有  
ZH_T02_0099_005:0032b29_15	』」得阿羅漢。	005	  得阿羅漢  
ZH_T02_0099_005:0032c01_4	聞佛所說，歡喜奉行。	005	聞 佛 所 說  歡 喜 奉 行  
ZH_T02_0099_005:0032c02_12	106（一〇六）如是我聞：	005	1 0 6  一 〇 六  如是我聞  
ZH_T02_0099_005:0032c03_1	一時，佛住王舍城迦蘭陀竹園。	005	一 時  佛 住 王 舍 城 迦 蘭 陀 竹 園  
ZH_T02_0099_005:0032c03_19	爾時，有比丘名阿㝹羅度，住耆闍崛山。	005	爾 時  有 比 丘 名 阿 㝹 羅 度  住 耆 闍 崛 山  
ZH_T02_0099_005:0032c05_3	時，有眾多外道出家往詣阿㝹羅度所，共相問訊。	005	時  有 眾 多 外 道 出 家 往 詣 阿 㝹 羅 度 所  共 相 問 訊  
ZH_T02_0099_005:0032c06_2	共相問訊已，於一面住，白阿㝹羅度言：	005	共 相 問 訊 已  於 一 面 住  白 阿 㝹 羅 度 言  
ZH_T02_0099_005:0032c06_17	「欲有所問，寧有閑暇為解釋不？	005	 欲 有 所 問  寧 有 閑 暇 為 解 釋 不  
ZH_T02_0099_005:0032c07_8	」阿㝹羅度語諸外道言：	005	 阿 㝹 羅 度 語 諸 外 道 言  
ZH_T02_0099_005:0032c08_1	「隨所欲問，知者當答。	005	 隨 所 欲 問  知 者 當 答  
ZH_T02_0099_005:0032c08_8	」諸外道復問：	005	 諸 外 道 復 問  
ZH_T02_0099_005:0032c08_12	「云何？	005	 云 何  
ZH_T02_0099_005:0032c08_15	尊者！	005	尊 者  
ZH_T02_0099_005:0032c09_1	如來死後為有耶？	005	如 來 死 後 為 有 耶  
ZH_T02_0099_005:0032c09_8	」阿㝹羅度言：	005	 阿 㝹 羅 度 言  
ZH_T02_0099_005:0032c09_19	「如世尊說，此是無記。	005	 如 世 尊 說  此 是 無 記  
ZH_T02_0099_005:0032c09_23	」又問：	005	 又 問  
ZH_T02_0099_005:0032c10_8	「如來死後為無耶？	005	 如 來 死 後 為 無 耶  
ZH_T02_0099_005:0032c10_15	」阿㝹羅度言：	005	 阿 㝹 羅 度 言  
ZH_T02_0099_005:0032c11_6	「如世尊說，此亦無記。	005	 如 世 尊 說  此 亦 無 記  
ZH_T02_0099_005:0032c11_10	」又問：	005	 又 問  
ZH_T02_0099_005:0032c11_19	「如來死後有無耶？	005	 如 來 死 後 有 無 耶  
ZH_T02_0099_005:0032c12_3	非有非無耶？	005	非有非無 耶  
ZH_T02_0099_005:0032c12_10	」阿㝹羅度言：	005	 阿 㝹 羅 度 言  
ZH_T02_0099_005:0032c12_21	「如世尊說，此亦無記。	005	 如 世 尊 說  此 亦 無 記  
ZH_T02_0099_005:0032c13_7	」復問阿㝹羅度言：	005	 復 問 阿 㝹 羅 度 言  
ZH_T02_0099_005:0032c13_11	「云何？	005	 云 何  
ZH_T02_0099_005:0032c13_14	尊者！	005	尊 者  
ZH_T02_0099_005:0032c14_1	如來死後有耶？	005	如 來 死 後 有 耶  
ZH_T02_0099_005:0032c14_6	說言無記。	005	說 言 無 記  
ZH_T02_0099_005:0032c14_11	死後無耶？	005	死 後 無 耶  
ZH_T02_0099_005:0032c14_16	說言無記。	005	說 言 無 記  
ZH_T02_0099_005:0032c15_3	死後有無耶？	005	死 後 有 無 耶  
ZH_T02_0099_005:0032c15_9	非有非無耶？	005	非有非無 耶  
ZH_T02_0099_005:0032c15_14	說言無記。	005	說 言 無 記  
ZH_T02_0099_005:0032c15_17	云何？	005	云 何  
ZH_T02_0099_005:0032c15_20	尊者！	005	尊 者  
ZH_T02_0099_005:0032c16_11	沙門瞿曇為不知、不見耶？	005	沙 門 瞿 曇 為 不 知  不 見 耶  
ZH_T02_0099_005:0032c16_18	」阿㝹羅度言：	005	 阿 㝹 羅 度 言  
ZH_T02_0099_005:0032c17_8	「世尊非不知、非不見。	005	 世 尊 非 不 知  非 不 見  
ZH_T02_0099_005:0032c18_16	」時，諸外道於阿㝹羅度所說，心不喜悅，呵罵已，從座起去。	005	 時  諸 外 道 於 阿 㝹 羅 度 所 說  心 不 喜 悅  呵 罵 已  從 座 起 去  
ZH_T02_0099_005:0032c21_3	時，阿㝹羅度知諸外道去已，往詣佛所，稽首佛足，於一面住，以諸外道所問，向佛廣說，白佛言：	005	時  阿 㝹 羅 度 知 諸 外 道 去 已  往 詣 佛 所  稽 首 佛 足  於 一 面 住  以 諸 外 道 所 問  向 佛 廣 說  白 佛 言  
ZH_T02_0099_005:0032c21_7	「世尊！	005	 世 尊  
ZH_T02_0099_005:0032c22_5	彼如是問，我如是答，為順諸法說耶？	005	彼 如 是 問  我 如 是 答  為 順 諸 法 說 耶  
ZH_T02_0099_005:0032c22_12	得無謗世尊耶？	005	得 無 謗 世 尊 耶  
ZH_T02_0099_005:0032c23_1	為順法耶？	005	為 順 法 耶  
ZH_T02_0099_005:0032c23_6	為違法耶？	005	為 違 法 耶  
ZH_T02_0099_005:0032c24_1	無令他來難詰，墮呵責處耶？	005	無 令 他 來 難 詰  墮 呵 責 處 耶  
ZH_T02_0099_005:0032c24_10	」佛告阿㝹羅度言：	005	 佛 告 阿 㝹 羅 度 言  
ZH_T02_0099_005:0032c25_1	「我今問汝，隨所問答。	005	 我 今 問 汝  隨 所 問 答  
ZH_T02_0099_005:0032c25_6	阿㝹羅度！	005	阿 㝹 羅 度  
ZH_T02_0099_005:0032c25_11	色為常耶？	005	色 為 常 耶  
ZH_T02_0099_005:0032c25_16	為無常耶？	005	為 無 常 耶  
ZH_T02_0099_005:0032c25_20	」答言：	005	 答 言  
ZH_T02_0099_005:0032c26_3	「無常。	005	 無 常  
ZH_T02_0099_005:0032c26_20	」「受、想、行、識，為常、無常耶？	005	  受  想  行  識  為 常  無 常 耶  
ZH_T02_0099_005:0032c26_24	」答言：	005	 答 言  
ZH_T02_0099_005:0032c26_28	「無常。	005	 無 常  
ZH_T02_0099_005:0032c27_2	世尊！	005	世 尊  
ZH_T02_0099_005:0032c28_1	」如焰摩迦契經廣說，乃至「識是如來耶？	005	 如 焰 摩 迦 契 經 廣 說  乃 至  識 是 如 來 耶  
ZH_T02_0099_005:0032c28_5	」答曰：	005	 答 曰  
ZH_T02_0099_005:0032c28_9	「不也。	005	 不 也  
ZH_T02_0099_005:0032c28_17	」佛告阿㝹羅度：	005	 佛 告 阿 㝹 羅 度  
ZH_T02_0099_005:0032c29_16	「作如是說者，隨順諸記，不謗如來，非為越次；	005	 作如是說 者  隨 順 諸 記  不 謗 如 來  非 為 越 次  
ZH_T02_0099_005:0033a01_18	如如來說，諸次法說，無有能來難詰訶責者。	005	如 如 來 說  諸 次 法 說  無 有 能 來 難 詰 訶 責 者  
ZH_T02_0099_005:0033a02_4	所以者何？	005	所以者何  
ZH_T02_0099_005:0033a03_4	我於色如實知，色集、色滅、色滅道跡如實知。	005	我 於 色 如 實 知  色 集  色 滅  色 滅 道 跡 如 實 知  
ZH_T02_0099_005:0033a03_9	阿㝹羅度！	005	阿 㝹 羅 度  
ZH_T02_0099_005:0033a04_9	若捨如來所作，無知無見說者，此非等說。	005	若 捨 如來所作  無 知 無 見 說 者  此 非 等 說  
ZH_T02_0099_005:0033a05_10	」佛說此經已，阿㝹羅度聞佛所說，歡喜奉行。	005	 佛 說 此 經 已  阿 㝹 羅 度 聞 佛 所 說  歡 喜 奉 行  
ZH_T02_0099_005:0033a06_12	107（一〇七）如是我聞：	005	1 0 7  一 〇 七  如是我聞  
ZH_T02_0099_005:0033a07_7	一時，佛住婆祇國設首婆羅山鹿野深林中。	005	一 時  佛 住 婆 祇 國 設 首 婆 羅 山 鹿 野 深 林 中  
ZH_T02_0099_005:0033a10_10	爾時，有那拘羅長者，百二十歲，年耆根熟，羸劣苦病，而欲覲見世尊及先所宗重知識比丘，來詣佛所，稽首佛足，退坐一面，白佛言：	005	爾 時  有 那 拘 羅 長 者  百 二 十 歲  年 耆 根 熟  羸 劣 苦 病  而 欲 覲 見 世 尊 及 先 所 宗 重 知 識 比 丘  來 詣 佛 所  稽 首 佛 足  退 坐 一 面  白 佛 言  
ZH_T02_0099_005:0033a10_14	「世尊！	005	 世 尊  
ZH_T02_0099_005:0033a12_18	我年衰老，羸劣苦病，自力勉勵，覲見世尊及先所宗重知識比丘，唯願世尊為我說法，令我長夜安樂！	005	我 年 衰 老  羸 劣 苦 病  自 力 勉 勵  覲 見 世 尊 及 先 所 宗 重 知 識 比 丘  唯 願 世 尊 為 我 說 法  令 我 長 夜 安 樂  
ZH_T02_0099_005:0033a13_11	」爾時，世尊告那拘羅長者：	005	 爾 時  世 尊 告 那 拘 羅 長 者  
ZH_T02_0099_005:0033a13_15	「善哉！	005	 善 哉  
ZH_T02_0099_005:0033a13_18	長者！	005	長 者  
ZH_T02_0099_005:0033a15_7	汝實年老根熟，羸劣苦患，而能自力覲見如來并餘宗重知識比丘。	005	汝 實 年 老 根 熟  羸 劣 苦 患  而 能 自 力 覲 見 如 來 并 餘 宗 重 知 識 比 丘  
ZH_T02_0099_005:0033a16_7	長者當知，於苦患身，常當修學不苦患身。	005	長 者 當 知  於 苦 患 身  常 當 修 學 不 苦 患 身  
ZH_T02_0099_005:0033a17_13	」爾時，世尊為那拘羅長者示、教、照、喜，默然而住。	005	 爾 時  世 尊 為 那 拘 羅 長 者 示  教  照  喜  默然而住  
ZH_T02_0099_005:0033a18_12	那拘羅長者聞佛所說，歡喜隨喜，禮佛而去。	005	那 拘 羅 長 者 聞 佛 所 說  歡 喜 隨 喜  禮 佛 而 去  
ZH_T02_0099_005:0033a19_10	時，尊者舍利弗去世尊不遠，坐一樹下。	005	時  尊 者 舍 利 弗 去 世 尊 不 遠  坐 一 樹 下  
ZH_T02_0099_005:0033a20_16	那拘羅長者往詣尊者舍利弗所，稽首禮足，退坐一面。	005	那 拘 羅 長 者 往 詣 尊 者 舍 利 弗 所  稽 首 禮 足  退 坐 一 面  
ZH_T02_0099_005:0033a21_8	時，尊者舍利弗問長者言：	005	時  尊 者 舍 利 弗 問 長 者 言  
ZH_T02_0099_005:0033a22_11	「汝今諸根和悅，貌色鮮明，於世尊所得聞深法耶？	005	 汝 今 諸 根 和 悅  貌 色 鮮 明  於 世 尊 所 得 聞 深 法 耶  
ZH_T02_0099_005:0033a23_3	」那拘羅長者白舍利弗：	005	 那 拘 羅 長 者 白 舍 利 弗  
ZH_T02_0099_005:0033a25_2	「今日世尊為我說法，示、教、照、喜，以甘露法，灌我身心，是故我今諸根和悅，顏貌鮮明。	005	 今 日 世 尊 為 我 說 法  示  教  照  喜  以 甘 露 法  灌 我 身 心  是 故 我 今 諸 根 和 悅  顏 貌 鮮 明  
ZH_T02_0099_005:0033a25_13	」尊者舍利弗問長者言：	005	 尊 者 舍 利 弗 問 長 者 言  
ZH_T02_0099_005:0033a26_16	「世尊為汝說何等法，示、教、照、喜，甘露潤澤？	005	 世 尊 為 汝 說 何 等 法  示  教  照  喜  甘 露 潤 澤  
ZH_T02_0099_005:0033a27_3	」那拘羅長者白舍利弗：	005	 那 拘 羅 長 者 白 舍 利 弗  
ZH_T02_0099_005:0033a27_16	「我向詣世尊所，白世尊言：	005	 我 向 詣 世 尊 所  白 世 尊 言  
ZH_T02_0099_005:0033a29_4	『我年衰老，羸劣苦患，自力而來，覲見世尊及所宗重知識比丘。	005	 我 年 衰 老  羸 劣 苦 患  自 力 而 來  覲 見 世 尊 及 所 宗 重 知 識 比 丘  
ZH_T02_0099_005:0033a29_10	』佛告我言：	005	 佛 告 我 言  
ZH_T02_0099_005:0033a29_14	『善哉！	005	 善 哉  
ZH_T02_0099_005:0033a29_17	長者！	005	長 者  
ZH_T02_0099_005:0033b02_1	汝實衰老，羸劣苦患，而能自力詣我及見先所宗重比丘。	005	汝 實 衰 老  羸 劣 苦 患  而 能 自 力 詣 我 及 見 先 所 宗 重 比 丘  
ZH_T02_0099_005:0033b03_1	汝今於此苦患之身，常當修學不苦患身。	005	汝 今 於 此 苦 患 之 身  常 當 修 學 不 苦 患 身  
ZH_T02_0099_005:0033b04_1	』「世尊為我說如是法，示、教、照、喜，甘露潤澤。	005	  世 尊 為 我 說 如 是 法  示  教  照  喜  甘 露 潤 澤  
ZH_T02_0099_005:0033b04_12	」尊者舍利弗問長者言：	005	 尊 者 舍 利 弗 問 長 者 言  
ZH_T02_0099_005:0033b05_2	「汝向何不重問世尊：	005	 汝 向 何 不 重 問 世 尊  
ZH_T02_0099_005:0033b05_13	『云何苦患身、苦患心？	005	 云 何 苦 患 身  苦 患 心  
ZH_T02_0099_005:0033b06_2	云何苦患身、不苦患心？	005	云 何 苦 患 身  不 苦 患 心  
ZH_T02_0099_005:0033b06_9	』」長者答言：	005	  長 者 答 言  
ZH_T02_0099_005:0033b07_7	「我以是義故，來詣尊者，唯願為我略說法要。	005	 我 以是義故  來 詣 尊 者  唯 願 為 我 略 說 法 要  
ZH_T02_0099_005:0033b07_18	」尊者舍利弗語長者言：	005	 尊 者 舍 利 弗 語 長 者 言  
ZH_T02_0099_005:0033b08_3	「善哉！	005	 善 哉  
ZH_T02_0099_005:0033b08_6	長者！	005	長 者  
ZH_T02_0099_005:0033b08_11	汝今諦聽！	005	汝 今 諦 聽  
ZH_T02_0099_005:0033b08_16	當為汝說。	005	當 為 汝 說  
ZH_T02_0099_005:0033b10_2	愚癡無聞凡夫於色集、色滅、色患、色味、色離不如實知；	005	愚 癡 無 聞 凡 夫 於 色 集  色 滅  色 患  色 味  色 離 不 如 實 知  
ZH_T02_0099_005:0033b11_10	不如實知故，愛樂於色，言色是我、是我所，而取攝受。	005	不 如 實 知 故  愛 樂 於 色  言 色 是 我  是 我 所  而 取 攝 受  
ZH_T02_0099_005:0033b12_6	彼色若壞、若異，心識隨轉，惱苦生；	005	彼 色 若 壞  若 異  心 識 隨 轉  惱 苦 生  
ZH_T02_0099_005:0033b13_4	惱苦生已，恐怖、障閡、顧念、憂苦、結戀。	005	惱 苦 生 已  恐 怖  障 閡  顧 念  憂 苦  結 戀  
ZH_T02_0099_005:0033b13_17	於受、想、行、識亦復如是。	005	於 受  想  行  識 亦復如是  
ZH_T02_0099_005:0033b14_2	是名身心苦患。	005	是 名 身 心 苦 患  
ZH_T02_0099_005:0033b14_14	「云何身苦患、心不苦患？	005	 云 何 身 苦 患  心 不 苦 患  
ZH_T02_0099_005:0033b15_17	多聞聖弟子於色集、色滅、色味、色患、色離如實知；	005	多聞聖弟子 於 色 集  色 滅  色 味  色 患  色 離 如 實 知  
ZH_T02_0099_005:0033b17_9	如實知已，不生愛樂，見色是我、是我所，彼色若變、若異，心不隨轉惱苦生；	005	如 實 知 已  不 生 愛 樂  見 色 是 我  是 我 所  彼 色 若 變  若 異  心 不 隨 轉 惱 苦 生  
ZH_T02_0099_005:0033b18_13	心不隨轉惱苦生已，得不恐怖、障礙、顧念、結戀。	005	心 不 隨 轉 惱 苦 生 已  得 不 恐 怖  障 礙  顧 念  結 戀  
ZH_T02_0099_005:0033b19_1	受、想、行、識亦復如是。	005	受  想  行  識 亦復如是  
ZH_T02_0099_005:0033b19_12	是名身苦患、心不苦患。	005	是 名 身 苦 患  心 不 苦 患  
ZH_T02_0099_005:0033b20_13	」尊者舍利弗說是法時，那拘羅長者得法眼淨。	005	 尊 者 舍 利 弗 說 是 法 時  那 拘 羅 長 者 得法眼淨  
ZH_T02_0099_005:0033b22_13	爾時，那拘羅長者見法、得法、知法、入法，度諸狐疑，不由於他，於正法中，心得無畏。	005	爾 時  那 拘 羅 長 者 見 法  得 法  知 法  入 法  度 諸 狐 疑  不 由 於 他  於 正 法 中  心 得 無 畏  
ZH_T02_0099_005:0033b23_14	從座起，整衣服，恭敬合掌，白尊者舍利弗：	005	從 座 起  整 衣 服  恭敬合掌  白 尊 者 舍 利 弗  
ZH_T02_0099_005:0033b25_10	「我已超、已度，我今歸依佛、法、僧寶，為優婆塞，證知我，我今盡壽歸依三寶。	005	 我 已 超  已 度  我 今 歸 依 佛  法  僧 寶  為 優 婆 塞  證 知 我  我 今 盡 壽 歸 依 三 寶  
ZH_T02_0099_005:0033b27_1	」爾時，那拘羅長者聞尊者舍利弗所說，歡喜隨喜，作禮而去。	005	 爾 時  那 拘 羅 長 者 聞 尊 者 舍 利 弗 所 說  歡 喜 隨 喜  作 禮 而 去  
ZH_T02_0099_005:0033b28_12	108（一〇八）如是我聞：	005	1 0 8  一 〇 八  如是我聞  
ZH_T02_0099_005:0033b28_24	一時，佛住釋氏天現聚落。	005	一 時  佛 住 釋 氏 天 現 聚 落  
ZH_T02_0099_005:0033c01_13	爾時，有西方眾多比丘欲還西方安居，詣世尊所，稽首佛足，退坐一面。	005	爾 時  有 西 方 眾 多 比 丘 欲 還 西 方 安 居  詣 世 尊 所  稽 首 佛 足  退 坐 一 面  
ZH_T02_0099_005:0033c02_12	爾時，世尊為其說法，示、教、照、喜。	005	爾 時  世 尊 為 其 說 法  示  教  照  喜  
ZH_T02_0099_005:0033c03_15	種種示、教、照、喜已，時西方眾多比丘從座起，合掌白佛言：	005	種 種 示  教  照  喜 已  時 西 方 眾 多 比 丘 從 座 起  合 掌 白 佛 言  
ZH_T02_0099_005:0033c03_19	「世尊！	005	 世 尊  
ZH_T02_0099_005:0033c05_1	我西方眾多比丘欲還西方安居，今請奉辭。	005	我 西 方 眾 多 比 丘 欲 還 西 方 安 居  今 請 奉 辭  
ZH_T02_0099_005:0033c05_10	」佛告西方諸比丘：	005	 佛 告 西 方 諸 比 丘  
ZH_T02_0099_005:0033c05_18	「汝辭舍利弗未？	005	 汝 辭 舍 利 弗 未  
ZH_T02_0099_005:0033c05_22	」答言：	005	 答 言  
ZH_T02_0099_005:0033c06_3	「未辭。	005	 未 辭  
ZH_T02_0099_005:0033c06_12	」佛告西方諸比丘：	005	 佛 告 西 方 諸 比 丘  
ZH_T02_0099_005:0033c07_18	「舍利弗淳修梵行，汝當奉辭，能令汝等以義饒益，長夜安樂。	005	 舍 利 弗 淳 修 梵 行  汝 當 奉 辭  能 令 汝 等 以 義 饒 益  長 夜 安 樂  
ZH_T02_0099_005:0033c08_11	」時，西方諸比丘辭退欲去。	005	 時  西 方 諸 比 丘 辭 退 欲 去  
ZH_T02_0099_005:0033c11_6	時，尊者舍利弗去佛不遠，坐一堅固樹下，西方諸比丘往詣尊者舍利弗所，稽首禮足，退坐一面，白尊者舍利弗言：	005	時  尊 者 舍 利 弗 去 佛 不 遠  坐 一 堅 固 樹 下  西 方 諸 比 丘 往 詣 尊 者 舍 利 弗 所  稽 首 禮 足  退 坐 一 面  白 尊 者 舍 利 弗 言  
ZH_T02_0099_005:0033c12_2	「我等欲還西方安居，故來奉辭。	005	 我 等 欲 還 西 方 安 居  故 來 奉 辭  
ZH_T02_0099_005:0033c12_8	」舍利弗言：	005	 舍 利 弗 言  
ZH_T02_0099_005:0033c12_16	「汝等辭世尊未？	005	 汝 等 辭 世 尊 未  
ZH_T02_0099_005:0033c12_20	」答言：	005	 答 言  
ZH_T02_0099_005:0033c13_1	「已辭。	005	 已 辭  
ZH_T02_0099_005:0033c13_7	」舍利弗言：	005	 舍 利 弗 言  
ZH_T02_0099_005:0033c14_7	「汝等還西方，處處異國，種種異眾，必當問汝。	005	 汝 等 還 西 方  處 處 異 國  種 種 異 眾  必 當 問 汝  
ZH_T02_0099_005:0033c16_8	汝等今於世尊所，聞善說法，當善受、善持、善觀、善入，足能為彼具足宣說，不毀佛耶？	005	汝 等 今 於 世 尊 所  聞 善 說 法  當 善 受  善 持  善 觀  善 入  足 能 為 彼 具 足 宣 說  不 毀 佛 耶  
ZH_T02_0099_005:0033c17_4	不令彼眾難問、詰責、墮負處耶？	005	不 令 彼 眾 難 問  詰 責  墮 負 處 耶  
ZH_T02_0099_005:0033c17_14	」彼諸比丘白舍利弗：	005	 彼 諸 比 丘 白 舍 利 弗  
ZH_T02_0099_005:0033c19_2	「我等為聞法故，來詣尊者，唯願尊者具為我說，哀愍故！	005	 我 等 為 聞 法 故  來 詣 尊 者  唯 願 尊 者 具 為 我 說  哀 愍 故  
ZH_T02_0099_005:0033c19_13	」尊者舍利弗告諸比丘：	005	 尊 者 舍 利 弗 告 諸 比 丘  
ZH_T02_0099_005:0033c21_4	「閻浮提人聰明利根，若剎利、若婆羅門、若長者、若沙門，必當問汝：	005	 閻 浮 提 人 聰 明 利 根  若 剎 利  若 婆 羅 門  若 長 者  若 沙 門  必 當 問 汝  
ZH_T02_0099_005:0033c21_14	『汝彼大師云何說法？	005	 汝 彼 大 師 云 何 說 法  
ZH_T02_0099_005:0033c22_2	以何教教汝？	005	以 何 教 教 汝  
ZH_T02_0099_005:0033c22_7	』當答言：	005	 當 答 言  
ZH_T02_0099_005:0033c23_2	『大師唯說調伏欲貪，以此教教。	005	 大 師 唯 說 調 伏 欲 貪  以 此 教 教  
ZH_T02_0099_005:0033c23_9	』「當復問汝：	005	  當 復 問 汝  
ZH_T02_0099_005:0033c23_19	『於何法中調伏欲貪？	005	 於 何 法 中 調 伏 欲 貪  
ZH_T02_0099_005:0033c24_4	』當復答言：	005	 當 復 答 言  
ZH_T02_0099_005:0033c26_1	『大師唯說於彼色陰調伏欲貪，於受、想、行、識陰調伏欲貪，我大師如是說法。	005	 大 師 唯 說 於 彼 色 陰 調 伏 欲 貪  於 受  想  行  識 陰 調 伏 欲 貪  我 大 師 如 是 說 法  
ZH_T02_0099_005:0033c26_8	』「彼當復問：	005	  彼 當 復 問  
ZH_T02_0099_005:0033c27_6	『欲貪有何過患故，大師說於色調伏欲貪？	005	 欲 貪 有 何 過 患 故  大 師 說 於 色 調 伏 欲 貪  
ZH_T02_0099_005:0033c27_18	受、想、行、識調伏欲貪？	005	受  想  行  識 調 伏 欲 貪  
ZH_T02_0099_005:0033c28_3	』汝復應答言：	005	 汝 復 應 答 言  
ZH_T02_0099_005:0034a01_3	『若於色欲不斷、貪不斷、愛不斷、念不斷、渴不斷者，彼色若變、若異，則生憂、悲、惱、苦。	005	 若 於 色 欲 不 斷  貪 不 斷  愛 不 斷  念 不 斷  渴 不 斷 者  彼 色 若 變  若 異  則 生 憂  悲  惱  苦  
ZH_T02_0099_005:0034a01_15	受、想、行、識亦復如是。	005	受  想  行  識 亦復如是  
ZH_T02_0099_005:0034a03_1	見欲貪有如是過故，於色調伏欲貪，於受、想、行、識調伏欲貪。	005	見 欲 貪 有 如 是 過 故  於 色 調 伏 欲 貪  於 受  想  行  識 調 伏 欲 貪  
ZH_T02_0099_005:0034a03_8	』「彼復當問：	005	  彼 復 當 問  
ZH_T02_0099_005:0034a05_1	『見斷欲貪，有何福利故，大師說於色調伏欲貪，於受、想、行、識調伏欲貪？	005	 見 斷 欲 貪  有 何 福 利 故  大 師 說 於 色 調 伏 欲 貪  於 受  想  行  識 調 伏 欲 貪  
ZH_T02_0099_005:0034a05_7	』當復答言：	005	 當 復 答 言  
ZH_T02_0099_005:0034a06_20	『若於色斷欲、斷貪、斷念、斷愛、斷渴，彼色若變、若異，不起憂、悲、惱、苦。	005	 若 於 色 斷 欲  斷 貪  斷 念  斷 愛  斷 渴  彼 色 若 變  若 異  不 起 憂  悲  惱  苦  
ZH_T02_0099_005:0034a07_7	受、想、行、識亦復如是。	005	受  想  行  識 亦復如是  
ZH_T02_0099_005:0034a07_12	』「諸尊！	005	  諸 尊  
ZH_T02_0099_005:0034a09_15	若受諸不善法因緣故，今得現法樂住，不苦、不礙、不惱、不熱，身壞命終生於善處者，世尊終不說言：	005	若 受 諸 不 善 法 因 緣 故  今 得 現法樂住  不 苦  不 礙  不 惱  不 熱  身 壞 命 終 生 於 善 處 者  世 尊 終 不 說 言  
ZH_T02_0099_005:0034a10_4	『當斷諸不善法。	005	 當 斷 諸 不 善 法  
ZH_T02_0099_005:0034a11_4	亦不教人於佛法中修諸梵行，得盡苦邊。	005	亦 不 教 人 於佛法中 修 諸 梵 行  得 盡 苦 邊  
ZH_T02_0099_005:0034a12_18	以受諸不善法因緣故，今現法苦住，障礙熱惱，身壞命終，墮惡道中。	005	以 受 諸 不 善 法 因 緣 故  今 現 法 苦 住  障 礙 熱 惱  身 壞 命 終  墮 惡 道 中  
ZH_T02_0099_005:0034a13_5	』是故世尊說言：	005	 是 故 世 尊 說 言  
ZH_T02_0099_005:0034a14_12	『當斷不善法，於佛法中修諸梵行，平等盡苦，究竟苦邊。	005	 當 斷 不 善 法  於佛法中 修 諸 梵 行  平 等 盡 苦  究 竟 苦 邊  
ZH_T02_0099_005:0034a17_13	』「若受諸善法因緣，現法苦住，障礙熱惱，身壞命終墮惡道中者，世尊終不說受持善法，於佛法中，修諸梵行，平等盡苦，究竟苦邊。	005	  若 受 諸 善 法 因 緣  現 法 苦 住  障 礙 熱 惱  身 壞 命 終 墮 惡 道 中 者  世 尊 終 不 說 受 持 善 法  於佛法中  修 諸 梵 行  平 等 盡 苦  究 竟 苦 邊  
ZH_T02_0099_005:0034a20_18	受持善法，現法樂住，不苦、不礙、不惱、不熱，身壞命終，生於善處，是故世尊讚歎、教人受諸善法，於佛法中，修諸梵行，平等盡苦，究竟苦邊。	005	受 持 善 法  現法樂住  不 苦  不 礙  不 惱  不 熱  身 壞 命 終  生 於 善 處  是 故 世 尊 讚 歎  教 人 受 諸 善 法  於佛法中  修 諸 梵 行  平 等 盡 苦  究 竟 苦 邊  
ZH_T02_0099_005:0034a22_6	」尊者舍利弗說是法時，西方諸比丘不起諸漏，心得解脫。	005	 尊 者 舍 利 弗 說 是 法 時  西 方 諸 比 丘 不 起 諸 漏  心得解脫  
ZH_T02_0099_005:0034a23_10	尊者舍利弗說是法時，諸比丘歡喜隨喜，作禮而去。	005	尊 者 舍 利 弗 說 是 法 時  諸 比 丘 歡 喜 隨 喜  作 禮 而 去  
ZH_T02_0099_005:0034a24_12	109（一〇九）如是我聞：	005	1 0 9  一 〇 九  如是我聞  
ZH_T02_0099_005:0034a25_3	一時，佛住舍衛國祇樹給孤獨園。	005	一 時  佛 住 舍 衛 國 祇 樹 給 孤 獨 園  
ZH_T02_0099_005:0034a25_13	爾時，世尊告諸比丘：	005	爾 時  世 尊 告 諸 比 丘  
ZH_T02_0099_005:0034a26_14	「譬如池水方五十由旬，深亦如是，其水盈滿。	005	 譬 如 池 水 方 五 十 由 旬  深 亦 如 是  其 水 盈 滿  
ZH_T02_0099_005:0034a27_17	復有士夫，以毛、以草，或以指爪，以渧彼水。	005	復 有 士 夫  以 毛  以 草  或 以 指 爪  以 渧 彼 水  
ZH_T02_0099_005:0034a28_2	諸比丘！	005	諸 比 丘  
ZH_T02_0099_005:0034a28_7	於意云何？	005	於意云何  
ZH_T02_0099_005:0034a29_1	彼士夫水渧為多，池水為多？	005	彼 士 夫 水 渧 為 多  池 水 為 多  
ZH_T02_0099_005:0034a29_7	」比丘白佛：	005	 比 丘 白 佛  
ZH_T02_0099_005:0034b01_12	「彼士夫以毛、以草，或以指爪，所渧之水少，少不足言；	005	 彼 士 夫 以 毛  以 草  或 以 指 爪  所 渧 之 水 少  少 不 足 言  
ZH_T02_0099_005:0034b02_7	池水甚多，百千萬倍，不可為比。	005	池 水 甚 多  百 千 萬 倍  不 可 為 比  
ZH_T02_0099_005:0034b02_12	」「如是。	005	  如 是  
ZH_T02_0099_005:0034b02_16	諸比丘！	005	諸 比 丘  
ZH_T02_0099_005:0034b03_18	見諦者所斷眾苦，如彼池水，於未來世，永不復生。	005	見 諦 者 所 斷 眾 苦  如 彼 池 水  於未來世  永 不 復 生  
ZH_T02_0099_005:0034b04_14	」爾時，世尊說是法已，入室坐禪。	005	 爾 時  世 尊 說 是 法 已  入 室 坐 禪  
ZH_T02_0099_005:0034b06_1	時，尊者舍利弗於眾中坐，世尊入室去後，告諸比丘：	005	時  尊 者 舍 利 弗 於 眾 中 坐  世 尊 入 室 去 後  告 諸 比 丘  
ZH_T02_0099_005:0034b06_7	「未曾所聞！	005	 未 曾 所 聞  
ZH_T02_0099_005:0034b06_16	世尊今日善說池譬。	005	世 尊 今 日 善 說 池 譬  
ZH_T02_0099_005:0034b07_1	所以者何？	005	所以者何  
ZH_T02_0099_005:0034b08_18	聖弟子具足見諦，得無間等果，若凡俗邪見、身見根本、身見集、身見生、身見起；	005	聖 弟 子 具 足 見 諦  得 無 間 等 果  若 凡 俗 邪 見  身 見 根 本  身 見 集  身 見 生  身 見 起  
ZH_T02_0099_005:0034b09_20	謂憂慼隱覆，慶吉保惜，說我、說眾生、說奇特矜舉。	005	謂 憂 慼 隱 覆  慶 吉 保 惜  說 我  說 眾 生  說 奇 特 矜 舉  
ZH_T02_0099_005:0034b11_10	如是眾邪，悉皆除滅，斷除根本，如折多羅樹，於未來世更不復生。	005	如 是 眾 邪  悉 皆 除 滅  斷 除 根 本  如 折 多 羅 樹  於未來世 更 不 復 生  
ZH_T02_0099_005:0034b11_15	「諸比丘！	005	 諸 比 丘  
ZH_T02_0099_005:0034b12_17	何等為見諦聖弟子斷上眾邪，於未來世永不復起？	005	何 等 為 見 諦 聖 弟 子 斷 上 眾 邪  於未來世 永 不 復 起  
ZH_T02_0099_005:0034b14_1	愚癡無聞凡夫見色是我、異我、我在色、色在我；	005	愚 癡 無 聞 凡 夫 見 色 是 我  異 我  我 在 色  色 在 我  
ZH_T02_0099_005:0034b14_24	見受、想、行、識，是我、異我、我在識、識在我。	005	見 受  想  行  識  是 我  異 我  我 在 識  識 在 我  
ZH_T02_0099_005:0034b15_7	「云何見色是我？	005	 云 何 見 色 是 我  
ZH_T02_0099_005:0034b16_3	得地一切入處正受，觀已，作是念：	005	得 地 一 切 入 處 正 受  觀 已  作 是 念  
ZH_T02_0099_005:0034b17_7	『地即是我，我即是地，我及地唯一無二，不異不別。	005	 地 即 是 我  我 即 是 地  我 及 地 唯 一 無 二  不 異 不 別  
ZH_T02_0099_005:0034b18_12	』如是水、火、風、青、黃、赤、白一切入處正受，觀已，作是念：	005	 如 是 水  火  風  青  黃  赤  白 一 切 入 處 正 受  觀 已  作 是 念  
ZH_T02_0099_005:0034b19_12	『行即是我，我即是行，唯一無二，不異不別。	005	 行 即 是 我  我 即 是 行  唯 一 無 二  不 異 不 別  
ZH_T02_0099_005:0034b20_13	』如是於一切入處，一一計我，是名色即是我。	005	 如 是 於 一 切 入 處  一 一 計 我  是 名 色 即 是 我  
ZH_T02_0099_005:0034b21_1	云何見色異我？	005	云 何 見 色 異 我  
ZH_T02_0099_005:0034b22_19	若彼見受是我，見受是我已，見色是我所，或見想、行、識即是我，見色是我所。	005	若 彼 見 受 是 我  見 受 是 我 已  見 色 是 我 所  或 見 想  行  識 即 是 我  見 色 是 我 所  
ZH_T02_0099_005:0034b23_5	「云何見我中色？	005	 云 何 見 我 中 色  
ZH_T02_0099_005:0034b23_16	謂見受是我，色在我中；	005	謂 見 受 是 我  色 在 我 中  
ZH_T02_0099_005:0034b24_13	又見想、行、識即是我，色在我中。	005	又 見 想  行  識 即 是 我  色 在 我 中  
ZH_T02_0099_005:0034b24_20	云何見色中我？	005	云 何 見 色 中 我  
ZH_T02_0099_005:0034b26_3	謂見受即是我，於色中住，入於色，周遍其四體；	005	謂 見 受 即 是 我  於 色 中 住  入 於 色  周 遍 其 四 體  
ZH_T02_0099_005:0034b27_9	見想，行，識是我，於色中住，周遍其四體，是名色中我。	005	見 想  行  識 是 我  於 色 中 住  周 遍 其 四 體  是 名 色 中 我  
ZH_T02_0099_005:0034b27_18	「云何見受即是我？	005	 云 何 見 受 即 是 我  
ZH_T02_0099_005:0034b28_22	謂六受身——眼觸生受，耳、鼻、舌、身、意觸生受。	005	謂 六 受 身   眼 觸 生 受  耳  鼻  舌  身  意 觸 生 受  
ZH_T02_0099_005:0034c01_2	此六受身一一見是我，我是受，是名受即是我。	005	此 六 受 身 一 一 見 是 我  我 是 受  是 名 受 即 是 我  
ZH_T02_0099_005:0034c01_9	云何見受異我？	005	云 何 見 受 異 我  
ZH_T02_0099_005:0034c02_1	謂見色是我，受是我所；	005	謂 見 色 是 我  受 是 我 所  
ZH_T02_0099_005:0034c02_21	謂想、行、識是我，受是我所，是名受異我。	005	謂 想  行  識 是 我  受 是 我 所  是 名 受 異 我  
ZH_T02_0099_005:0034c03_7	「云何見我中受？	005	 云 何 見 我 中 受  
ZH_T02_0099_005:0034c04_8	謂色是我，受在其中，想、行、識是我，受在其中。	005	謂 色 是 我  受 在 其 中  想  行  識 是 我  受 在 其 中  
ZH_T02_0099_005:0034c04_15	云何見受中我？	005	云 何 見 受 中 我  
ZH_T02_0099_005:0034c05_13	謂色是我，於受中住，周遍其四體；	005	謂 色 是 我  於 受 中 住  周 遍 其 四 體  
ZH_T02_0099_005:0034c06_18	想、行、識是我，於受中住，周遍其四體，是名受中我。	005	想  行  識 是 我  於 受 中 住  周 遍 其 四 體  是 名 受 中 我  
ZH_T02_0099_005:0034c07_6	「云何見想即是我？	005	 云 何 見 想 即 是 我  
ZH_T02_0099_005:0034c08_8	謂六想身——眼觸生想，耳、鼻、舌、身、意觸生想。	005	謂 六 想 身   眼 觸 生 想  耳  鼻  舌  身  意 觸 生 想  
ZH_T02_0099_005:0034c09_5	此六想身一一見是我，是名想即是我。	005	此 六 想 身 一 一 見 是 我  是 名 想 即 是 我  
ZH_T02_0099_005:0034c09_12	云何見想異我？	005	云 何 見 想 異 我  
ZH_T02_0099_005:0034c11_1	謂見色是我，想是我所，識是我，想是我所，是名想異我。	005	謂 見 色 是 我  想 是 我 所  識 是 我  想 是 我 所  是 名 想 異 我  
ZH_T02_0099_005:0034c11_9	「云何見我中想？	005	 云 何 見 我 中 想  
ZH_T02_0099_005:0034c12_12	謂色是我，想在中住，受、行、識是我，想在中住。	005	謂 色 是 我  想 在 中 住  受  行  識 是 我  想 在 中 住  
ZH_T02_0099_005:0034c12_19	云何見想中我？	005	云 何 見 想 中 我  
ZH_T02_0099_005:0034c14_3	謂色是我，於想中住，周遍其四體，是名想中我。	005	謂 色 是 我  於 想 中 住  周 遍 其 四 體  是 名 想 中 我  
ZH_T02_0099_005:0034c14_11	「云何見行是我？	005	 云 何 見 行 是 我  
ZH_T02_0099_005:0034c15_13	謂六思身——眼觸生思，耳、鼻、舌、身意觸生思。	005	謂 六 思 身   眼 觸 生 思  耳  鼻  舌  身 意 觸 生 思  
ZH_T02_0099_005:0034c16_11	於此六思身一一見是我，是名行即是我。	005	於 此 六 思 身 一 一 見 是 我  是 名 行 即 是 我  
ZH_T02_0099_005:0034c16_18	云何見行異我？	005	云 何 見 行 異 我  
ZH_T02_0099_005:0034c17_9	謂色是我，行是我所。	005	謂 色 是 我  行 是 我 所  
ZH_T02_0099_005:0034c18_7	受、想、識是我，行是我所，是名行異我。	005	受  想  識 是 我  行 是 我 所  是 名 行 異 我  
ZH_T02_0099_005:0034c18_15	「云何見我中行？	005	 云 何 見 我 中 行  
ZH_T02_0099_005:0034c19_6	謂色是我，行在中住。	005	謂 色 是 我  行 在 中 住  
ZH_T02_0099_005:0034c20_4	受、想、行、識是我，行在中住，是謂我中行。	005	受  想  行  識 是 我  行 在 中 住  是 謂 我 中 行  
ZH_T02_0099_005:0034c20_11	云何見行中我？	005	云 何 見 行 中 我  
ZH_T02_0099_005:0034c22_13	謂色是我，於行中住，周遍其四體，謂受、想、識是我，於行中住，周遍其四體，是名行中我。	005	謂 色 是 我  於 行 中 住  周 遍 其 四 體  謂 受  想  識 是 我  於 行 中 住  周 遍 其 四 體  是 名 行 中 我  
ZH_T02_0099_005:0034c23_2	「云何見識即是我？	005	 云 何 見 識 即 是 我  
ZH_T02_0099_005:0034c23_23	謂六識身——眼識，耳、鼻、舌、身、意識身。	005	謂 六 識 身   眼 識  耳  鼻  舌  身  意 識 身  
ZH_T02_0099_005:0034c24_16	於此六識身一一見是我，是名識即是我。	005	於 此 六 識 身 一 一 見 是 我  是 名 識 即 是 我  
ZH_T02_0099_005:0034c25_5	云何見識異我？	005	云 何 見 識 異 我  
ZH_T02_0099_005:0034c26_18	見色是我，識是我所，見受、想、行是我，識是我所，是名識異我。	005	見 色 是 我  識 是 我 所  見 受  想  行 是 我  識 是 我 所  是 名 識 異 我  
ZH_T02_0099_005:0034c27_4	「云何見我中識？	005	 云 何 見 我 中 識  
ZH_T02_0099_005:0034c27_14	謂色是我，識在中住。	005	謂 色 是 我  識 在 中 住  
ZH_T02_0099_005:0034c28_12	受、想、行是我，識在中住，是名我中識。	005	受  想  行 是 我  識 在 中 住  是 名 我 中 識  
ZH_T02_0099_005:0034c28_18	云何識中我？	005	云 何 識 中 我  
ZH_T02_0099_005:0034c29_15	謂色是我，於識中住，周遍其四體。	005	謂 色 是 我  於 識 中 住  周 遍 其 四 體  
ZH_T02_0099_005:0035a02_1	受、想、行是我，於識中住，周遍其四體，是名識中我。	005	受  想  行 是 我  於 識 中 住  周 遍 其 四 體  是 名 識 中 我  
ZH_T02_0099_005:0035a03_12	「如是聖弟子見四真諦，得無間等果，斷諸邪見，於未來世永不復起。	005	 如 是 聖 弟 子 見 四 真 諦  得 無 間 等 果  斷 諸 邪 見  於未來世 永 不 復 起  
ZH_T02_0099_005:0035a05_20	所有諸色，若過去、若未來、若現在、若內、若外、若麤、若細、若好、若醜、若遠、若近，一向積聚，作如是觀：	005	所 有 諸 色  若 過 去  若 未 來  若 現 在  若 內  若 外  若 麤  若 細  若 好  若 醜  若 遠  若 近  一 向 積 聚  作 如 是 觀  
ZH_T02_0099_005:0035a07_7	『一切無常、一切苦、一切空、一切非我，不應愛樂、攝受、保持。	005	 一 切 無 常  一 切 苦  一 切 空  一 切 非 我  不 應 愛 樂  攝 受  保 持  
ZH_T02_0099_005:0035a08_7	受、想、行、識亦復如是，不應愛樂、攝受、保持。	005	受  想  行  識 亦復如是  不 應 愛 樂  攝 受  保 持  
ZH_T02_0099_005:0035a08_22	』如是觀，善繫心住，不愚於法。	005	 如 是 觀  善 繫 心 住  不 愚 於 法  
ZH_T02_0099_005:0035a11_9	復觀精進，離諸懈怠，心得喜樂，身心猗息，寂靜捨住，具諸道品，修行滿足，永離諸惡，非不消煬，非不寂滅。	005	復 觀 精 進  離 諸 懈 怠  心 得 喜 樂  身 心 猗 息  寂 靜 捨 住  具 諸 道 品  修 行 滿 足  永 離 諸 惡  非 不 消 煬  非 不 寂 滅  
ZH_T02_0099_005:0035a12_16	滅而不起，減而不增，斷而不生，不取不著，自覺涅槃：	005	滅 而 不 起  減 而 不 增  斷 而 不 生  不 取 不 著  自 覺 涅 槃  
ZH_T02_0099_005:0035a14_1	『我生已盡，梵行已立，所作已作，自知不受後有。	005	 我 生 已 盡  梵 行 已 立  所 作 已 作  自 知 不 受 後 有  
ZH_T02_0099_005:0035a15_6	』」舍利弗說是法時，六十比丘不受諸漏，心得解脫。	005	  舍 利 弗 說 是 法 時  六 十 比 丘 不 受 諸 漏  心得解脫  
ZH_T02_0099_005:0035a16_6	佛說此經已，諸比丘聞佛所說，歡喜奉行。	005	佛 說 此 經 已  諸 比 丘 聞 佛 所 說  歡 喜 奉 行  
ZH_T02_0099_005:0035a17_12	110（一一〇）如是我聞：	005	1 1 0  一 一 〇  如是我聞  
ZH_T02_0099_005:0035a18_1	一時，佛住毘舍離獼猴池側。	005	一 時  佛 住 毘 舍 離 獼 猴 池 側  
ZH_T02_0099_005:0035a19_6	毘舍離國有尼揵子，聰慧明哲，善解諸論，有聰明慢。	005	毘 舍 離 國 有 尼 揵 子  聰 慧 明 哲  善 解 諸 論  有 聰 明 慢  
ZH_T02_0099_005:0035a20_13	所廣集諸論，妙智入微，為眾說法，超諸論師，每作是念：	005	所 廣 集 諸 論  妙 智 入 微  為 眾 說 法  超 諸 論 師  每 作 是 念  
ZH_T02_0099_005:0035a21_14	「諸沙門、婆羅門無敵我者，乃至如來亦能共論。	005	 諸 沙 門  婆 羅 門 無 敵 我 者  乃 至 如 來 亦 能 共 論  
ZH_T02_0099_005:0035a22_18	諸論師輩，聞我名者，頭額津腋下汗，毛孔流水；	005	諸 論 師 輩  聞 我 名 者  頭 額 津 腋 下 汗  毛 孔 流 水  
ZH_T02_0099_005:0035a24_15	我論議風，能偃草折樹，摧破金石，伏諸龍象，何況人間諸論師輩，能當我者！	005	我 論 議 風  能 偃 草 折 樹  摧 破 金 石  伏 諸 龍 象  何 況 人 間 諸 論 師 輩  能 當 我 者  
ZH_T02_0099_005:0035a26_11	」時，有比丘名阿濕波誓，晨朝著衣持鉢，威儀詳序，端視平涉，入城乞食。	005	 時  有 比 丘 名 阿 濕 波 誓  晨 朝 著衣持鉢  威 儀 詳 序  端 視 平 涉  入 城 乞 食  
ZH_T02_0099_005:0035a28_15	爾時，薩遮尼揵子，有少緣事，詣諸聚落，從城門出，遙見比丘阿濕波誓，即詣其所，問言：	005	爾 時  薩 遮 尼 揵 子  有 少 緣 事  詣 諸 聚 落  從 城 門 出  遙 見 比 丘 阿 濕 波 誓  即 詣 其 所  問 言  
ZH_T02_0099_005:0035a29_9	「沙門瞿曇為諸弟子云何說法？	005	 沙 門 瞿 曇 為 諸 弟 子 云 何 說 法  
ZH_T02_0099_005:0035b01_7	以何等法教諸弟子，令其修習？	005	以 何 等 法 教 諸 弟 子  令 其 修 習  
ZH_T02_0099_005:0035b01_14	」阿濕波誓言：	005	 阿 濕 波 誓 言  
ZH_T02_0099_005:0035b01_20	「火種居士！	005	 火 種 居 士  
ZH_T02_0099_005:0035b02_15	世尊如是說法教諸弟子，令隨修學。	005	世 尊 如 是 說 法 教 諸 弟 子  令 隨 修 學  
ZH_T02_0099_005:0035b02_17	言：	005	言  
ZH_T02_0099_005:0035b03_2	『諸比丘！	005	 諸 比 丘  
ZH_T02_0099_005:0035b04_1	於色當觀無我，受、想、行、識當觀無我。	005	於 色 當 觀 無 我  受  想  行  識 當 觀 無 我  
ZH_T02_0099_005:0035b05_11	此五受陰勤方便觀，如病、如癰、如刺、如殺，無常、苦、空、非我。	005	此 五 受 陰 勤 方 便 觀  如 病  如 癰  如 刺  如 殺  無 常  苦  空  非 我  
ZH_T02_0099_005:0035b06_7	』」薩遮尼揵子聞此語，心不喜，作是言：	005	  薩 遮 尼 揵 子 聞 此 語  心 不 喜  作 是 言  
ZH_T02_0099_005:0035b06_13	「阿濕波誓！	005	 阿 濕 波 誓  
ZH_T02_0099_005:0035b07_8	汝必誤聽，沙門瞿曇終不作是說。	005	汝 必 誤 聽  沙 門 瞿 曇 終 不 作 是 說  
ZH_T02_0099_005:0035b08_15	若沙門瞿曇作是說者，則是邪見，我當詣彼難詰令止。	005	若 沙 門 瞿 曇 作 是 說 者  則 是 邪 見  我 當 詣 彼 難 詰 令 止  
ZH_T02_0099_005:0035b10_8	」爾時，薩遮尼犍子往詣聚落，諸離車等集會之處，語諸離車言：	005	 爾 時  薩 遮 尼 犍 子 往 詣 聚 落  諸 離 車 等 集 會 之 處  語 諸 離 車 言  
ZH_T02_0099_005:0035b13_8	「我今日見沙門瞿曇第一弟子，名阿濕波誓，薄共論議，若如其所說者，我當詣彼沙門瞿曇，與共論議，進却迴轉，必隨我意。	005	 我 今 日 見 沙 門 瞿 曇 第 一 弟 子  名 阿 濕 波 誓  薄 共 論 議  若 如 其 所 說 者  我 當 詣 彼 沙 門 瞿 曇  與 共 論 議  進 却 迴 轉  必 隨 我 意  
ZH_T02_0099_005:0035b14_14	「譬如士夫刈拔茇草，手執其莖，空中抖擻，除諸亂穢；	005	 譬 如 士 夫 刈 拔 茇 草  手 執 其 莖  空 中 抖 擻  除 諸 亂 穢  
ZH_T02_0099_005:0035b16_11	我亦如是，與沙門瞿曇論議難詰，執其要領，進却迴轉，隨其所欲，去其邪說。	005	我 亦 如 是  與 沙 門 瞿 曇 論 議 難 詰  執 其 要 領  進 却 迴 轉  隨其所欲  去 其 邪 說  
ZH_T02_0099_005:0035b17_12	「如沽酒家執其酒囊，壓取清醇，去其糟滓；	005	 如 沽 酒 家 執 其 酒 囊  壓 取 清 醇  去 其 糟 滓  
ZH_T02_0099_005:0035b19_4	我亦如是，詣沙門瞿曇論議難詰，進却迴轉，取其清真，去諸邪說。	005	我 亦 如 是  詣 沙 門 瞿 曇 論 議 難 詰  進 却 迴 轉  取 其 清 真  去 諸 邪 說  
ZH_T02_0099_005:0035b20_12	「如織席師，以席盛諸穢物，欲市賣時，以水洗澤，去諸臭穢；	005	 如 織 席 師  以 席 盛 諸 穢 物  欲 市 賣 時  以 水 洗 澤  去 諸 臭 穢  
ZH_T02_0099_005:0035b22_6	我亦如是，詣沙門瞿曇所，與共論議，進却迴轉，執其綱領，去諸穢說。	005	我 亦 如 是  詣 沙 門 瞿 曇 所  與 共 論 議  進 却 迴 轉  執 其 綱 領  去 諸 穢 說  
ZH_T02_0099_005:0035b24_8	「譬如王家調象之師，牽大醉象，入深水中，洗其身體、四支、耳、鼻，周遍沐浴，去諸麁穢；	005	 譬 如 王 家 調 象 之 師  牽 大 醉 象  入 深 水 中  洗 其 身 體  四 支  耳  鼻  周 遍 沐 浴  去 諸 麁 穢  
ZH_T02_0099_005:0035b26_9	我亦如是，詣沙門瞿曇所，論議難詰，進却迴轉，隨意自在，執其要領，去諸穢說。	005	我 亦 如 是  詣 沙 門 瞿 曇 所  論 議 難 詰  進 却 迴 轉  隨意自在  執 其 要 領  去 諸 穢 說  
ZH_T02_0099_005:0035b27_5	汝諸離車，亦應共往觀其得失。	005	汝 諸 離 車  亦 應 共 往 觀 其 得 失  
ZH_T02_0099_005:0035b27_15	」中有離車作如是言：	005	 中 有 離 車 作如是言  
ZH_T02_0099_005:0035b29_3	「若薩遮尼犍子能與沙門瞿曇共論議者，無有是處。	005	 若 薩 遮 尼 犍 子 能 與 沙 門 瞿 曇 共 論 議 者  無 有 是 處  
ZH_T02_0099_005:0035b29_9	」復有說言：	005	 復 有 說 言  
ZH_T02_0099_005:0035c01_6	「薩遮尼犍子聰慧利根，能共論議。	005	 薩 遮 尼 犍 子 聰 慧 利 根  能 共 論 議  
ZH_T02_0099_005:0035c02_11	」時有五百離車與薩遮尼犍子共詣佛所，為論議故。	005	 時 有 五 百 離 車 與 薩 遮 尼 犍 子 共 詣 佛 所  為 論 議 故  
ZH_T02_0099_005:0035c03_14	爾時，世尊於大林中，坐一樹下，住於天住。	005	爾 時  世 尊 於 大 林 中  坐 一 樹 下  住 於 天 住  
ZH_T02_0099_005:0035c05_16	時，有眾多比丘出房外林中經行，遙見薩遮尼犍子來，漸漸詣諸比丘所，問諸比丘言：	005	時  有 眾 多 比 丘 出 房 外 林 中 經 行  遙 見 薩 遮 尼 犍 子 來  漸 漸 詣 諸 比 丘 所  問 諸 比 丘 言  
ZH_T02_0099_005:0035c06_7	「沙門瞿曇住在何所？	005	 沙 門 瞿 曇 住 在 何 所  
ZH_T02_0099_005:0035c06_13	」比丘答言：	005	 比 丘 答 言  
ZH_T02_0099_005:0035c07_9	「在大林中，依一樹下，住於天住。	005	 在 大 林 中  依 一 樹 下  住 於 天 住  
ZH_T02_0099_005:0035c08_12	」薩遮尼犍子即詣佛所，恭敬問訊，於一面坐。	005	 薩 遮 尼 犍 子 即 詣 佛 所  恭 敬 問 訊  於 一 面 坐  
ZH_T02_0099_005:0035c10_7	諸離車長者亦詣佛所，有恭敬者，有合掌問訊者，問訊已，於一面住。	005	諸 離 車 長 者 亦 詣 佛 所  有 恭 敬 者  有 合 掌 問 訊 者  問 訊 已  於 一 面 住  
ZH_T02_0099_005:0035c10_18	時，薩遮尼犍子白佛言：	005	時  薩 遮 尼 犍 子 白 佛 言  
ZH_T02_0099_005:0035c14_18	「我聞瞿曇作如是說法，作如是教授諸弟子——教諸弟子於色觀察無我，受、想、行、識觀察無我，此五受陰勤方便觀察，如病、如癰、如刺、如殺，無常、苦、空、非我。	005	 我 聞 瞿 曇 作如是說 法  作 如 是 教 授 諸 弟 子   教 諸 弟 子 於 色 觀 察 無 我  受  想  行  識 觀 察 無 我  此 五 受 陰 勤 方 便 觀 察  如 病  如 癰  如 刺  如 殺  無 常  苦  空  非 我  
ZH_T02_0099_005:0035c15_14	——為是瞿曇有如是教，為是傳者毀瞿曇耶？	005	  為 是 瞿 曇 有 如 是 教  為 是 傳 者 毀 瞿 曇 耶  
ZH_T02_0099_005:0035c16_2	如說說耶？	005	如 說 說 耶  
ZH_T02_0099_005:0035c16_8	不如說說耶？	005	不 如 說 說 耶  
ZH_T02_0099_005:0035c16_13	如法說耶？	005	如 法 說 耶  
ZH_T02_0099_005:0035c16_19	法次法說耶？	005	法 次 法 說 耶  
ZH_T02_0099_005:0035c17_14	無有異忍來相難詰，令墮負處耶？	005	無 有 異 忍 來 相 難 詰  令 墮 負 處 耶  
ZH_T02_0099_005:0035c18_5	」佛告薩遮尼犍子：	005	 佛 告 薩 遮 尼 犍 子  
ZH_T02_0099_005:0035c20_1	「如汝所聞，彼如說說、如法說、法次法說，非為謗毀，亦無難問令墮負處。	005	 如 汝 所 聞  彼 如 說 說  如 法 說  法 次 法 說  非 為 謗 毀  亦 無 難 問 令 墮 負 處  
ZH_T02_0099_005:0035c20_6	所以者何？	005	所以者何  
ZH_T02_0099_005:0035c22_1	我實為諸弟子如是說法，我實常教諸弟子，令隨順法教，令觀色無我。	005	我 實 為 諸 弟 子 如 是 說 法  我 實 常 教 諸 弟 子  令 隨 順 法 教  令 觀 色 無 我  
ZH_T02_0099_005:0035c23_17	受、想、行、識無我，觀此五受陰如病，如癰、如刺、如殺，無常、苦、空、非我。	005	受  想  行  識 無 我  觀 此 五 受 陰 如 病  如 癰  如 刺  如 殺  無 常  苦  空  非 我  
ZH_T02_0099_005:0035c24_4	」薩遮尼犍子白佛言：	005	 薩 遮 尼 犍 子 白 佛 言  
ZH_T02_0099_005:0035c24_8	「瞿曇！	005	 瞿 曇  
ZH_T02_0099_005:0035c24_14	我今當說譬。	005	我今當說 譬  
ZH_T02_0099_005:0035c25_3	」佛告薩遮尼犍子：	005	 佛 告 薩 遮 尼 犍 子  
ZH_T02_0099_005:0035c25_9	「宜知是時。	005	 宜知是時  
ZH_T02_0099_005:0035c26_4	」「譬如世間一切所作皆依於地。	005	  譬 如 世 間 一 切 所 作 皆 依 於 地  
ZH_T02_0099_005:0035c26_16	如是色是我人，善惡從生；	005	如 是 色 是 我 人  善 惡 從 生  
ZH_T02_0099_005:0035c27_11	受、想、行、識是我人，善惡從生。	005	受  想  行  識 是 我 人  善 惡 從 生  
ZH_T02_0099_005:0035c28_17	又復譬如人界、神界、藥草、樹木，皆依於地而得生長；	005	又 復 譬 如 人 界  神 界  藥 草  樹 木  皆 依 於 地 而 得 生 長  
ZH_T02_0099_005:0035c29_16	如是色是我人，受、想、行、識是我人。	005	如 是 色 是 我 人  受  想  行  識 是 我 人  
ZH_T02_0099_005:0036a01_2	」佛告火種居士：	005	 佛 告 火 種 居 士  
ZH_T02_0099_005:0036a01_22	「汝言色是我人，受、想、行、識是我人耶？	005	 汝 言 色 是 我 人  受  想  行  識 是 我 人 耶  
ZH_T02_0099_005:0036a02_2	」答言：	005	 答 言  
ZH_T02_0099_005:0036a02_9	「如是，瞿曇！	005	 如 是  瞿 曇  
ZH_T02_0099_005:0036a03_1	色是我人，受、想、行、識是我人。	005	色 是 我 人  受  想  行  識 是 我 人  
ZH_T02_0099_005:0036a03_10	此等諸眾悉作是說。	005	此 等 諸 眾 悉 作 是 說  
ZH_T02_0099_005:0036a03_18	」佛告火種居士：	005	 佛 告 火 種 居 士  
ZH_T02_0099_005:0036a04_12	「且立汝論本，用引眾人為？	005	 且 立 汝 論 本  用 引 眾 人 為  
ZH_T02_0099_005:0036a05_3	」薩遮尼犍子白佛言：	005	 薩 遮 尼 犍 子 白 佛 言  
ZH_T02_0099_005:0036a05_10	「色實是我人。	005	 色 實 是 我 人  
ZH_T02_0099_005:0036a05_18	」佛告火種居士：	005	 佛 告 火 種 居 士  
ZH_T02_0099_005:0036a06_7	「我今問汝，隨意答我。	005	 我 今 問 汝  隨 意 答 我  
ZH_T02_0099_005:0036a07_20	譬如國王，於自國土有罪過者，若殺、若縛、若擯、若鞭、斷絕手足；	005	譬 如 國 王  於 自 國 土 有 罪 過 者  若 殺  若 縛  若 擯  若 鞭  斷 絕 手 足  
ZH_T02_0099_005:0036a09_2	若有功者，賜其象馬、車乘、城邑、財寶，悉能爾不？	005	若 有 功 者  賜 其 象 馬  車 乘  城 邑  財 寶  悉 能 爾 不  
ZH_T02_0099_005:0036a09_6	」答言：	005	 答 言  
ZH_T02_0099_005:0036a09_10	「能爾。	005	 能 爾  
ZH_T02_0099_005:0036a09_13	瞿曇！	005	瞿 曇  
ZH_T02_0099_005:0036a09_21	」佛告火種居士：	005	 佛 告 火 種 居 士  
ZH_T02_0099_005:0036a10_9	「凡是主者，悉得自在不？	005	 凡 是 主 者  悉 得 自 在 不  
ZH_T02_0099_005:0036a10_13	」答言：	005	 答 言  
ZH_T02_0099_005:0036a10_20	「如是，瞿曇！	005	 如 是  瞿 曇  
ZH_T02_0099_005:0036a11_5	」佛告火種居士：	005	 佛 告 火 種 居 士  
ZH_T02_0099_005:0036a12_18	「汝言色是我，受、想、行、識即是我，得隨意自在，令彼如是，不令如是耶？	005	 汝 言 色 是 我  受  想  行  識 即 是 我  得 隨意自在  令 彼 如 是  不 令 如 是 耶  
ZH_T02_0099_005:0036a13_11	」時，薩遮尼犍子默然而住。	005	 時  薩 遮 尼 犍 子 默然而住  
ZH_T02_0099_005:0036a13_18	佛告火種居士：	005	佛 告 火 種 居 士  
ZH_T02_0099_005:0036a14_3	「速說！	005	 速 說  
ZH_T02_0099_005:0036a14_6	速說！	005	速 說  
ZH_T02_0099_005:0036a14_11	何故默然？	005	何 故 默 然  
ZH_T02_0099_005:0036a15_5	」如是再三，薩遮尼犍子猶故默然。	005	 如 是 再 三  薩 遮 尼 犍 子 猶 故 默 然  
ZH_T02_0099_005:0036a17_6	時，有金剛力鬼神持金剛杵，猛火熾然，在虛空中臨薩遮尼犍子頭上，作是言：	005	時  有 金 剛 力 鬼 神 持 金 剛 杵  猛 火 熾 然  在 虛 空 中 臨 薩 遮 尼 犍 子 頭 上  作 是 言  
ZH_T02_0099_005:0036a17_19	「世尊再三問，汝何故不答？	005	 世 尊 再 三 問  汝 何 故 不 答  
ZH_T02_0099_005:0036a18_14	我當以金剛杵碎破汝頭，令作七分。	005	我 當 以 金 剛 杵 碎 破 汝 頭  令 作 七 分  
ZH_T02_0099_005:0036a20_2	」佛神力故，唯令薩遮尼犍子見金剛神，餘眾不見。	005	 佛 神 力 故  唯 令 薩 遮 尼 犍 子 見 金 剛 神  餘 眾 不 見  
ZH_T02_0099_005:0036a20_16	薩遮尼犍子得大恐怖，白佛言：	005	薩 遮 尼 犍 子 得 大 恐 怖  白 佛 言  
ZH_T02_0099_005:0036a21_1	「不爾。	005	 不 爾  
ZH_T02_0099_005:0036a21_4	瞿曇！	005	瞿 曇  
ZH_T02_0099_005:0036a21_13	」佛告薩遮尼犍子：	005	 佛 告 薩 遮 尼 犍 子  
ZH_T02_0099_005:0036a22_3	「徐徐思惟，然後解說。	005	 徐 徐 思 惟  然 後 解 說  
ZH_T02_0099_005:0036a23_8	汝先於眾中說色是我，受、想、行、識是我，而今言不？	005	汝 先 於 眾 中 說 色 是 我  受  想  行  識 是 我  而 今 言 不  
ZH_T02_0099_005:0036a23_13	前後相違。	005	前 後 相 違  
ZH_T02_0099_005:0036a23_19	汝先常說言：	005	汝 先 常 說 言  
ZH_T02_0099_005:0036a24_14	『色是我，受、想、行、識是我。	005	 色 是 我  受  想  行  識 是 我  
ZH_T02_0099_005:0036a24_20	』火種居士！	005	 火 種 居 士  
ZH_T02_0099_005:0036a25_6	我今問汝，色為常耶？	005	我 今 問 汝  色 為 常 耶  
ZH_T02_0099_005:0036a25_11	為無常耶？	005	為 無 常 耶  
ZH_T02_0099_005:0036a25_15	」答言：	005	 答 言  
ZH_T02_0099_005:0036a25_19	「無常。	005	 無 常  
ZH_T02_0099_005:0036a26_1	瞿曇！	005	瞿 曇  
ZH_T02_0099_005:0036a26_5	」復問：	005	 復 問  
ZH_T02_0099_005:0036a26_14	「無常者，是苦耶？	005	 無 常 者  是 苦 耶  
ZH_T02_0099_005:0036a26_18	」答言：	005	 答 言  
ZH_T02_0099_005:0036a26_22	「是苦。	005	 是 苦  
ZH_T02_0099_005:0036a26_25	瞿曇！	005	瞿 曇  
ZH_T02_0099_005:0036a27_2	」復問：	005	 復 問  
ZH_T02_0099_005:0036a28_11	「無常、苦者，是變易法，多聞聖弟子寧於中見我、異我、相在不？	005	 無 常  苦 者  是 變 易 法  多聞聖弟子 寧 於 中 見 我  異 我  相 在 不  
ZH_T02_0099_005:0036a28_15	」答曰：	005	 答 曰  
ZH_T02_0099_005:0036a28_22	「不也，瞿曇！	005	 不 也  瞿 曇  
ZH_T02_0099_005:0036a29_11	」受、想、行、識亦如是說。	005	 受  想  行  識 亦 如 是 說  
ZH_T02_0099_005:0036a29_18	佛告火種居士：	005	佛 告 火 種 居 士  
ZH_T02_0099_005:0036b01_4	「汝好思而後說。	005	 汝 好 思 而 後 說  
ZH_T02_0099_005:0036b01_12	」復問火種居士：	005	 復 問 火 種 居 士  
ZH_T02_0099_005:0036b03_15	「若於色未離貪、未離欲、未離念、未離愛、未離渴，彼色若變、若異，當生憂、悲、惱、苦不？	005	 若 於 色 未 離 貪  未 離 欲  未 離 念  未 離 愛  未 離 渴  彼 色 若 變  若 異  當 生 憂  悲  惱  苦 不  
ZH_T02_0099_005:0036b03_19	」答曰：	005	 答 曰  
ZH_T02_0099_005:0036b04_1	「如是，瞿曇！	005	 如 是  瞿 曇  
ZH_T02_0099_005:0036b04_14	」受、想、行、識亦如是說。	005	 受  想  行  識 亦 如 是 說  
ZH_T02_0099_005:0036b04_17	復問：	005	復 問  
ZH_T02_0099_005:0036b04_23	「火種居士！	005	 火 種 居 士  
ZH_T02_0099_005:0036b06_13	於色離貪、離欲、離念、離愛、離渴，彼色若變、若異，則不生憂、悲、惱、苦耶？	005	於 色 離 貪  離 欲  離 念  離 愛  離 渴  彼 色 若 變  若 異  則 不 生 憂  悲  惱  苦 耶  
ZH_T02_0099_005:0036b06_17	」答曰：	005	 答 曰  
ZH_T02_0099_005:0036b06_21	「如是。	005	 如 是  
ZH_T02_0099_005:0036b06_24	瞿曇！	005	瞿 曇  
ZH_T02_0099_005:0036b07_4	如實無異。	005	如 實 無 異  
ZH_T02_0099_005:0036b07_17	」受、想、行、識亦如是說。	005	 受  想  行  識 亦 如 是 說  
ZH_T02_0099_005:0036b07_23	「火種居士！	005	 火 種 居 士  
ZH_T02_0099_005:0036b09_7	譬如士夫身嬰眾苦，常與苦俱，彼苦不斷不捨，當得樂不？	005	譬 如 士 夫 身 嬰 眾 苦  常 與 苦 俱  彼 苦 不 斷 不 捨  當 得 樂 不  
ZH_T02_0099_005:0036b09_11	」答言：	005	 答 言  
ZH_T02_0099_005:0036b09_18	「不也，瞿曇！	005	 不 也  瞿 曇  
ZH_T02_0099_005:0036b10_3	」「如是，火種居士！	005	  如 是  火 種 居 士  
ZH_T02_0099_005:0036b11_7	身嬰眾苦，常與苦俱，彼苦不斷、不捨，不得樂也。	005	身 嬰 眾 苦  常 與 苦 俱  彼 苦 不 斷  不 捨  不 得 樂 也  
ZH_T02_0099_005:0036b11_12	火種居士！	005	火 種 居 士  
ZH_T02_0099_005:0036b12_7	譬如士夫持斧入山，求堅實材。	005	譬 如 士 夫 持 斧 入 山  求 堅 實 材  
ZH_T02_0099_005:0036b14_1	見芭蕉樹洪大𦟛直，即斷其根葉，剽剝其皮，乃至窮盡，都無堅實。	005	見 芭 蕉 樹 洪 大 𦟛 直  即 斷 其 根 葉  剽 剝 其 皮  乃 至 窮 盡  都 無 堅 實  
ZH_T02_0099_005:0036b14_6	火種居士！	005	火 種 居 士  
ZH_T02_0099_005:0036b14_16	汝亦如是，自立論端。	005	汝 亦 如 是  自 立 論 端  
ZH_T02_0099_005:0036b16_9	我今善求真實之義，都無堅實，如芭蕉樹也，而於此眾中敢有所說。	005	我 今 善 求 真 實 之 義  都 無 堅 實  如 芭 蕉 樹 也  而 於 此 眾 中 敢 有 所 說  
ZH_T02_0099_005:0036b18_9	我不見沙門、婆羅門中，所知、所見能與如來、應、等正覺所知、所見共論議，不摧伏者。	005	我 不 見 沙 門  婆 羅 門 中  所 知  所 見 能 與 如 來  應  等 正 覺 所 知  所 見 共 論 議  不 摧 伏 者  
ZH_T02_0099_005:0036b18_14	而便自說：	005	而 便 自 說  
ZH_T02_0099_005:0036b20_11	『我論議風，偃草折樹，能破金石，調伏龍象，要能令彼額津腋汗，毛孔水流。	005	 我 論 議 風  偃 草 折 樹  能 破 金 石  調 伏 龍 象  要 能 令 彼 額 津 腋 汗  毛 孔 水 流  
ZH_T02_0099_005:0036b22_8	』汝今自論己義而不自立，先所誇說能伏彼相，今盡自取，而不能動如來一毛。	005	 汝 今 自 論 己 義 而 不 自 立  先 所 誇 說 能 伏 彼 相  今 盡 自 取  而 不 能 動 如 來 一 毛  
ZH_T02_0099_005:0036b23_10	」爾時，世尊於大眾中，被欝多羅僧，現胸而示：	005	 爾 時  世 尊 於 大 眾 中  被 欝多羅僧  現 胸 而 示  
ZH_T02_0099_005:0036b24_6	「汝等試看，能動如來一毛以不？	005	 汝 等 試 看  能 動 如 來 一 毛 以 不  
ZH_T02_0099_005:0036b25_6	」爾時，薩遮尼犍子默然低頭，慚愧失色。	005	 爾 時  薩 遮 尼 犍 子 默 然 低 頭  慚 愧 失 色  
ZH_T02_0099_005:0036b26_16	爾時，眾中有一離車，名突目佉，從座起，整衣服，合掌白佛言：	005	爾 時  眾 中 有 一 離 車  名 突 目 佉  從 座 起  整 衣 服  合 掌 白 佛 言  
ZH_T02_0099_005:0036b27_1	「世尊！	005	 世 尊  
ZH_T02_0099_005:0036b27_6	聽我說譬。	005	聽 我 說 譬  
ZH_T02_0099_005:0036b27_13	」佛告突目佉：	005	 佛 告 突 目 佉  
ZH_T02_0099_005:0036b27_19	「宜知是時。	005	 宜知是時  
ZH_T02_0099_005:0036b28_5	」突目佉白佛言：	005	 突 目 佉 白 佛 言  
ZH_T02_0099_005:0036b28_9	「世尊！	005	 世 尊  
ZH_T02_0099_005:0036c01_3	譬如有人執持斗斛，於大聚穀中，取二三斛，今此薩遮尼犍子亦復如是。	005	譬 如 有 人 執 持 斗 斛  於 大 聚 穀 中  取 二 三 斛  今 此 薩 遮 尼 犍 子 亦復如是  
ZH_T02_0099_005:0036c01_6	世尊！	005	世 尊  
ZH_T02_0099_005:0036c03_4	譬如長者巨富多財，忽有罪過，一切財物悉入王家，薩遮尼犍子亦復如是。	005	譬 如 長 者 巨 富 多 財  忽 有 罪 過  一 切 財 物 悉 入 王 家  薩 遮 尼 犍 子 亦復如是  
ZH_T02_0099_005:0036c03_17	所有才辯悉為如來之所攝受。	005	所 有 才 辯 悉 為 如 來 之 所 攝 受  
ZH_T02_0099_005:0036c06_12	「譬如城邑聚落邊有大水，男女大小悉入水戲，取水中蟹，截斷其足，置於陸地，以無足故，不能還復入於大水。	005	 譬 如 城邑聚落 邊 有 大 水  男 女 大 小 悉 入 水 戲  取 水 中 蟹  截 斷 其 足  置 於 陸 地  以 無 足 故  不 能 還 復 入 於 大 水  
ZH_T02_0099_005:0036c07_5	薩遮尼犍子亦復如是。	005	薩 遮 尼 犍 子 亦復如是  
ZH_T02_0099_005:0036c08_15	諸有才辯悉為如來之所斷截，終不復敢重詣如來命敵論議。	005	諸 有 才 辯 悉 為 如 來 之 所 斷 截  終 不 復 敢 重 詣 如 來 命 敵 論 議  
ZH_T02_0099_005:0036c10_2	」爾時，薩遮尼犍子忿怒熾盛，罵唾突目佉離車言：	005	 爾 時  薩 遮 尼 犍 子 忿 怒 熾 盛  罵 唾 突 目 佉 離 車 言  
ZH_T02_0099_005:0036c10_8	「汝麁疏物！	005	 汝 麁 疏 物  
ZH_T02_0099_005:0036c10_16	不審諦何為其鳴？	005	不 審 諦 何 為 其 鳴  
ZH_T02_0099_005:0036c11_10	吾自與沙門瞿曇論，何豫汝事？	005	吾 自 與 沙 門 瞿 曇 論  何 豫 汝 事  
ZH_T02_0099_005:0036c12_10	」薩遮尼犍子呵罵突目佉已，復白佛言：	005	 薩 遮 尼 犍 子 呵 罵 突 目 佉 已  復 白 佛 言  
ZH_T02_0099_005:0036c13_9	「置彼凡輩鄙賤之說，我今別有所問。	005	 置 彼 凡 輩 鄙 賤 之 說  我 今 別 有 所 問  
ZH_T02_0099_005:0036c13_18	」佛告薩遮尼犍子：	005	 佛 告 薩 遮 尼 犍 子  
ZH_T02_0099_005:0036c14_10	「恣汝所問，當隨問答。	005	 恣 汝 所 問  當 隨 問 答  
ZH_T02_0099_005:0036c14_15	」「云何？	005	  云 何  
ZH_T02_0099_005:0036c14_18	瞿曇！	005	瞿 曇  
ZH_T02_0099_005:0036c15_7	為弟子說法，令離疑惑？	005	為 弟 子 說 法  令 離 疑 惑  
ZH_T02_0099_005:0036c15_15	」佛告火種居士：	005	 佛 告 火 種 居 士  
ZH_T02_0099_005:0036c18_17	「我為諸弟子說諸所有色，若過去、若未來、若現在，若內、若外，若麁、若細，若好、若醜，若遠、若近，彼一切如實觀察非我、非異我、不相在；	005	 我 為 諸 弟 子 說 諸 所 有 色  若 過 去  若 未 來  若 現 在  若 內  若 外  若 麁  若 細  若 好  若 醜  若 遠  若 近  彼 一 切 如實觀察 非 我  非 異 我  不 相 在  
ZH_T02_0099_005:0036c19_9	受、想、行、識亦復如是。	005	受  想  行  識 亦復如是  
ZH_T02_0099_005:0036c21_9	彼學必見跡不斷壞，堪任成就，厭離知見，守甘露門，雖非一切悉得究竟，且向涅槃。	005	彼 學 必 見 跡 不 斷 壞  堪 任 成 就  厭 離 知 見  守 甘 露 門  雖 非 一 切 悉 得 究 竟  且 向 涅 槃  
ZH_T02_0099_005:0036c22_6	如是弟子從我教法，得離疑惑。	005	如 是 弟 子 從 我 教 法  得 離 疑 惑  
ZH_T02_0099_005:0036c22_10	」復問：	005	 復 問  
ZH_T02_0099_005:0036c22_14	「瞿曇！	005	 瞿 曇  
ZH_T02_0099_005:0036c24_6	復云何教諸弟子，於佛法得盡諸漏、無漏，心解脫、慧解脫，現法自知作證：	005	復 云 何 教 諸 弟 子  於 佛 法 得 盡 諸 漏  無 漏  心 解 脫  慧 解 脫  現 法 自 知 作 證  
ZH_T02_0099_005:0036c25_9	『我生已盡，梵行已立，所作已作，自知不受後有。	005	 我 生 已 盡  梵 行 已 立  所 作 已 作  自 知 不 受 後 有  
ZH_T02_0099_005:0036c25_11	』？	005	  
ZH_T02_0099_005:0036c25_19	」佛告火種居士：	005	 佛 告 火 種 居 士  
ZH_T02_0099_005:0036c28_16	「正以此法，諸所有色，若過去、若未來、若現在，若內、若外，若麁、若細，若好、若醜，若遠、若近，彼一切如實知非我、非異我、不相在；	005	 正 以 此 法  諸 所 有 色  若 過 去  若 未 來  若 現 在  若 內  若 外  若 麁  若 細  若 好  若 醜  若 遠  若 近  彼 一 切 如 實 知 非 我  非 異 我  不 相 在  
ZH_T02_0099_005:0036c29_7	受、想、行、識亦復如是。	005	受  想  行  識 亦復如是  
ZH_T02_0099_005:0037a01_18	彼於爾時成就三種無上——智無上、解脫無上、解脫知見無上。	005	彼 於 爾 時 成 就 三 種 無 上   智 無 上  解 脫 無 上  解脫知見 無 上  
ZH_T02_0099_005:0037a03_2	成就三種無上已，於大師所恭敬、尊重、供養如佛。	005	成 就 三 種 無 上 已  於 大 師 所 恭 敬  尊 重  供 養 如 佛  
ZH_T02_0099_005:0037a05_2	世尊覺一切法，即以此法調伏弟子，令得安隱、令得無畏、調伏寂靜、究竟涅槃。	005	世 尊 覺 一 切 法  即 以 此 法 調 伏 弟 子  令 得 安 隱  令 得 無 畏  調 伏 寂 靜  究竟涅槃  
ZH_T02_0099_005:0037a05_15	世尊為涅槃故，為弟子說法。	005	世 尊 為 涅 槃 故  為 弟 子 說 法  
ZH_T02_0099_005:0037a06_1	火種居士！	005	火 種 居 士  
ZH_T02_0099_005:0037a07_16	我諸弟子於此法中，得盡諸漏，得心解脫，得慧解脫，於現法中自知作證：	005	我 諸 弟 子 於 此 法 中  得 盡 諸 漏  得 心 解 脫  得 慧 解 脫  於現法中 自 知 作 證  
ZH_T02_0099_005:0037a09_1	『我生已盡，梵行已立，所作已作，自知不受後有。	005	 我 生 已 盡  梵 行 已 立  所 作 已 作  自 知 不 受 後 有  
ZH_T02_0099_005:0037a09_12	』」薩遮尼犍子白佛言：	005	  薩 遮 尼 犍 子 白 佛 言  
ZH_T02_0099_005:0037a09_16	「瞿曇！	005	 瞿 曇  
ZH_T02_0099_005:0037a10_9	猶如壯夫，鋒刃亂下，猶可得免；	005	猶 如 壯 夫  鋒 刃 亂 下  猶 可 得 免  
ZH_T02_0099_005:0037a11_1	瞿曇論手，難可得脫。	005	瞿 曇 論 手  難 可 得 脫  
ZH_T02_0099_005:0037a11_11	如盛毒蛇，猶可得避；	005	如 盛 毒 蛇  猶 可 得 避  
ZH_T02_0099_005:0037a12_3	曠澤猛火，猶可得避；	005	曠 澤 猛 火  猶 可 得 避  
ZH_T02_0099_005:0037a12_13	兇惡醉象，亦可得免；	005	兇 惡 醉 象  亦 可 得 免  
ZH_T02_0099_005:0037a13_4	狂餓師子，悉可得免；	005	狂 餓 師 子  悉 可 得 免  
ZH_T02_0099_005:0037a14_1	沙門瞿曇論議手中，難可得脫。	005	沙 門 瞿 曇 論 議 手 中  難 可 得 脫  
ZH_T02_0099_005:0037a15_6	非我凡品，輕躁鄙夫，論具不備，以論議故，來詣瞿曇。	005	非 我 凡 品  輕 躁 鄙 夫  論 具 不 備  以 論 議 故  來 詣 瞿 曇  
ZH_T02_0099_005:0037a15_12	「沙門瞿曇！	005	 沙 門 瞿 曇  
ZH_T02_0099_005:0037a18_11	此毘舍離豐樂國土，有遮波梨支提、漆菴羅樹支提、多子支提、瞿曇在拘樓陀支提、婆羅受持支提、捨重擔支提、力士寶冠支提。	005	此 毘 舍 離 豐 樂 國 土  有 遮 波 梨 支 提  漆 菴 羅 樹 支 提  多子支提  瞿 曇 在 拘 樓 陀 支 提  婆 羅 受 持 支 提  捨 重 擔 支 提  力 士 寶 冠 支 提  
ZH_T02_0099_005:0037a18_14	世尊！	005	世 尊  
ZH_T02_0099_005:0037a21_18	當安樂於此毘舍離國，諸天、魔、梵、沙門、婆羅門，及諸世間，於世尊所，常得恭敬、奉事、供養，令此諸天、魔、梵、沙門、婆羅門，長夜安樂。	005	當 安 樂 於 此 毘 舍 離 國  諸 天  魔  梵  沙 門  婆 羅 門  及 諸 世 間  於 世 尊 所  常 得 恭 敬  奉 事  供 養  令 此 諸 天  魔  梵  沙 門  婆 羅 門  長 夜 安 樂  
ZH_T02_0099_005:0037a22_11	唯願止此，明朝與諸大眾，受我薄食。	005	唯 願 止 此  明 朝 與 諸 大 眾  受 我 薄 食  
ZH_T02_0099_005:0037a23_2	」爾時，世尊默然而許。	005	 爾 時  世 尊 默 然 而 許  
ZH_T02_0099_005:0037a24_12	時，薩遮尼犍子知佛世尊默然受請已，歡喜隨喜，從座起去。	005	時  薩 遮 尼 犍 子 知 佛 世 尊 默 然 受 請 已  歡 喜 隨 喜  從 座 起 去  
ZH_T02_0099_005:0037a25_11	爾時，薩遮尼犍子於彼道中，語諸離車：	005	爾 時  薩 遮 尼 犍 子 於 彼 道 中  語 諸 離 車  
ZH_T02_0099_005:0037a27_7	「我已請沙門瞿曇及諸大眾，供設飯食，汝等人各辦一釜食，送至我所。	005	 我 已 請 沙 門 瞿 曇 及 諸 大 眾  供 設 飯 食  汝 等 人 各 辦 一 釜 食  送 至 我 所  
ZH_T02_0099_005:0037a28_12	」諸離車各還其家，星夜供辦，晨朝送至薩遮尼犍子所。	005	 諸 離 車 各 還 其 家  星 夜 供 辦  晨 朝 送 至 薩 遮 尼 犍 子 所  
ZH_T02_0099_005:0037b01_2	薩遮尼犍子晨朝灑掃敷座，供辦淨水，遣使詣佛，白言：	005	薩 遮 尼 犍 子 晨 朝 灑 掃 敷 座  供 辦 淨 水  遣 使 詣 佛  白 言  
ZH_T02_0099_005:0037b01_6	「時到。	005	 時 到  
ZH_T02_0099_005:0037b02_12	」爾時，世尊與諸大眾，著衣持鉢，往薩遮尼犍子所，大眾前坐。	005	 爾 時  世 尊 與 諸 大 眾  著衣持鉢  往 薩 遮 尼 犍 子 所  大 眾 前 坐  
ZH_T02_0099_005:0037b03_14	薩遮尼犍子自手奉施清淨飲食，充足大眾。	005	薩 遮 尼 犍 子 自 手 奉 施 清 淨 飲 食  充 足 大 眾  
ZH_T02_0099_005:0037b04_2	食已，洗鉢竟。	005	食 已  洗 鉢 竟  
ZH_T02_0099_005:0037b05_7	薩遮尼犍子知佛食竟，洗鉢已，取一卑床於佛前坐。	005	薩 遮 尼 犍 子 知 佛 食 竟  洗 鉢 已  取 一 卑 床 於 佛 前 坐  
ZH_T02_0099_005:0037b06_7	爾時，世尊為薩遮尼犍子說隨喜偈言：	005	爾 時  世 尊 為 薩 遮 尼 犍 子 說 隨 喜 偈 言  
ZH_T02_0099_005:0037b07_14	「於諸大會中，　　奉火為其最；	005	 於 諸 大 會 中    奉 火 為 其 最  
ZH_T02_0099_005:0037b08_13	闈陀經典中，　　婆毘諦為最；	005	闈 陀 經 典 中    婆 毘 諦 為 最  
ZH_T02_0099_005:0037b09_0	人中王為最，　　諸河海為最，	005	人 中 王 為 最    諸 河 海 為 最  
ZH_T02_0099_005:0037b10_0	諸星月為最，　　諸明日為最，	005	諸 星 月 為 最    諸 明 日 為 最  
ZH_T02_0099_005:0037b11_13	十方天人中，　　等正覺為最。	005	十 方 天 人 中    等 正 覺 為 最  
ZH_T02_0099_005:0037b13_11	」爾時，世尊為薩遮尼犍子種種說法，示、教、照、喜已，還歸本處。	005	 爾 時  世 尊 為 薩 遮 尼 犍 子 種 種 說 法  示  教  照  喜 已  還 歸 本 處  
ZH_T02_0099_005:0037b14_4	時，諸比丘於彼道中眾共論議：	005	時  諸 比 丘 於 彼 道 中 眾 共 論 議  
ZH_T02_0099_005:0037b15_13	「五百離車各為薩遮尼犍子供辦飲食，彼諸離車於何得福？	005	 五 百 離 車 各 為 薩 遮 尼 犍 子 供 辦 飲 食  彼 諸 離 車 於 何 得 福  
ZH_T02_0099_005:0037b16_5	薩遮尼犍子於何得福？	005	薩 遮 尼 犍 子 於 何 得 福  
ZH_T02_0099_005:0037b18_6	」爾時，諸比丘還自住處，舉衣鉢，洗足已，至世尊所，頭面禮足，退坐一面，白佛言：	005	 爾 時  諸 比 丘 還 自 住 處  舉 衣 鉢  洗 足 已  至 世 尊 所  頭面禮足  退 坐 一 面  白 佛 言  
ZH_T02_0099_005:0037b18_10	「世尊！	005	 世 尊  
ZH_T02_0099_005:0037b20_10	我等向於路中自共論議，五百離車為薩遮尼犍子供辦飲食，供養世尊、諸大眾。	005	我 等 向 於 路 中 自 共 論 議  五 百 離 車 為 薩 遮 尼 犍 子 供 辦 飲 食  供 養 世 尊  諸 大 眾  
ZH_T02_0099_005:0037b20_19	彼諸離車於何得福？	005	彼 諸 離 車 於 何 得 福  
ZH_T02_0099_005:0037b21_9	薩遮尼犍子於何得福？	005	薩 遮 尼 犍 子 於 何 得 福  
ZH_T02_0099_005:0037b21_16	」佛告諸比丘：	005	 佛 告 諸 比 丘  
ZH_T02_0099_005:0037b24_4	「彼諸離車供辦飲食，為薩遮尼犍子，於薩遮尼犍子所因緣得福，薩遮尼犍子得福佛功德。	005	 彼 諸 離 車 供 辦 飲 食  為 薩 遮 尼 犍 子  於 薩 遮 尼 犍 子 所 因 緣 得 福  薩 遮 尼 犍 子 得 福 佛 功 德  
ZH_T02_0099_005:0037b25_19	彼諸離車得施有貪、恚、癡因緣果報，薩遮尼犍子得施無貪、恚、癡因緣果報。	005	彼 諸 離 車 得 施 有 貪  恚  癡 因 緣 果 報  薩 遮 尼 犍 子 得 施 無 貪  恚  癡 因 緣 果 報  
ZH_T02_0099_005:0037b26_0	彼多羅十問　　差摩、焰、仙尼	005	彼 多 羅 十 問   差 摩  焰  仙 尼 
ZH_T02_0099_005:0037b27_0	阿㝹羅、長者　　西、毛端、薩遮	005	阿 㝹 羅  長 者   西  毛 端  薩 遮 
ZH_T02_0099_005:0037b28_100	雜阿含經卷第五	005	雜 阿 含 經 卷 第 五 
