segmentnr	original	folio	stemmed
ZH_T12_0379_003:0939c11_0	四童子三昧經卷下	003	四 童 子 三 昧 經 卷 下 
ZH_T12_0379_003:0939c13_0	隋北印度健陀羅國	003	隋 北 印 度 健 陀 羅 國 
ZH_T12_0379_003:0939c14_0	三藏闍那崛多譯	003	三 藏 闍 那 崛 多 譯 
ZH_T12_0379_003:0939c15_10	爾時，慧命阿難白佛言：	003	爾 時  慧 命 阿 難 白 佛 言  
ZH_T12_0379_003:0939c15_14	「世尊！	003	 世 尊  
ZH_T12_0379_003:0939c16_17	惟願世尊或住一劫、或減一劫，憐愍此等諸眾生故。	003	惟 願 世 尊 或 住 一 劫  或 減 一 劫  憐 愍 此 等 諸 眾 生 故  
ZH_T12_0379_003:0939c17_2	所以者何？	003	所以者何  
ZH_T12_0379_003:0939c19_12	如來、多陀阿伽度、阿羅訶、三藐三佛陀若住世者，如是大事常現於世，又令是等真善大士，數數往返閻浮提內。	003	如 來  多 陀 阿 伽 度  阿 羅 訶  三藐三佛陀 若 住 世 者  如 是 大 事 常 現 於 世  又 令 是 等 真 善 大 士  數 數 往 返 閻 浮 提 內  
ZH_T12_0379_003:0939c21_1	我等眾生復應於此如許時間，當見此等菩薩大眾承事供養；	003	我 等 眾 生 復 應 於 此 如 許 時 間  當 見 此 等 菩 薩 大 眾 承事供養  
ZH_T12_0379_003:0939c21_19	又於此時，如是經典復應當得廣行流布；	003	又 於 此 時  如 是 經 典 復 應 當 得 廣 行 流 布  
ZH_T12_0379_003:0939c22_13	復如許時，我等得聞合佛法義；	003	復 如 許 時  我 等 得 聞 合 佛 法 義  
ZH_T12_0379_003:0939c24_2	如許時間，令我得見如來世尊及大士等種種現化神通之力。	003	如 許 時 間  令 我 得 見 如 來 世 尊 及 大 士 等 種 種 現 化 神 通 之 力  
ZH_T12_0379_003:0939c25_15	若如來今日不住於世、入涅槃者，我等眾生於如來世尊滅度之後遠離三事。	003	若 如 來 今 日 不 住 於 世  入 涅 槃 者  我 等 眾 生 於 如 來 世 尊 滅 度 之 後 遠 離 三 事  
ZH_T12_0379_003:0939c26_2	何等為三？	003	何 等 為 三  
ZH_T12_0379_003:0939c27_15	所謂不見佛、不聞正法、三者不見此等大士弘廣之心，亦復不得承奉供養；	003	所 謂 不 見 佛  不 聞 正 法  三 者 不 見 此 等 大 士 弘 廣 之 心  亦 復 不 得 承 奉 供 養  
ZH_T12_0379_003:0939c28_1	有如是失。	003	有 如 是 失  
ZH_T12_0379_003:0939c29_19	」慧命阿難說是言已，悲號大哭，憂歎懊惱，涕淚滿目，宛轉在地，如斫樹倒，並唱是言：	003	 慧 命 阿 難 說 是 言 已  悲 號 大 哭  憂 歎 懊 惱  涕 淚 滿 目  宛 轉 在 地  如 斫 樹 倒  並 唱 是 言  
ZH_T12_0379_003:0940a01_16	「我等速疾共佛別離，諸善知識亦復別離。	003	 我 等 速 疾 共 佛 別 離  諸 善 知 識 亦 復 別 離  
ZH_T12_0379_003:0940a03_4	」爾時，眾中有菩薩摩訶薩，名曰善思義，以偈白慧命阿難言：	003	 爾 時  眾 中 有 菩薩摩訶薩  名 曰 善 思 義  以 偈 白 慧 命 阿 難 言  
ZH_T12_0379_003:0940a04_0	「阿難莫憂惱，　　諸行悉無常，	003	 阿 難 莫 憂 惱    諸 行 悉 無 常  
ZH_T12_0379_003:0940a05_13	世法欲常者，　　此處不可得。	003	世 法 欲 常 者    此 處 不 可 得  
ZH_T12_0379_003:0940a06_13	若言有諸行，　　此言不可得。	003	若 言 有 諸 行    此 言 不 可 得  
ZH_T12_0379_003:0940a07_13	如是諸法空，　　汝今何憂苦？	003	如 是 諸 法 空    汝 今 何 憂 苦  
ZH_T12_0379_003:0940a08_0	諸智皆悉空，　　於佛智亦空，	003	諸 智 皆 悉 空    於 佛 智 亦 空  
ZH_T12_0379_003:0940a09_13	佛尚不可得，　　汝今何憂愁？	003	佛 尚 不 可 得    汝 今 何 憂 愁  
ZH_T12_0379_003:0940a10_13	汝莫生分別，　　智者捨分別。	003	汝 莫 生 分 別    智 者 捨 分 別  
ZH_T12_0379_003:0940a11_0	諸有如虛空，　　如陽焰似水，	003	諸 有 如 虛 空    如 陽 焰 似 水  
ZH_T12_0379_003:0940a12_0	亦如幻師化，　　象馬諸乘等，	003	亦 如 幻 師 化    象 馬 諸 乘 等  
ZH_T12_0379_003:0940a13_0	園林眾聚落，　　樹木諸花果，	003	園 林 眾 聚 落    樹 木 諸 花 果  
ZH_T12_0379_003:0940a14_13	世諦亦如是，　　如幻化無實。	003	世 諦 亦 如 是    如 幻 化 無 實  
ZH_T12_0379_003:0940a15_13	諸佛及聲聞，　　亦如是不異。	003	諸 佛 及 聲 聞    亦 如 是 不 異  
ZH_T12_0379_003:0940a16_16	」爾時，慧命阿難以偈報善思義菩薩言：	003	 爾 時  慧 命 阿 難 以 偈 報 善 思 義 菩 薩 言  
ZH_T12_0379_003:0940a17_0	「如是如所說，　　諸法無有相，	003	 如 是 如 所 說    諸 法 無 有 相  
ZH_T12_0379_003:0940a18_13	此最為勝法，　　我今最後聞。	003	此 最 為 勝 法    我 今 最 後 聞  
ZH_T12_0379_003:0940a19_13	云何向舍衛，　　所問我何報？	003	云 何 向 舍 衛    所 問 我 何 報  
ZH_T12_0379_003:0940a20_3	『阿難！	003	 阿 難  
ZH_T12_0379_003:0940a20_7	佛何在？	003	佛 何 在  
ZH_T12_0379_003:0940a20_15	　　世眼何時來？	003	  世 眼 何 時 來  
ZH_T12_0379_003:0940a21_0	我昔往彼處，　　常見佛世尊，	003	我 昔 往 彼 處    常 見 佛 世 尊  
ZH_T12_0379_003:0940a22_13	今往彼處空，　　大智我那住？	003	今 往 彼 處 空    大 智 我 那 住  
ZH_T12_0379_003:0940a24_1	」爾時，寂靜轉善男子復向慧命阿難以偈白言：	003	 爾 時  寂 靜 轉 善 男 子 復 向 慧 命 阿 難 以 偈 白 言  
ZH_T12_0379_003:0940a25_14	「汝於億年哭，　　此事難可得。	003	 汝 於 億 年 哭    此 事 難 可 得  
ZH_T12_0379_003:0940a26_2	阿難！	003	阿 難  
ZH_T12_0379_003:0940a26_14	汝諦觀，　　法界難見處。	003	汝 諦 觀    法 界 難 見 處  
ZH_T12_0379_003:0940a27_0	譬如芭蕉莖，　　葉葉皆除去，	003	譬 如 芭 蕉 莖    葉 葉 皆 除 去  
ZH_T12_0379_003:0940a28_13	其間無有實，　　法體亦如是。	003	其 間 無 有 實    法 體 亦 如 是  
ZH_T12_0379_003:0940a29_0	猶如天降雨，　　普下諸水渧，	003	猶 如 天 降 雨    普 下 諸 水 渧  
ZH_T12_0379_003:0940b01_13	泡起已還滅，　　諸有為亦然。	003	泡 起 已 還 滅    諸 有 為 亦 然  
ZH_T12_0379_003:0940b02_0	如水沫揣聚，　　有眼者觀見，	003	如 水 沫 揣 聚    有 眼 者 觀 見  
ZH_T12_0379_003:0940b03_13	此處無有實，　　世相亦如是。	003	此 處 無 有 實    世 相 亦 如 是  
ZH_T12_0379_003:0940b04_0	譬如鏡中像，　　其體無有實，	003	譬 如 鏡 中 像    其 體 無 有 實  
ZH_T12_0379_003:0940b05_13	三界世相爾，　　智者莫涕泣。	003	三 界 世 相 爾    智 者 莫 涕 泣  
ZH_T12_0379_003:0940b06_18	」爾時，慧命阿難以偈報寂定菩薩摩訶薩言：	003	 爾 時  慧 命 阿 難 以 偈 報 寂 定 菩薩摩訶薩 言  
ZH_T12_0379_003:0940b07_0	「我非不知此，　　如汝智者說，	003	 我 非 不 知 此    如 汝 智 者 說  
ZH_T12_0379_003:0940b08_13	三相皆無常，　　經中大仙說。	003	三 相 皆 無 常    經 中 大 仙 說  
ZH_T12_0379_003:0940b09_0	但此億數天，　　泣淚皆啼哭，	003	但 此 億 數 天    泣 淚 皆 啼 哭  
ZH_T12_0379_003:0940b10_13	向我邊叫喚，　　以是生我苦。	003	向 我 邊 叫 喚    以 是 生 我 苦  
ZH_T12_0379_003:0940b11_0	世尊不久去，　　捨我等眼者，	003	世 尊 不 久 去    捨 我 等 眼 者  
ZH_T12_0379_003:0940b12_5	我等何趣向？	003	我 等 何 趣 向  
ZH_T12_0379_003:0940b12_13	　　誰能救護我？	003	  誰 能 救 護 我  
ZH_T12_0379_003:0940b13_13	正法從誰聞，　　寂靜深無比？	003	正 法 從 誰 聞    寂 靜 深 無 比  
ZH_T12_0379_003:0940b14_5	我今供養誰？	003	我 今 供 養 誰  
ZH_T12_0379_003:0940b14_10	　　嗚呼！	003	  嗚 呼  
ZH_T12_0379_003:0940b14_14	佛難見！	003	佛 難 見  
ZH_T12_0379_003:0940b16_1	」爾時，無攀緣菩薩摩訶薩以偈告慧命阿難言：	003	 爾 時  無 攀 緣 菩薩摩訶薩 以 偈 告 慧 命 阿 難 言  
ZH_T12_0379_003:0940b17_0	「尊者阿難起，　　但觀法莫憂，	003	 尊 者 阿 難 起    但 觀 法 莫 憂  
ZH_T12_0379_003:0940b18_13	法無有來者，　　亦無有去者。	003	法 無 有 來 者    亦 無 有 去 者  
ZH_T12_0379_003:0940b19_13	譬如佛有生，　　證菩提亦爾；	003	譬 如 佛 有 生    證 菩 提 亦 爾  
ZH_T12_0379_003:0940b20_13	譬如轉法輪，　　涅槃亦如是。	003	譬 如 轉 法 輪    涅 槃 亦 如 是  
ZH_T12_0379_003:0940b21_0	諸佛不曾生，　　亦復不曾滅，	003	諸 佛 不 曾 生    亦 復 不 曾 滅  
ZH_T12_0379_003:0940b22_13	如是真法中，　　阿難何以哭？	003	如 是 真 法 中    阿 難 何 以 哭  
ZH_T12_0379_003:0940b23_0	汝聞我毛孔，　　出如是諸聲，	003	汝 聞 我 毛 孔    出 如 是 諸 聲  
ZH_T12_0379_003:0940b24_13	諸有空寂靜，　　佛等四種事。	003	諸 有 空 寂 靜    佛 等 四 種 事  
ZH_T12_0379_003:0940b26_1	」爾時，慧命阿難以偈白無攀緣菩薩摩訶薩言：	003	 爾 時  慧 命 阿 難 以 偈 白 無 攀 緣 菩薩摩訶薩 言  
ZH_T12_0379_003:0940b27_0	「大士等不久，　　各各別剎去，	003	 大 士 等 不 久    各 各 別 剎 去  
ZH_T12_0379_003:0940b28_13	彼國見諸佛，　　說於甘露法。	003	彼 國 見 諸 佛    說 於 甘 露 法  
ZH_T12_0379_003:0940b29_0	汝聞彼佛法，　　甚深諸妙義，	003	汝 聞 彼 佛 法    甚 深 諸 妙 義  
ZH_T12_0379_003:0940c01_13	見彼佛徒眾，　　及諸菩薩等。	003	見 彼 佛 徒 眾    及 諸 菩 薩 等  
ZH_T12_0379_003:0940c02_0	今我億數天，　　哭泣而圍遶，	003	今 我 億 數 天    哭 泣 而 圍 遶  
ZH_T12_0379_003:0940c03_13	世尊涅槃已，　　智者我那住？	003	世 尊 涅 槃 已    智 者 我 那 住  
ZH_T12_0379_003:0940c04_0	優婆塞千數，　　今日承聽我，	003	優 婆 塞 千 數    今 日 承 聽 我  
ZH_T12_0379_003:0940c05_13	大苦惱憂悲，　　我云何慰喻？	003	大 苦 惱 憂 悲    我 云 何 慰 喻  
ZH_T12_0379_003:0940c06_0	三十三焰摩、　　兜率及他化、	003	三 十 三 焰 摩    兜 率 及 他 化  
ZH_T12_0379_003:0940c07_0	自在及梵天、　　如是等天來，	003	自 在 及 梵 天    如 是 等 天 來  
ZH_T12_0379_003:0940c08_5	云何令歡喜？	003	云 何 令 歡 喜  
ZH_T12_0379_003:0940c09_5	　　釋牛王滅後，云何宣彼法？	003	  釋 牛 王 滅 後  云 何 宣 彼 法  
ZH_T12_0379_003:0940c09_13	　　我口云何辯？	003	  我 口 云 何 辯  
ZH_T12_0379_003:0940c10_5	諸天問我時：	003	諸 天 問 我 時  
ZH_T12_0379_003:0940c10_11	　　『阿難！	003	   阿 難  
ZH_T12_0379_003:0940c10_15	尊何在？	003	尊 何 在  
ZH_T12_0379_003:0940c11_5	』彼問我何報？	003	 彼 問 我 何 報  
ZH_T12_0379_003:0940c12_0	一切諸處所，　　甚深如來住，	003	一 切 諸 處 所    甚 深 如 來 住  
ZH_T12_0379_003:0940c13_13	我於經行林，　　今在何處所？	003	我 於 經 行 林    今 在 何 處 所  
ZH_T12_0379_003:0940c15_2	」爾時，開敷華神通德善男子以偈白慧命阿難言：	003	 爾 時  開 敷 華 神 通 德 善 男 子 以 偈 白 慧 命 阿 難 言  
ZH_T12_0379_003:0940c16_0	「我以知汝行，　　善於三月中，	003	 我 以 知 汝 行    善 於 三 月 中  
ZH_T12_0379_003:0940c17_13	數現身向汝，　　阿難莫哭泣。	003	數 現 身 向 汝    阿 難 莫 哭 泣  
ZH_T12_0379_003:0940c18_0	自餘千數佛，　　我告為汝故，	003	自 餘 千 數 佛    我 告 為 汝 故  
ZH_T12_0379_003:0940c19_13	諸佛為汝說，　　化作釋種身。	003	諸 佛 為 汝 說    化 作 釋 種 身  
ZH_T12_0379_003:0940c20_0	諸佛有慈念，　　以汝好事佛，	003	諸 佛 有 慈 念    以 汝 好 事 佛  
ZH_T12_0379_003:0940c21_13	當來向汝邊，　　阿難莫大哭。	003	當 來 向 汝 邊    阿 難 莫 大 哭  
ZH_T12_0379_003:0940c22_0	天等諸世間，　　今日可憂悲，	003	天 等 諸 世 間    今 日 可 憂 悲  
ZH_T12_0379_003:0940c23_13	如是大教師，　　隱寂而不現。	003	如 是 大 教 師    隱 寂 而 不 現  
ZH_T12_0379_003:0940c24_0	如來昔曾說，　　壽命住億劫，	003	如 來 昔 曾 說    壽 命 住 億 劫  
ZH_T12_0379_003:0940c25_13	諸行念念滅，　　我對教師聞。	003	諸 行 念 念 滅    我 對 教 師 聞  
ZH_T12_0379_003:0940c27_1	」爾時，慧命阿難住於佛後，三大叫喚而說偈言：	003	 爾 時  慧 命 阿 難 住 於 佛 後  三 大 叫 喚 而 說 偈 言  
ZH_T12_0379_003:0940c28_0	「眾生所歸者，　　能與彼等眼，	003	 眾 生 所 歸 者    能 與 彼 等 眼  
ZH_T12_0379_003:0940c29_13	導師入滅後，　　眾生轉盲冥。	003	導 師 入 滅 後    眾 生 轉 盲 冥  
ZH_T12_0379_003:0941a01_0	勝王阿闍世，　　聞此不善言，	003	勝 王 阿 闍 世    聞 此 不 善 言  
ZH_T12_0379_003:0941a02_13	導師入滅後，　　憂苦云何住？	003	導 師 入 滅 後    憂 苦 云 何 住  
ZH_T12_0379_003:0941a03_0	勝人今涅槃，　　於後力士子，	003	勝 人 今 涅 槃    於 後 力 士 子  
ZH_T12_0379_003:0941a04_13	如是等憂惱，　　悲號大哭泣。	003	如 是 等 憂 惱    悲 號 大 哭 泣  
ZH_T12_0379_003:0941a05_0	彼等集聚已，　　最後見導師，	003	彼 等 集 聚 已    最 後 見 導 師  
ZH_T12_0379_003:0941a06_13	敬心而尊重，　　合掌以曲躬。	003	敬 心 而 尊 重    合 掌 以 曲 躬  
ZH_T12_0379_003:0941a07_0	天龍夜叉滿，　　縱廣五由旬，	003	天 龍 夜 叉 滿    縱 廣 五 由 旬  
ZH_T12_0379_003:0941a08_13	此處無空缺，　　人類無入處。	003	此 處 無 空 缺    人 類 無 入 處  
ZH_T12_0379_003:0941a09_0	雨微妙香華，　　充滿至于膝，	003	雨 微 妙 香 華    充 滿 至 于 膝  
ZH_T12_0379_003:0941a10_13	復雨諸末香，　　供養最勝仙。	003	復 雨 諸 末 香    供 養 最 勝 仙  
ZH_T12_0379_003:0941a11_0	難陀、優波陀，　　及六十億龍，	003	難 陀  優 波 陀    及 六 十 億 龍  
ZH_T12_0379_003:0941a12_13	悉來涅槃處，　　最後見導師。	003	悉 來 涅 槃 處    最 後 見 導 師  
ZH_T12_0379_003:0941a13_0	摩那斯婆論，　　娑伽羅、大龍、	003	摩 那 斯 婆 論    娑 伽 羅  大 龍  
ZH_T12_0379_003:0941a14_0	睺嘍、目真陀，　　各百億圍遶，	003	睺 嘍  目 真 陀    各 百 億 圍 遶  
ZH_T12_0379_003:0941a15_0	起雲雨香水，　　散灑此大地，	003	起 雲 雨 香 水    散 灑 此 大 地  
ZH_T12_0379_003:0941a16_13	降大雨而來，　　最後見導師。	003	降 大 雨 而 來    最 後 見 導 師  
ZH_T12_0379_003:0941a17_0	諸天雨天華，　　及雨淨香水，	003	諸 天 雨 天 華    及 雨 淨 香 水  
ZH_T12_0379_003:0941a18_13	天龍等敬心，　　供養世尊故。	003	天 龍 等 敬 心    供 養 世 尊 故  
ZH_T12_0379_003:0941a19_0	阿耨達龍王，　　六十俱胝等，	003	阿 耨 達 龍 王    六 十 俱 胝 等  
ZH_T12_0379_003:0941a20_13	雨種種寶雨，　　到人牛王邊。	003	雨 種 種 寶 雨    到 人 牛 王 邊  
ZH_T12_0379_003:0941a21_0	伊羅鉢啼哭，　　須彌子大蛇，	003	伊 羅 鉢 啼 哭    須 彌 子 大 蛇  
ZH_T12_0379_003:0941a22_13	供養世尊故，　　最後奉見佛。	003	供 養 世 尊 故    最 後 奉 見 佛  
ZH_T12_0379_003:0941a23_0	諸龍有百千，　　億數那由他，	003	諸 龍 有 百 千    億 數 那 由 他  
ZH_T12_0379_003:0941a24_0	起雲震雷電，　　來到導師所，	003	起 雲 震 雷 電    來 到 導 師 所  
ZH_T12_0379_003:0941a25_0	彼等澍大雨，　　清淨諸香水，	003	彼 等 澍 大 雨    清 淨 諸 香 水  
ZH_T12_0379_003:0941a26_13	亦為供養故，　　最後見世尊。	003	亦 為 供 養 故    最 後 見 世 尊  
ZH_T12_0379_003:0941a27_0	夜叉千億數，　　或百那由他，	003	夜 叉 千 億 數    或 百 那 由 他  
ZH_T12_0379_003:0941a28_13	念佛諸功德，　　皆來欲見佛。	003	念 佛 諸 功 德    皆 來 欲 見 佛  
ZH_T12_0379_003:0941a29_0	復有四天王，　　悲泣滿面淚，	003	復 有 四 天 王    悲 泣 滿 面 淚  
ZH_T12_0379_003:0941b01_13	來至導師邊，　　最後覲見佛。	003	來 至 導 師 邊    最 後 覲 見 佛  
ZH_T12_0379_003:0941b02_0	釋提摩那民，　　諸天眾圍遶，	003	釋 提 摩 那 民    諸 天 眾 圍 遶  
ZH_T12_0379_003:0941b03_0	六十三千數，　　已來到佛所，	003	六 十 三 千 數    已 來 到 佛 所  
ZH_T12_0379_003:0941b04_0	彼等雨天花，　　微妙曼陀羅，	003	彼 等 雨 天 花    微 妙 曼 陀 羅  
ZH_T12_0379_003:0941b05_13	及雨栴檀末，　　供養最勝仙。	003	及 雨 栴 檀 末    供 養 最 勝 仙  
ZH_T12_0379_003:0941b06_0	毘求螺髻梵，　　二梵眾圍遶，	003	毘 求 螺 髻 梵    二 梵 眾 圍 遶  
ZH_T12_0379_003:0941b07_13	悲泣到佛所，　　最後見如來。	003	悲 泣 到 佛 所    最 後 見 如 來  
ZH_T12_0379_003:0941b08_0	淨居天威力，　　多百億諸天，	003	淨 居 天 威 力    多 百 億 諸 天  
ZH_T12_0379_003:0941b09_13	號哭到佛所，　　以佛今涅槃。	003	號 哭 到 佛 所    以 佛 今 涅 槃  
ZH_T12_0379_003:0941b10_0	諸天百億數，　　種種悲哀泣，	003	諸 天 百 億 數    種 種 悲 哀 泣  
ZH_T12_0379_003:0941b11_13	勸請大導師，　　願住於一劫。	003	勸 請 大 導 師    願 住 於 一 劫  
ZH_T12_0379_003:0941b12_0	魔子大智慧，　　名娑陀婆訶，	003	魔 子 大 智 慧    名 娑 陀 婆 訶  
ZH_T12_0379_003:0941b13_13	愴怏到佛所，　　勝仙涅槃故。	003	愴 怏 到 佛 所    勝 仙 涅 槃 故  
ZH_T12_0379_003:0941b14_0	捧執世尊足，　　傴身勸請佛，	003	捧 執 世 尊 足    傴 身 勸 請 佛  
ZH_T12_0379_003:0941b15_13	願愍世間故，　　釋王住一劫。	003	願 愍 世 間 故    釋 王 住 一 劫  
ZH_T12_0379_003:0941b16_0	世尊若住者，　　為大仁諸天，	003	世 尊 若 住 者    為 大 仁 諸 天  
ZH_T12_0379_003:0941b17_13	當不思議利，　　請尊住一劫。	003	當 不 思 議 利    請 尊 住 一 劫  
ZH_T12_0379_003:0941b19_19	」爾時，無攀緣善男子以偈告彼一切諸天、世人及諸梵天王、商主、魔王子等，而說偈言：	003	 爾 時  無 攀 緣 善 男 子 以 偈 告 彼 一 切 諸 天  世 人 及 諸 梵 天 王  商 主  魔 王 子 等  而 說 偈 言  
ZH_T12_0379_003:0941b20_0	「汝等悉不知，　　小兒如獼猴，	003	 汝 等 悉 不 知    小 兒 如 獼 猴  
ZH_T12_0379_003:0941b21_13	恒常心放逸，　　以何號啼哭？	003	恒 常 心 放 逸    以 何 號 啼 哭  
ZH_T12_0379_003:0941b22_0	譬如猪睡眠，　　忽起失本念，	003	譬 如 猪 睡 眠    忽 起 失 本 念  
ZH_T12_0379_003:0941b23_13	被刀斫剝時，　　驚怖馳奔走。	003	被 刀 斫 剝 時    驚 怖 馳 奔 走  
ZH_T12_0379_003:0941b24_0	我意如是見，　　汝等皆如是，	003	我 意 如 是 見    汝 等 皆 如 是  
ZH_T12_0379_003:0941b25_13	昔不聞法者，　　以貪放逸故。	003	昔 不 聞 法 者    以 貪 放 逸 故  
ZH_T12_0379_003:0941b26_0	今日智慧炬，　　將滅而不現，	003	今 日 智 慧 炬    將 滅 而 不 現  
ZH_T12_0379_003:0941b27_13	及佛猶現在，　　汝應作善業。	003	及 佛 猶 現 在    汝 應 作 善 業  
ZH_T12_0379_003:0941c01_1	」爾時，世尊告慧命阿難及富婁那、須菩提，并不空見王童子、迦葉上座、大俱絺羅及諸上座：	003	 爾 時  世 尊 告 慧 命 阿 難 及 富 婁 那  須 菩 提  并 不 空 見 王 童 子  迦 葉 上 座  大 俱 絺 羅 及 諸 上 座  
ZH_T12_0379_003:0941c01_19	「今告汝等諸比丘言，將汝右手來與我。	003	 今 告 汝 等 諸 比 丘 言  將 汝 右 手 來 與 我  
ZH_T12_0379_003:0941c02_16	」彼諸比丘聞佛世尊如是言已，即白佛言：	003	 彼 諸 比 丘 聞 佛 世 尊 如 是 言 已  即 白 佛 言  
ZH_T12_0379_003:0941c02_20	「善哉！	003	 善 哉  
ZH_T12_0379_003:0941c03_2	世尊！	003	世 尊  
ZH_T12_0379_003:0941c04_3	」爾時，諸比丘等滿一千人，各以右手奉授世尊。	003	 爾 時  諸 比 丘 等 滿 一 千 人  各 以 右 手 奉 授 世 尊  
ZH_T12_0379_003:0941c05_3	爾時，世尊復以左手執彼一切諸比丘右手。	003	爾 時  世 尊 復 以 左 手 執 彼 一 切 諸 比 丘 右 手  
ZH_T12_0379_003:0941c06_12	執已，復以右手執羅睺羅及阿難手，付與諸比丘手中，口遺囑曰：	003	執 已  復 以 右 手 執 羅 睺 羅 及 阿 難 手  付 與 諸 比 丘 手 中  口 遺 囑 曰  
ZH_T12_0379_003:0941c06_18	「汝等比丘！	003	 汝 等 比 丘  
ZH_T12_0379_003:0941c08_1	我阿難賢及羅睺羅上座，今付囑汝等，遺囑汝等。	003	我 阿 難 賢 及 羅 睺 羅 上 座  今 付 囑 汝 等  遺 囑 汝 等  
ZH_T12_0379_003:0941c09_17	」於如是時，出大叫聲、如是叫聲悲號啼哭，震動天地甚大可畏，而彼大聲遍此佛剎。	003	 於 如 是 時  出 大 叫 聲  如 是 叫 聲 悲 號 啼 哭  震 動 天 地 甚 大 可 畏  而 彼 大 聲 遍 此 佛 剎  
ZH_T12_0379_003:0941c11_8	爾時，羅睺羅、阿難當付囑時，眾中五百比丘見是事已，便捨身命。	003	爾 時  羅 睺 羅  阿 難 當 付 囑 時  眾 中 五 百 比 丘 見 是 事 已  便 捨 身 命  
ZH_T12_0379_003:0941c11_13	所以者何？	003	所以者何  
ZH_T12_0379_003:0941c12_11	彼諸比丘不忍見佛入於滅度，彼作是念：	003	彼 諸 比 丘 不 忍 見 佛 入 於 滅 度  彼 作 是 念  
ZH_T12_0379_003:0941c15_3	「寧使我等先入涅槃，不忍見此世間大燈、世間導師、大慈悲父、最善知識、憐愍眾生、常與世樂，今入滅盡，我豈忍見？	003	 寧 使 我 等 先 入 涅 槃  不 忍 見 此 世 間 大 燈  世 間 導 師  大 慈 悲 父  最 善 知 識  憐 愍 眾 生  常 與 世 樂  今 入 滅 盡  我 豈 忍 見  
ZH_T12_0379_003:0941c16_16	」爾時，於彼剎那羅婆浮休多時，五百諸佛各住自剎，皆伸右手與釋迦牟尼。	003	 爾 時  於 彼 剎 那 羅 婆 浮 休 多 時  五 百 諸 佛 各 住 自 剎  皆 伸 右 手 與 釋 迦 牟 尼  
ZH_T12_0379_003:0941c18_10	爾時，世尊又以手執阿難、羅睺羅上座手，付囑與彼如來手中，而說偈言：	003	爾 時  世 尊 又 以 手 執 阿 難  羅 睺 羅 上 座 手  付 囑 與 彼 如 來 手 中  而 說 偈 言  
ZH_T12_0379_003:0941c19_0	「此我羅睺子，　　阿難我侍者，	003	 此 我 羅 睺 子    阿 難 我 侍 者  
ZH_T12_0379_003:0941c20_13	今在諸佛前，　　我付囑此二。	003	今 在 諸 佛 前    我 付 囑 此 二  
ZH_T12_0379_003:0941c21_0	於今後夜分，　　我當入涅槃，	003	於 今 後 夜 分    我 當 入 涅 槃  
ZH_T12_0379_003:0941c22_5	更不復見我；	003	更 不 復 見 我  
ZH_T12_0379_003:0941c23_0	亦無有歸依，　　救護憐愍者，	003	亦 無 有 歸 依    救 護 憐 愍 者  
ZH_T12_0379_003:0941c24_13	惟除諸世尊，　　覆不思議慈。	003	惟 除 諸 世 尊    覆 不 思 議 慈  
ZH_T12_0379_003:0941c25_0	我觀諸世間，　　不思議無量，	003	我 觀 諸 世 間    不 思 議 無 量  
ZH_T12_0379_003:0941c26_13	不見一眾生，　　今我為誰住？	003	不 見 一 眾 生    今 我 為 誰 住  
ZH_T12_0379_003:0941c27_0	無量千數劫，　　猶如恒河沙，	003	無 量 千 數 劫    猶 如 恒 河 沙  
ZH_T12_0379_003:0941c28_13	我於如是劫，　　為一眾生住。	003	我 於 如 是 劫    為 一 眾 生 住  
ZH_T12_0379_003:0941c29_0	我已利眾生，　　有信敬心者，	003	我 已 利 眾 生    有 信 敬 心 者  
ZH_T12_0379_003:0942a01_13	自餘無信心，　　億佛不能化。	003	自 餘 無 信 心    億 佛 不 能 化  
ZH_T12_0379_003:0942a02_15	」爾時，五百諸佛異口同聲而說偈言：	003	 爾 時  五 百 諸 佛 異 口 同 聲 而 說 偈 言  
ZH_T12_0379_003:0942a03_0	「尊已眾生利，　　尊作佛事已，	003	 尊 已 眾 生 利    尊 作 佛 事 已  
ZH_T12_0379_003:0942a04_13	現種種神通，　　擊大法鼓竟。	003	現 種 種 神 通    擊大法鼓 竟  
ZH_T12_0379_003:0942a05_0	已充億眾生，　　如雲雨潤地，	003	已 充 億 眾 生    如 雲 雨 潤 地  
ZH_T12_0379_003:0942a06_13	拔眾生毒箭，　　釋種大仙人。	003	拔 眾 生 毒 箭    釋 種 大 仙 人  
ZH_T12_0379_003:0942a08_5	」爾時，長老阿難、慧命羅睺羅兩膝著地，以偈白彼諸佛曰：	003	 爾 時  長 老 阿 難  慧 命 羅 睺 羅 兩 膝 著 地  以 偈 白 彼 諸 佛 曰  
ZH_T12_0379_003:0942a09_14	「大丈夫勸請，　　令尊住一劫。	003	 大 丈 夫 勸 請    令 尊 住 一 劫  
ZH_T12_0379_003:0942a10_0	以佛威力故，　　一切見眼者，	003	以 佛 威 力 故    一 切 見 眼 者  
ZH_T12_0379_003:0942a11_0	最勝二足尊，　　大智住世故，	003	最 勝 二 足 尊    大 智 住 世 故  
ZH_T12_0379_003:0942a12_13	多有眾生信，　　得利不思議。	003	多 有 眾 生 信    得 利 不 思 議  
ZH_T12_0379_003:0942a13_0	增長諸天人，　　阿修羅減少，	003	增 長 諸 天 人    阿 修 羅 減 少  
ZH_T12_0379_003:0942a14_13	聲聞及菩薩，　　多生不思議。	003	聲 聞 及 菩 薩    多 生 不 思 議  
ZH_T12_0379_003:0942a15_18	」爾時，彼五百諸佛告慧命阿難及羅睺羅言：	003	 爾 時  彼 五 百 諸 佛 告 慧 命 阿 難 及 羅 睺 羅 言  
ZH_T12_0379_003:0942a16_6	「汝等善男子！	003	 汝 等 善 男 子  
ZH_T12_0379_003:0942a16_16	莫大啼哭、莫大愁憂。	003	莫 大 啼 哭  莫 大 愁 憂  
ZH_T12_0379_003:0942a17_16	本性如是、事盡如是、真實如是、諸行如是；	003	本 性 如 是  事 盡 如 是  真 實 如 是  諸 行 如 是  
ZH_T12_0379_003:0942a18_17	一切有為法、一切作法、一切世諦法，悉皆如是。	003	一 切 有 為 法  一 切 作 法  一 切 世 諦 法  悉 皆 如 是  
ZH_T12_0379_003:0942a20_7	盡際如是，已捨身命，如來行乃無量，以世諦法如是，故不得自在。	003	盡 際 如 是  已 捨 身 命  如 來 行 乃 無 量  以 世 諦 法 如 是  故 不得自在  
ZH_T12_0379_003:0942a21_13	又如來者，是法身，非有為身，無住世法，汝等不應請如來住。	003	又 如 來 者  是 法 身  非 有 為 身  無 住 世 法  汝 等 不 應 請 如 來 住  
ZH_T12_0379_003:0942a21_18	諸善男子！	003	諸 善 男 子  
ZH_T12_0379_003:0942a23_15	汝等且止，到我佛剎，釋迦如來即時當伸右手，當放光明，彼之光明照我剎土。	003	汝 等 且 止  到 我 佛 剎  釋 迦 如 來 即 時 當 伸 右 手  當 放 光 明  彼 之 光 明 照 我 剎 土  
ZH_T12_0379_003:0942a25_3	照彼土已，汝等還來見釋迦佛在汝等前為汝說法，令汝等聞。	003	照 彼 土 已  汝 等 還 來 見 釋 迦 佛 在 汝 等 前 為 汝 說 法  令 汝 等 聞  
ZH_T12_0379_003:0942a25_13	是故，汝等莫大憂愁。	003	是 故  汝 等 莫 大 憂 愁  
ZH_T12_0379_003:0942a26_9	」爾時，世尊入於三昧。	003	 爾 時  世 尊 入於三昧  
ZH_T12_0379_003:0942b01_12	住三昧已，即伸右手，於右手中乃至大拇指端、及於左手諸身節分，乃至千輻輪處足相之中、及手足柔軟網縵相中，赤銅色瓜甲、及以十指妙色掌文寶手之間，皆悉放於百千億光明。	003	住 三 昧 已  即 伸 右 手  於 右 手 中 乃 至 大 拇 指 端  及 於 左 手 諸 身 節 分  乃 至 千 輻 輪 處 足 相 之 中  及 手 足 柔 軟 網 縵 相 中  赤 銅 色 瓜 甲  及 以 十 指 妙 色 掌 文 寶 手 之 間  皆 悉 放 於 百 千 億 光 明  
ZH_T12_0379_003:0942b06_4	一一光明化生蓮華百千億數，一一華臺化出化師子高座百千億數，一一座上見一佛坐，一一化佛教化無量百千億眾生——其間或得漏盡、或得離欲地——如是一切諸相好中所放光明，事相皆亦如是；	003	一 一 光 明 化 生 蓮 華 百 千 億 數  一 一 華 臺 化 出 化 師 子 高 座 百 千 億 數  一 一 座 上 見 一 佛 坐  一 一 化 佛 教 化 無 量 百 千 億 眾 生   其 間 或 得 漏 盡  或 得 離 欲 地   如是一切 諸 相 好 中 所放光明  事 相 皆 亦 如 是  
ZH_T12_0379_003:0942b07_3	如是等臍輪之間及陰馬藏相，亦復如是；	003	如 是 等 臍 輪 之 間 及 陰 馬 藏 相  亦復如是  
ZH_T12_0379_003:0942b07_12	面輪眉間亦復如是。	003	面 輪 眉 間 亦復如是  
ZH_T12_0379_003:0942b10_14	爾時，世尊從於頂上放百千種光明，一一光明端化出蓮華百千億數，一一花臺化作師子臺座百千億數，一一座上化一佛坐為說妙法。	003	爾 時  世 尊 從 於 頂 上 放 百 千 種 光 明  一 一 光 明 端 化 出 蓮 華 百 千 億 數  一 一 花 臺 化 作 師 子 臺 座 百 千 億 數  一 一 座 上 化 一 佛 坐 為 說 妙 法  
ZH_T12_0379_003:0942b13_8	彼諸如來不說餘法，唯說菩薩密藏修多羅及諸陀羅尼金剛章句，為人顯說清淨三輪如來諸力無畏法等似彼法門。	003	彼 諸 如 來 不 說 餘 法  唯 說 菩 薩 密 藏 修 多 羅 及 諸 陀 羅 尼 金 剛 章 句  為 人 顯 說 清 淨 三 輪 如 來 諸 力 無 畏 法 等 似 彼 法 門  
ZH_T12_0379_003:0942b15_7	一一化佛一一說法，能淨無量無邊眾生令住不退轉地，向於阿耨多羅三藐三菩提。	003	一 一 化 佛 一 一 說 法  能 淨 無量無邊 眾 生 令 住不退轉 地  向 於 阿耨多羅三藐三菩提  
ZH_T12_0379_003:0942b16_16	爾時，世尊於娑羅雙樹間，右脇師子臥床中，化現一佛右脇而臥。	003	爾 時  世 尊 於 娑 羅 雙 樹 間  右 脇 師 子 臥 床 中  化 現 一 佛 右 脇 而 臥  
ZH_T12_0379_003:0942b17_9	化已，自身即至活大地獄中。	003	化 已  自 身 即 至 活 大 地 獄 中  
ZH_T12_0379_003:0942b17_19	到彼處已，身放光明。	003	到 彼 處 已  身 放 光 明  
ZH_T12_0379_003:0942b18_13	放光明已，其光遍照活地獄中。	003	放 光 明 已  其 光 遍 照 活 地 獄 中  
ZH_T12_0379_003:0942b19_15	爾時，世尊以此光明照於活大地獄已，而說偈言：	003	爾 時  世 尊 以 此 光 明 照 於 活 大 地 獄 已  而 說 偈 言  
ZH_T12_0379_003:0942b20_0	「此眾生數死，　　數數還復活，	003	 此 眾 生 數 死    數 數 還 復 活  
ZH_T12_0379_003:0942b21_13	又不捨彼想，　　故生諸苦惱。	003	又 不 捨 彼 想    故 生 諸 苦 惱  
ZH_T12_0379_003:0942b22_0	世有此聖出，　　世尊能作明，	003	世 有 此 聖 出    世 尊 能 作 明  
ZH_T12_0379_003:0942b23_13	能說諸正法，　　滅除諸苦惱。	003	能 說 諸 正 法    滅 除 諸 苦 惱  
ZH_T12_0379_003:0942b24_0	無為亦無盡、　　無滅亦無行，	003	無 為 亦 無 盡    無 滅 亦 無 行  
ZH_T12_0379_003:0942b25_13	若能如是解，　　彼不墮諸趣。	003	若 能 如 是 解    彼 不 墮 諸 趣  
ZH_T12_0379_003:0942b28_2	」爾時，如來說是偈已，於彼剎那羅婆摩休多時，令彼活大地獄三十億數諸苦眾生便得捨身。	003	 爾 時  如 來 說 是 偈 已  於 彼 剎 那 羅 婆 摩 休 多 時  令 彼 活 大 地 獄 三 十 億 數 諸 苦 眾 生 便 得 捨 身  
ZH_T12_0379_003:0942b28_14	即捨身已，生於三十三天。	003	即 捨 身 已  生 於 三十三天  
ZH_T12_0379_003:0942c01_4	爾時，世尊復至三十三天還說此偈，以佛神力聲遍一切諸大地獄。	003	爾 時  世 尊 復 至 三十三天 還 說 此 偈  以佛神力 聲 遍 一 切 諸 大 地 獄  
ZH_T12_0379_003:0942c03_10	彼地獄趣無量百千億諸眾生，捨地獄身生兜率陀天，得生天已，還復憶念前所說法，皆得阿那含果。	003	彼 地 獄 趣 無 量 百 千 億 諸 眾 生  捨 地 獄 身 生 兜 率 陀 天  得 生 天 已  還 復 憶 念 前 所 說 法  皆 得 阿那含果  
ZH_T12_0379_003:0942c04_17	爾時，諸天子得法果已，證法、證果，入於諸法，共說偈言：	003	爾 時  諸 天 子 得 法 果 已  證 法  證 果  入 於 諸 法  共 說 偈 言  
ZH_T12_0379_003:0942c05_0	「譬如大曠路，　　有智慧商主，	003	 譬 如 大 曠 路    有 智 慧 商 主  
ZH_T12_0379_003:0942c06_13	度脫多眾生，　　被賊諸獸者。	003	度 脫 多 眾 生    被 賊 諸 獸 者  
ZH_T12_0379_003:0942c07_0	世尊亦如是，　　無上大商主，	003	世 尊 亦 如 是    無 上 大 商 主  
ZH_T12_0379_003:0942c08_13	能脫億眾生，　　縛在生死中。	003	能 脫 億 眾 生    縛 在 生 死 中  
ZH_T12_0379_003:0942c09_0	我等歸依佛，　　光明大商主，	003	我 等 歸 依 佛    光 明 大 商 主  
ZH_T12_0379_003:0942c10_13	於我起慈悲，　　能脫諸苦惱；	003	於 我 起 慈 悲    能 脫 諸 苦 惱  
ZH_T12_0379_003:0942c11_13	我等歸依法，　　我等身已證；	003	我 等 歸 依 法    我 等 身 已 證  
ZH_T12_0379_003:0942c12_13	我等歸依僧，　　功德難思議。	003	我 等 歸 依 僧    功 德 難 思 議  
ZH_T12_0379_003:0942c13_18	」爾時，世尊以涼冷光明普照阿鼻脂地獄處。	003	 爾 時  世 尊 以 涼 冷 光明普照 阿 鼻 脂 地 獄 處  
ZH_T12_0379_003:0942c18_4	作涼冷已——除滅熱惱一切苦毒，成就諸法千數億分，能令一切得諸喜樂，愍哀潤益一切眾生，安慰柔軟哀憐喜慶利益眾生，合三空門，無相、無願及以無作——告彼地獄諸眾生等，而說偈言：	003	作 涼 冷 已   除 滅 熱 惱 一 切 苦 毒  成 就 諸 法 千 數 億 分  能 令 一 切 得 諸 喜 樂  愍 哀 潤 益 一 切 眾 生  安 慰 柔 軟 哀 憐 喜 慶 利 益 眾 生  合 三 空 門  無 相  無 願 及 以 無 作   告 彼 地 獄 諸 眾 生 等  而 說 偈 言  
ZH_T12_0379_003:0942c19_0	「空法及無相，　　無生及無滅，	003	 空 法 及 無 相    無 生 及 無 滅  
ZH_T12_0379_003:0942c20_13	若解如是法，　　彼即脫惡道。	003	若 解 如 是 法    彼 即 脫 惡 道  
ZH_T12_0379_003:0942c23_2	」爾時，八百千億眾生得聞偈已，此偈所說三世無礙，是諸法分成百千種，已至耳邊清淨微妙。	003	 爾 時  八 百 千 億 眾 生 得 聞 偈 已  此 偈 所 說 三 世 無 礙  是 諸 法 分 成 百 千 種  已 至 耳 邊 清 淨 微 妙  
ZH_T12_0379_003:0942c24_10	聞是聲已，從於阿鼻脂大地獄捨地獄身，即生他化自在天宮。	003	聞 是 聲 已  從 於 阿 鼻 脂 大 地 獄 捨 地 獄 身  即 生 他化自在天 宮  
ZH_T12_0379_003:0942c25_5	爾時，世尊住梵天宮，復說此偈言：	003	爾 時  世 尊 住 梵 天 宮  復 說 此 偈 言  
ZH_T12_0379_003:0942c26_0	「眾生最上樂，　　無有諸苦處、	003	 眾 生 最 上 樂    無 有 諸 苦 處  
ZH_T12_0379_003:0942c27_13	名相所說處、　　及諸顛倒想。	003	名 相 所 說 處    及 諸 顛 倒 想  
ZH_T12_0379_003:0942c28_0	健兒應當捨，　　即免諸苦惱，	003	健 兒 應 當 捨    即 免 諸 苦 惱  
ZH_T12_0379_003:0942c29_13	諸想皆顛倒，　　及著非色想。	003	諸 想 皆 顛 倒    及 著 非 色 想  
ZH_T12_0379_003:0943a01_5	三界何有樂？	003	三 界 何 有 樂  
ZH_T12_0379_003:0943a02_13	　　數數流轉生，死已復更生，　　增長相續苦。	003	  數 數 流 轉 生  死 已 復 更 生    增 長 相 續 苦  
ZH_T12_0379_003:0943a03_0	能以智知空，　　亦不著於空，	003	能 以 智 知 空    亦 不 著 於 空  
ZH_T12_0379_003:0943a04_13	彼人即知空，　　不著知空者。	003	彼 人 即 知 空    不 著 知 空 者  
ZH_T12_0379_003:0943a05_0	此知法義已，　　亦復無有我，	003	此 知 法 義 已    亦 復 無 有 我  
ZH_T12_0379_003:0943a06_13	既不得於我，　　此處何有苦？	003	既 不 得 於 我    此 處 何 有 苦  
ZH_T12_0379_003:0943a07_0	空是無為法，　　相亦不可得，	003	空 是 無 為 法    相 亦 不 可 得  
ZH_T12_0379_003:0943a08_13	能見無我智，　　此是真佛子。	003	能 見 無 我 智    此 是 真 佛 子  
ZH_T12_0379_003:0943a11_20	」爾時，彼百千億數諸眾生等所生之處即得無漏天仙妙果，即便憶念宿命之時受地獄苦，復念如來丈夫功德，知報佛恩，先取滅度；	003	 爾 時  彼 百 千 億 數 諸 眾 生 等 所 生 之 處 即 得 無 漏 天 仙 妙 果  即 便 憶 念 宿 命 之 時 受 地 獄 苦  復 念 如 來 丈 夫 功 德  知 報 佛 恩  先 取 滅 度  
ZH_T12_0379_003:0943a14_6	又復不忍見於如來、多陀阿伽度、阿羅訶、三藐三佛陀入於涅槃，時諸天子已得果者，異口同聲而說偈言：	003	又 復 不 忍 見 於 如 來  多 陀 阿 伽 度  阿 羅 訶  三藐三佛陀 入 於 涅 槃  時 諸 天 子 已 得 果 者  異 口 同 聲 而 說 偈 言  
ZH_T12_0379_003:0943a15_0	「我等不忍見大慈，　　調御丈夫入滅度，	003	 我 等 不 忍 見 大 慈    調御丈夫 入 滅 度  
ZH_T12_0379_003:0943a16_17	能為眾生作光明，　　我不忍見先取滅。	003	能 為 眾 生 作 光 明    我 不 忍 見 先 取 滅  
ZH_T12_0379_003:0943a17_13	」作是語已，即於此處入於涅槃。	003	 作是語已  即 於 此 處 入 於 涅 槃  
ZH_T12_0379_003:0943a19_12	爾時，世尊於彼剎那牟休多時，從梵天宮便自隱身，即至娑羅雙樹之間。	003	爾 時  世 尊 於 彼 剎 那 牟 休 多 時  從 梵 天 宮 便 自 隱 身  即 至 娑 羅 雙 樹 之 間  
ZH_T12_0379_003:0943a20_3	爾時，世尊作如是念曰：	003	爾 時  世 尊 作如是念 曰  
ZH_T12_0379_003:0943a21_6	「我於今日後夜分時入於涅槃，即是最後見於眾生。	003	 我 於 今 日 後 夜 分 時 入 於 涅 槃  即 是 最 後 見 於 眾 生  
ZH_T12_0379_003:0943a23_8	我今當可令其歡喜，滅一切苦而受快樂，顯現如來大神通力，令彼眾生即便得入安隱之門。	003	我 今 當 可 令其歡喜  滅 一 切 苦 而 受 快 樂  顯 現 如 來 大神通力  令 彼 眾 生 即 便 得 入 安 隱 之 門  
ZH_T12_0379_003:0943a24_7	欲顯如來無餘涅槃，合諸佛意故示神通。	003	欲 顯 如 來 無餘涅槃  合 諸 佛 意 故 示 神 通  
ZH_T12_0379_003:0943a26_6	」爾時，世尊作是念已，欹右脇臥，猶如師子心無所畏觀察十方一切大眾，猶大龍象。	003	 爾 時  世 尊 作 是 念 已  欹 右 脇 臥  猶 如 師 子 心 無 所 畏 觀 察 十 方 一 切 大 眾  猶 大 龍 象  
ZH_T12_0379_003:0943a28_12	如是觀已，即以右足第一拇指，按此大地出大音聲，六種震動遍十方界，示現無礙不思議光照曜十方。	003	如 是 觀 已  即 以 右 足 第 一 拇 指  按 此 大 地 出 大 音 聲  六種震動 遍 十 方 界  示 現 無 礙 不思議光 照 曜 十 方  
ZH_T12_0379_003:0943a29_7	爾時，世尊從身諸相復放光明。	003	爾 時  世 尊 從 身 諸 相 復 放 光 明  
ZH_T12_0379_003:0943b04_1	放光明已，一一毛孔復出微妙恒河沙數微妙光明，一一光明遍照恒河沙等諸佛剎土——彼之光明不相雜入，無所妨礙——如是數數從毛孔中，次第放諸微妙光明；	003	放 光 明 已  一 一 毛 孔 復 出 微 妙 恒 河 沙 數 微 妙 光 明  一 一 光明遍照 恒 河 沙 等 諸 佛 剎 土   彼 之 光 明 不 相 雜 入  無 所 妨 礙   如 是 數 數 從 毛 孔 中  次 第 放 諸 微 妙 光 明  
ZH_T12_0379_003:0943b05_4	如是毛孔各各次第復放光明，還復如是，遍照如前。	003	如 是 毛 孔 各 各 次 第 復 放 光 明  還 復 如 是  遍 照 如 前  
ZH_T12_0379_003:0943b05_18	爾時，世尊更復顯現作諸神通。	003	爾 時  世 尊 更 復 顯 現 作 諸 神 通  
ZH_T12_0379_003:0943b07_11	現神通已，以佛神力、佛護持力，令諸眾生皆得具足，所見境界佛眼無異。	003	現 神 通 已  以佛神力  佛 護 持 力  令 諸 眾 生 皆 得 具 足  所 見 境 界 佛 眼 無 異  
ZH_T12_0379_003:0943b08_18	彼諸眾生住此佛剎，皆悉覩見如來光明所照一切諸佛剎土。	003	彼 諸 眾 生 住 此 佛 剎  皆 悉 覩 見 如 來 光 明 所 照 一切諸佛 剎 土  
ZH_T12_0379_003:0943b09_9	爾時，世尊告諸比丘：	003	爾 時  世 尊 告 諸 比 丘  
ZH_T12_0379_003:0943b11_17	「汝等見彼東方世界有城，周圓縱廣一千由旬，如是廣大，上下亦爾，以諸微塵百千億數滿此國城，汝等見不？	003	 汝 等 見 彼 東 方 世 界 有 城  周 圓 縱 廣 一 千 由 旬  如 是 廣 大  上 下 亦 爾  以 諸 微 塵 百 千 億 數 滿 此 國 城  汝 等 見 不  
ZH_T12_0379_003:0943b12_5	」諸比丘白佛言：	003	 諸 比 丘 白 佛 言  
ZH_T12_0379_003:0943b13_2	「如是婆伽婆，如是修伽陀，我等皆見。	003	 如 是 婆 伽 婆  如 是 修 伽 陀  我 等 皆 見  
ZH_T12_0379_003:0943b13_8	」佛復告曰：	003	 佛 復 告 曰  
ZH_T12_0379_003:0943b14_5	「汝諸比丘於意云何，此微塵數是為多不？	003	 汝 諸 比 丘 於意云何  此 微 塵 數 是 為 多 不  
ZH_T12_0379_003:0943b14_11	」諸比丘言：	003	 諸 比 丘 言  
ZH_T12_0379_003:0943b14_22	「如是，如是，婆伽婆。	003	 如 是  如 是  婆 伽 婆  
ZH_T12_0379_003:0943b15_3	」佛復告言：	003	 佛 復 告 言  
ZH_T12_0379_003:0943b15_8	「諸比丘！	003	 諸 比 丘  
ZH_T12_0379_003:0943b16_17	若有人能於諸法中知如是等無為之法，不生、不滅、無漏、無為。	003	若 有 人 能 於 諸 法 中 知 如 是 等 無 為 之 法  不 生  不 滅  無 漏  無 為  
ZH_T12_0379_003:0943b17_12	如是知者，彼諸眾生得脫諸苦一切惡道。	003	如 是 知 者  彼 諸 眾 生 得 脫 諸 苦 一 切 惡 道  
ZH_T12_0379_003:0943b18_19	」當於爾時，有三十億諸眾生等，聞此法已，即得阿那含果。	003	 當 於 爾 時  有 三 十 億 諸 眾 生 等  聞 此 法 已  即 得 阿那含果  
ZH_T12_0379_003:0943b19_13	既得果已，異口同聲而說偈言：	003	既 得 果 已  異 口 同 聲 而 說 偈 言  
ZH_T12_0379_003:0943b20_0	「無為法無盡，　　無漏亦不滅，	003	 無 為 法 無 盡    無 漏 亦 不 滅  
ZH_T12_0379_003:0943b21_13	聖法如是知，　　我等證寂滅。	003	聖 法 如 是 知    我 等 證 寂 滅  
ZH_T12_0379_003:0943b22_0	知以如是得，　　如實知諸根，	003	知 以 如 是 得    如 實 知 諸 根  
ZH_T12_0379_003:0943b23_13	為憐愍眾生，　　示現因緣法。	003	為 憐 愍 眾 生    示 現 因 緣 法  
ZH_T12_0379_003:0943b24_0	如來化我等，　　拔除毒箭病，	003	如 來 化 我 等    拔 除 毒 箭 病  
ZH_T12_0379_003:0943b25_13	一切智與藥，　　及與於涅槃。	003	一 切 智 與 藥    及 與 於 涅 槃  
ZH_T12_0379_003:0943b26_0	智炬今速疾、　　智眼不久滅，	003	智 炬 今 速 疾    智 眼 不 久 滅  
ZH_T12_0379_003:0943b27_0	億眾苦逼切，　　從活地獄出，	003	億 眾 苦 逼 切    從 活 地 獄 出  
ZH_T12_0379_003:0943b28_0	拔箭大醫師、　　治眾生病者，	003	拔 箭 大 醫 師    治 眾 生 病 者  
ZH_T12_0379_003:0943b29_13	能救無數眾，　　令不墮惡道。	003	能 救 無 數 眾    令 不墮惡道  
ZH_T12_0379_003:0943c03_1	」爾時，世尊立住黑繩大地獄岸上，放大光明遍照彼大地獄，拔於彼處無量眾生置於天上。	003	 爾 時  世 尊 立 住 黑 繩 大 地 獄 岸 上  放大光明 遍 照 彼 大 地 獄  拔 於 彼 處 無 量 眾 生 置 於 天 上  
ZH_T12_0379_003:0943c03_20	如是等熱惱地獄、大熱惱地獄，亦皆如是；	003	如 是 等 熱 惱 地 獄  大 熱 惱 地 獄  亦 皆 如 是  
ZH_T12_0379_003:0943c05_15	叫喚、大叫喚大地獄，眾合、大眾合地獄，拔出無量無邊眾生，安置善道及涅槃道。	003	叫 喚  大 叫 喚 大 地 獄  眾 合  大 眾 合 地 獄  拔 出 無量無邊 眾 生  安 置 善 道 及 涅 槃 道  
ZH_T12_0379_003:0943c06_12	爾時，世尊復以金色光明照八大地獄。	003	爾 時  世 尊 復 以 金 色 光 明 照 八大地獄  
ZH_T12_0379_003:0943c08_7	其光明力能令眾生所觸身者皆得安樂，遍體潤益，身心歡喜，苦惱消除；	003	其 光 明 力 能 令 眾 生 所 觸 身 者 皆 得 安 樂  遍 體 潤 益  身 心 歡 喜  苦 惱 消 除  
ZH_T12_0379_003:0943c09_11	眼目所觀心地歡慶，快得清涼，從慈悲生，令身安隱。	003	眼 目 所 觀 心 地 歡 慶  快 得 清 涼  從 慈 悲 生  令 身 安 隱  
ZH_T12_0379_003:0943c12_6	光明遍照大地獄已，滅諸熱惱和軟流潤，彼大地獄所有眾生在大火聚熾然中者，與彼樂故，於諸毛孔次第而放如是光明。	003	光明遍照 大 地 獄 已  滅 諸 熱 惱 和 軟 流 潤  彼 大 地 獄 所 有 眾 生 在 大 火 聚 熾 然 中 者  與 彼 樂 故  於 諸 毛 孔 次 第 而 放 如 是 光 明  
ZH_T12_0379_003:0943c14_13	爾時，世尊以大光明普覆一切無量眾生，令心柔軟堪任法器，具足無量百千功德，以微妙語而說偈言：	003	爾 時  世 尊 以 大 光 明 普 覆 一 切 無 量 眾 生  令 心 柔 軟 堪 任 法 器  具 足 無 量 百 千 功 德  以 微 妙 語 而 說 偈 言  
ZH_T12_0379_003:0943c15_0	「我與世間樂，　　解脫諸憂苦，	003	 我 與 世 間 樂    解 脫 諸 憂 苦  
ZH_T12_0379_003:0943c16_13	見諸苦逼切，　　示現涅槃道。	003	見 諸 苦 逼 切    示現涅槃 道  
ZH_T12_0379_003:0943c17_0	我所說諸法，　　寂靜無畏樂，	003	我 所 說 諸 法    寂 靜 無 畏 樂  
ZH_T12_0379_003:0943c18_13	若能知彼法，　　此不墮惡趣。	003	若 能 知 彼 法    此 不 墮 惡 趣  
ZH_T12_0379_003:0943c19_0	能歸依佛者，　　彼人得大利，	003	能 歸 依 佛 者    彼 人 得 大 利  
ZH_T12_0379_003:0943c20_13	百千諸劫數，　　更不見諸苦。	003	百 千 諸 劫 數    更 不 見 諸 苦  
ZH_T12_0379_003:0943c24_14	」爾時，如來說此偈已，即於剎那羅婆牟休多時，諸比丘眾及諸眾生多於前數，復有無量無邊諸佛，右脇而臥師子床上，彼諸世尊從師子床起，還復示現如是神通。	003	 爾 時  如 來 說 此 偈 已  即 於 剎 那 羅 婆 牟 休 多 時  諸 比 丘 眾 及 諸 眾 生 多 於 前 數  復 有 無量無邊 諸 佛  右 脇 而 臥 師 子 床 上  彼 諸 世 尊 從 師 子 床 起  還 復 示 現 如 是 神 通  
ZH_T12_0379_003:0943c25_5	爾時，彼四部眾白佛言：	003	爾 時  彼 四 部 眾 白 佛 言  
ZH_T12_0379_003:0943c25_9	「世尊！	003	 世 尊  
ZH_T12_0379_003:0943c26_16	此諸佛等皆悉欲於剎那羅婆牟休多時，入般涅槃現神通耶？	003	此 諸 佛 等 皆 悉 欲 於 剎 那 羅 婆 牟 休 多 時  入般涅槃 現 神 通 耶  
ZH_T12_0379_003:0943c27_6	如今世尊所現無異。	003	如 今 世 尊 所 現 無 異  
ZH_T12_0379_003:0943c27_13	」佛告諸比丘：	003	 佛 告 諸 比 丘  
ZH_T12_0379_003:0943c27_20	「如是，如是。	003	 如 是  如 是  
ZH_T12_0379_003:0944a01_18	彼諸佛等今日同欲捨最後身入於涅槃，彼諸佛等悉皆同名釋迦牟尼，皆於力士所生之地娑羅雙樹，臥師子床，今後夜分當入涅槃。	003	彼 諸 佛 等 今 日 同 欲 捨 最 後 身 入 於 涅 槃  彼 諸 佛 等 悉 皆 同 名 釋 迦 牟 尼  皆 於 力 士 所 生 之 地 娑 羅 雙 樹  臥 師 子 床  今 後 夜 分 當 入 涅 槃  
ZH_T12_0379_003:0944a04_6	」爾時，世尊於南方及西南方、西方及西北方、北方及東北方、東方及東南方、上下二方，遍告十方諸比丘言：	003	 爾 時  世 尊 於 南 方 及 西 南 方  西 方 及 西 北 方  北 方 及 東 北 方  東 方 及 東 南 方  上 下 二 方  遍 告 十 方 諸 比 丘 言  
ZH_T12_0379_003:0944a04_12	「汝等比丘！	003	 汝 等 比 丘  
ZH_T12_0379_003:0944a05_17	見於東方無量無邊諸佛世尊證得阿耨多羅三藐三菩提不？	003	見 於 東 方 無量無邊 諸佛世尊 證 得阿耨多羅三藐三菩提 不  
ZH_T12_0379_003:0944a06_4	」諸比丘言：	003	 諸 比 丘 言  
ZH_T12_0379_003:0944a07_9	「如是，如是，婆伽婆，我等皆見，以世諦故見，非第一義。	003	 如 是  如 是  婆 伽 婆  我 等 皆 見  以 世 諦 故 見  非 第 一 義  
ZH_T12_0379_003:0944a07_17	」佛復告諸比丘：	003	 佛 復 告 諸 比 丘  
ZH_T12_0379_003:0944a09_5	「譬如四天下世界微塵悉滿，乃至從金剛際至梵天宮，諸比丘！	003	 譬 如 四 天 下 世 界 微 塵 悉 滿  乃 至 從 金 剛 際 至 梵 天 宮  諸 比 丘  
ZH_T12_0379_003:0944a09_11	於汝意云何？	003	於汝意云何  
ZH_T12_0379_003:0944a09_19	頗有人知其數不？	003	頗 有 人 知 其 數 不  
ZH_T12_0379_003:0944a10_8	能以譬喻知其數不？	003	能 以 譬 喻 知 其 數 不  
ZH_T12_0379_003:0944a10_14	」諸比丘言：	003	 諸 比 丘 言  
ZH_T12_0379_003:0944a10_21	「不也，世尊！	003	 不 也  世 尊  
ZH_T12_0379_003:0944a11_4	難可得知。	003	難 可 得 知  
ZH_T12_0379_003:0944a11_12	」佛復告諸比丘：	003	 佛 復 告 諸 比 丘  
ZH_T12_0379_003:0944a13_8	「譬如前所說微塵譬喻，如是等四天下世界，如是百千億世界，皆悉充滿彼微塵眾。	003	 譬 如前所說 微 塵 譬 喻  如 是 等 四 天 下 世 界  如 是 百 千 億 世 界  皆 悉 充 滿 彼 微 塵 眾  
ZH_T12_0379_003:0944a13_12	諸比丘！	003	諸 比 丘  
ZH_T12_0379_003:0944a16_8	彼所有微塵，如是等微塵，我以肉眼見此世界諸佛世尊所住在東方，如一步地，但以肉眼無礙、無分別，見前世界如向所說；	003	彼 所 有 微 塵  如 是 等 微 塵  我 以 肉 眼 見 此 世 界 諸佛世尊 所 住 在 東 方  如 一 步 地  但 以 肉 眼 無 礙  無 分 別  見 前 世 界 如 向 所 說  
ZH_T12_0379_003:0944a17_6	如是南、西、北方四維、上、下，亦復如是。	003	如 是 南  西  北 方 四 維  上  下  亦復如是  
ZH_T12_0379_003:0944a17_11	「諸比丘！	003	 諸 比 丘  
ZH_T12_0379_003:0944a22_5	譬如四大天下諸世界，若百千億數滿彼微塵，從金剛際至梵天宮，所有微塵，一一方面，各有若干諸佛世尊，一一方面，我皆現見此諸世尊坐於道場，或有已坐或始坐者，彼等一切諸佛世尊，皆悉同名釋迦牟尼；	003	譬 如 四 大 天 下 諸 世 界  若 百 千 億 數 滿 彼 微 塵  從 金 剛 際 至 梵 天 宮  所 有 微 塵  一 一 方 面  各 有 若 干 諸佛世尊  一 一 方 面  我 皆 現 見 此 諸 世 尊 坐 於 道 場  或 有 已 坐 或 始 坐 者  彼 等 一切諸佛 世 尊  皆 悉 同 名 釋 迦 牟 尼  
ZH_T12_0379_003:0944a23_4	如是復有無量諸佛，與然燈佛同一名號；	003	如 是 復 有 無 量 諸 佛  與 然 燈 佛 同 一 名 號  
ZH_T12_0379_003:0944a24_3	我復見有諸佛世尊名勝一切，亦同名號；	003	我 復 見 有 諸佛世尊 名 勝 一 切  亦 同 名 號  
ZH_T12_0379_003:0944a25_17	如是一切諸佛同名蓮華上，如是等上佛同一名者，如是上名稱佛同一名者；	003	如是一切 諸 佛 同 名 蓮 華 上  如 是 等 上 佛 同 一 名 者  如 是 上 名 稱 佛 同 一 名 者  
ZH_T12_0379_003:0944a26_9	如是拘樓孫佛同一名者；	003	如 是 拘 樓 孫 佛 同 一 名 者  
ZH_T12_0379_003:0944a27_1	如是拘那含佛同一名者；	003	如 是 拘 那 含 佛 同 一 名 者  
ZH_T12_0379_003:0944a27_11	如是迦葉佛同名號者；	003	如 是 迦 葉 佛 同 名 號 者  
ZH_T12_0379_003:0944a28_11	如是各各佛同名號者，我在於此皆悉現見。	003	如 是 各 各 佛 同 名 號 者  我 在 於 此 皆 悉 現 見  
ZH_T12_0379_003:0944b01_9	彼諸佛等各各名號，我於世間得最勝法、微妙法、無極之法，但有能稱名者皆得善根。	003	彼 諸 佛 等 各 各 名 號  我 於 世 間 得 最 勝 法  微 妙 法  無 極 之 法  但 有 能 稱 名 者 皆 得 善 根  
ZH_T12_0379_003:0944b03_2	彼等諸佛各各名號如是無邊，如是等諸佛世尊，我住於此皆悉現見；	003	彼 等 諸 佛 各 各 名 號 如 是 無 邊  如 是 等 諸佛世尊  我 住 於 此 皆 悉 現 見  
ZH_T12_0379_003:0944b05_1	如是等現在世間種種名字，或入無餘涅槃、或現住世轉於法輪，我住於此悉皆現見。	003	如 是 等 現 在 世 間 種 種 名 字  或 入無餘涅槃  或 現 住 世 轉於法輪  我 住 於 此 悉 皆 現 見  
ZH_T12_0379_003:0944b05_20	彼佛世尊，於我肉眼無礙無妨，皆現在前。	003	彼 佛 世 尊  於 我 肉 眼 無 礙 無 妨  皆 現 在 前  
ZH_T12_0379_003:0944b06_4	「諸比丘！	003	 諸 比 丘  
ZH_T12_0379_003:0944b08_8	如來如是復勝此知，更復勝知不可思議，更復不可思議無量無邊，復有無量無邊如是等無量知見。	003	如 來 如 是 復 勝 此 知  更 復 勝 知 不可思議  更 復 不可思議 無量無邊  復 有 無量無邊 如 是 等 無 量 知 見  
ZH_T12_0379_003:0944b08_12	諸比丘！	003	諸 比 丘  
ZH_T12_0379_003:0944b11_1	以是義故，如來智見無邊，如是無邊不可稱量，如是不可稱、如是不可思議，但以肉眼，況復盡於諸佛智法？	003	以是義故  如 來 智 見 無 邊  如 是 無 邊 不可稱量  如 是 不 可 稱  如 是 不可思議  但 以 肉 眼  況 復 盡 於 諸 佛 智 法  
ZH_T12_0379_003:0944b11_6	「諸比丘！	003	 諸 比 丘  
ZH_T12_0379_003:0944b13_12	譬如此剎所有一切眾生，若在家、若出家，彼諸眾生假使悉成阿耨多羅三藐三菩提，具足十力四無所畏。	003	譬 如 此 剎 所有一切 眾 生  若 在 家  若 出 家  彼 諸 眾 生 假 使 悉 成 阿耨多羅三藐三菩提  具 足 十 力 四無所畏  
ZH_T12_0379_003:0944b16_1	彼諸世尊有一善男子，能以四事供養承事，足滿一劫尊重恭敬，種種樂具諸莊嚴事，無量無邊不可思議。	003	彼 諸 世 尊 有 一 善 男 子  能 以 四 事 供 養 承 事  足 滿 一 劫 尊 重 恭 敬  種 種 樂 具 諸 莊 嚴 事  無量無邊 不可思議  
ZH_T12_0379_003:0944b21_15	復有善男子、善女人等，能信我此顯示一切諸佛所說法門，乃至一念頃能生實想不起疑心，彼人即於發心之時所得功德，近諸如來所有功德，復勝三千大千世界所有眾生證得諸佛一切智已，經劫供養，得福雖多，不如於此法門生一念信，福多於彼。	003	復 有 善 男 子  善 女 人 等  能 信 我 此 顯 示 一切諸佛 所 說 法 門  乃 至 一 念 頃 能 生 實 想 不 起 疑 心  彼 人 即 於 發 心 之 時 所得功德  近 諸 如 來 所 有 功 德  復 勝 三千大千世界 所 有 眾 生 證 得 諸 佛 一 切 智 已  經 劫 供 養  得 福 雖 多  不 如 於 此 法 門 生 一 念 信  福 多 於 彼  
ZH_T12_0379_003:0944b23_7	若有菩薩信此智者，彼之菩薩即得近諸世尊阿耨多羅三藐三菩提。	003	若 有 菩 薩 信 此 智 者  彼 之 菩 薩 即 得 近 諸 世 尊 阿耨多羅三藐三菩提  
ZH_T12_0379_003:0944b25_10	」爾時，世尊說此肉眼功德之時，有六十二億諸眾生，迴向阿耨多羅三藐三菩提者，還生退心。	003	 爾 時  世 尊 說 此 肉 眼 功 德 之 時  有 六 十 二 億 諸 眾 生  迴 向 阿耨多羅三藐三菩提 者  還 生 退 心  
ZH_T12_0379_003:0944b25_15	所以者何？	003	所以者何  
ZH_T12_0379_003:0944b27_8	佛阿耨多羅三藐三菩提難可證故，我等但於此處，滅盡諸苦，取漏盡果；	003	佛 阿耨多羅三藐三菩提 難 可 證 故  我 等 但 於 此 處  滅 盡 諸 苦  取 漏 盡 果  
ZH_T12_0379_003:0944b28_2	復有無量無邊眾生住於學地；	003	復 有 無量無邊 眾 生 住 於 學 地  
ZH_T12_0379_003:0944b29_1	復有十那由他菩薩成就最初發菩提心；	003	復 有 十 那 由 他 菩 薩 成 就 最 初發菩提心  
ZH_T12_0379_003:0944b29_17	復有三十二億諸菩薩等得無生忍法。	003	復 有 三 十 二 億 諸 菩 薩 等 得無生忍 法  
ZH_T12_0379_003:0944c01_20	爾時，魔王波旬愴怏苦惱，泣淚滿面，白佛言：	003	爾 時  魔王波旬 愴 怏 苦 惱  泣 淚 滿 面  白 佛 言  
ZH_T12_0379_003:0944c02_3	「世尊！	003	 世 尊  
ZH_T12_0379_003:0944c03_8	我為何事欲令多陀阿伽度、阿羅訶、三藐三佛陀早入涅槃？	003	我 為 何 事 欲 令 多 陀 阿 伽 度  阿 羅 訶  三藐三佛陀 早 入 涅 槃  
ZH_T12_0379_003:0944c04_3	乃令無量無邊眾生出我境界。	003	乃 令 無量無邊 眾 生 出 我 境 界  
ZH_T12_0379_003:0944c04_9	今者，世尊！	003	今 者  世 尊  
ZH_T12_0379_003:0944c06_5	東方黃晦日未現頃，所作佛事如住一劫、若住一劫，未能過此利益度脫多數眾生。	003	東 方 黃 晦 日 未 現 頃  所 作 佛 事 如 住 一 劫  若 住 一 劫  未 能 過 此 利 益 度 脫 多 數 眾 生  
ZH_T12_0379_003:0944c07_8	所謂住於般涅槃道，如來今者，令我境界悉皆空虛。	003	所 謂 住 於 般 涅 槃 道  如 來 今 者  令 我 境 界 悉 皆 空 虛  
ZH_T12_0379_003:0944c08_3	」時魔波旬說是言已，佛告波旬：	003	 時 魔 波 旬 說 是 言 已  佛 告 波 旬  
ZH_T12_0379_003:0944c08_12	「汝莫啼哭，波旬！	003	 汝 莫 啼 哭  波 旬  
ZH_T12_0379_003:0944c09_19	汝猶大有不作善業及不信者，是汝朋友在汝境界，汝是彼伴。	003	汝 猶 大 有 不 作 善 業 及 不 信 者  是 汝 朋 友 在 汝 境 界  汝 是 彼 伴  
ZH_T12_0379_003:0944c10_18	」爾時，世尊即以甲爪取地上塵，告魔波旬：	003	 爾 時  世 尊 即 以 甲 爪 取 地 上 塵  告 魔 波 旬  
ZH_T12_0379_003:0944c11_4	「於汝意云何？	003	 於汝意云何  
ZH_T12_0379_003:0944c11_13	為我爪上土塵多耶？	003	為 我 爪 上 土 塵 多 耶  
ZH_T12_0379_003:0944c12_3	為此大地上塵多乎？	003	為 此 大 地 上 塵 多 乎  
ZH_T12_0379_003:0944c12_17	」作是語已，時魔波旬白佛言：	003	 作是語已  時 魔 波 旬 白 佛 言  
ZH_T12_0379_003:0944c12_21	「世尊！	003	 世 尊  
ZH_T12_0379_003:0944c13_8	指甲上土少不足言。	003	指 甲 上 土 少 不 足 言  
ZH_T12_0379_003:0944c13_19	」如是語已，佛告波旬：	003	 如 是 語 已  佛 告 波 旬  
ZH_T12_0379_003:0944c15_7	「譬如甲上土塵甚少，我所度眾生入涅槃者，復少於此爪甲上土。	003	 譬 如 甲 上 土 塵 甚 少  我 所 度 眾 生 入 涅 槃 者  復 少 於 此 爪 甲 上 土  
ZH_T12_0379_003:0944c15_10	波旬！	003	波 旬  
ZH_T12_0379_003:0944c17_1	譬如大地土塵甚多，無量無邊，在汝境界眾生亦復如是，甚多無量。	003	譬 如 大 地 土 塵 甚 多  無量無邊  在 汝 境 界 眾 生 亦復如是  甚 多 無 量  
ZH_T12_0379_003:0944c17_4	波旬！	003	波 旬  
ZH_T12_0379_003:0944c17_14	汝莫憂愁，應生歡喜。	003	汝 莫 憂 愁  應 生 歡 喜  
ZH_T12_0379_003:0944c17_18	何以故？	003	何 以 故  
ZH_T12_0379_003:0944c18_9	眾生在汝境界多大地土故。	003	眾 生 在 汝 境 界 多 大 地 土 故  
ZH_T12_0379_003:0944c18_12	波旬！	003	波 旬  
ZH_T12_0379_003:0944c19_12	然諸眾生自作不善，去涅槃遠，非汝所為。	003	然 諸 眾 生 自 作 不 善  去 涅 槃 遠  非 汝 所 為  
ZH_T12_0379_003:0944c19_17	所以者何？	003	所以者何  
ZH_T12_0379_003:0944c20_5	但眾生界無有邊際。	003	但 眾 生 界 無有邊際  
ZH_T12_0379_003:0944c20_8	波旬！	003	波 旬  
ZH_T12_0379_003:0944c21_10	汝欲所作但當作之，如來今日於後夜分當入涅槃。	003	汝 欲 所 作 但 當 作 之  如 來 今 日 於 後 夜 分 當 入 涅 槃  
ZH_T12_0379_003:0944c22_1	」爾時，世尊告諸比丘：	003	 爾 時  世 尊 告 諸 比 丘  
ZH_T12_0379_003:0944c22_7	「汝諸比丘！	003	 汝 諸 比 丘  
ZH_T12_0379_003:0944c22_16	見此世界諸佛已不？	003	見 此 世 界 諸 佛 已 不  
ZH_T12_0379_003:0944c23_2	」諸比丘白佛言：	003	 諸 比 丘 白 佛 言  
ZH_T12_0379_003:0944c23_6	「世尊！	003	 世 尊  
ZH_T12_0379_003:0944c23_21	如是，如是，婆伽婆，我等已見。	003	如 是  如 是  婆 伽 婆  我 等 已 見  
ZH_T12_0379_003:0944c24_5	」佛復告諸比丘：	003	 佛 復 告 諸 比 丘  
ZH_T12_0379_003:0944c25_8	「此諸佛剎復多無量，汝等當知見諸佛剎莊嚴已不？	003	 此 諸 佛 剎 復 多 無 量  汝 等 當 知 見 諸 佛 剎 莊 嚴 已 不  
ZH_T12_0379_003:0944c26_2	復見諸菩薩莊嚴淨土已不？	003	復 見 諸 菩 薩 莊 嚴 淨 土 已 不  
ZH_T12_0379_003:0944c26_12	復見諸聲聞莊嚴已不？	003	復 見 諸 聲 聞 莊 嚴 已 不  
ZH_T12_0379_003:0944c26_20	」諸比丘白佛言：	003	 諸 比 丘 白 佛 言  
ZH_T12_0379_003:0944c27_3	「世尊！	003	 世 尊  
ZH_T12_0379_003:0944c27_15	如是婆伽婆，如是修伽陀。	003	如 是 婆 伽 婆  如 是 修 伽 陀  
ZH_T12_0379_003:0944c28_1	」佛復告諸比丘：	003	 佛 復 告 諸 比 丘  
ZH_T12_0379_003:0944c29_7	「如來如是知見，復倍上數知見無量，更復無量皆悉了知。	003	 如 來 如 是 知 見  復 倍 上 數 知 見 無 量  更 復 無 量 皆 悉 了 知  
ZH_T12_0379_003:0944c29_11	諸比丘！	003	諸 比 丘  
ZH_T12_0379_003:0945a02_4	假使我於一劫所說如是佛剎莊嚴之事，如我見於十方世界，亦復如是；	003	假 使 我 於 一 劫 所 說 如 是 佛 剎 莊 嚴 之 事  如 我 見 於 十方世界  亦復如是  
ZH_T12_0379_003:0945a03_21	假使於一百劫、於一千劫、億載數劫、那由他劫，更倍譬喻，廣分別說，猶不可盡。	003	假 使 於 一 百 劫  於 一 千 劫  億 載 數 劫  那 由 他 劫  更 倍 譬 喻  廣分別說  猶 不 可 盡  
ZH_T12_0379_003:0945a04_6	「然，諸比丘！	003	 然  諸 比 丘  
ZH_T12_0379_003:0945a06_7	導師所作者，為諸聲聞所作已訖於，於一切處我已說訖，示現內外諸法，真心示現，皆已說竟。	003	導 師 所 作 者  為 諸 聲 聞 所 作 已 訖 於  於 一 切 處 我 已 說 訖  示 現 內 外 諸 法  真 心 示 現  皆 已 說 竟  
ZH_T12_0379_003:0945a07_13	諸佛於法無有悋惜無不辯者，乃至一莖草、等一毛髮許。	003	諸 佛 於 法 無 有 悋 惜 無 不 辯 者  乃 至 一 莖 草  等 一 毛 髮 許  
ZH_T12_0379_003:0945a07_18	汝等比丘！	003	汝 等 比 丘  
ZH_T12_0379_003:0945a08_12	從今已去，應須如法，勤而修行。	003	從今已去  應 須 如 法  勤 而 修 行  
ZH_T12_0379_003:0945a11_7	我已為汝示現涅槃、我已為汝說涅槃道、已成就眾生善根，我所證得阿耨多羅三藐三菩提，乃於往昔行大苦行及於難行。	003	我 已 為 汝 示現涅槃  我 已 為 汝 說 涅 槃 道  已 成 就 眾 生 善 根  我 所 證 得阿耨多羅三藐三菩提  乃 於 往 昔 行 大 苦 行 及 於 難 行  
ZH_T12_0379_003:0945a12_7	汝等今者於彼大法具足受持，勿令隱沒。	003	汝 等 今 者 於 彼 大 法 具 足 受 持  勿 令 隱 沒  
ZH_T12_0379_003:0945a12_16	汝等應作如是修行。	003	汝 等 應 作 如 是 修 行  
ZH_T12_0379_003:0945a14_8	」爾時，世尊現大神通，十方諸佛所有說法及說法處，此剎眾生皆得聞知；	003	 爾 時  世 尊 現 大 神 通  十方諸佛 所 有 說 法 及 說 法 處  此 剎 眾 生 皆 得 聞 知  
ZH_T12_0379_003:0945a15_11	彼諸如來所有教勅，所有眾生承奉教勅皆已證知；	003	彼 諸 如 來 所 有 教 勅  所 有 眾 生 承 奉 教 勅 皆 已 證 知  
ZH_T12_0379_003:0945a16_8	復有恒河沙數眾生，住於三種智；	003	復 有 恒 河 沙 數 眾 生  住 於 三 種 智  
ZH_T12_0379_003:0945a17_16	復有十億百千諸眾生等，發菩提心，住於阿耨多羅三藐三菩提；	003	復 有 十 億 百 千 諸 眾 生 等  發菩提心  住 於 阿耨多羅三藐三菩提  
ZH_T12_0379_003:0945a18_18	復有十百千億那由他諸眾生等，住於辟支佛地；	003	復 有 十 百 千 億 那 由 他 諸 眾 生 等  住 於 辟支佛地  
ZH_T12_0379_003:0945a19_10	自餘諸眾生等得漏盡證；	003	自 餘 諸 眾 生 等 得 漏 盡 證  
ZH_T12_0379_003:0945a21_11	如是次第無量無邊阿僧祇、不可數、不可量、不可思、那由他諸眾生，聞此法已得大饒益。	003	如 是 次 第 無量無邊 阿 僧 祇  不 可 數  不 可 量  不 可 思  那 由 他 諸 眾 生  聞 此 法 已 得 大 饒 益  
ZH_T12_0379_003:0945a22_1	爾時，世尊告諸比丘：	003	爾 時  世 尊 告 諸 比 丘  
ZH_T12_0379_003:0945a22_7	「汝等比丘！	003	 汝 等 比 丘  
ZH_T12_0379_003:0945a22_16	當知我今不久涅槃。	003	當 知 我 今 不 久 涅 槃  
ZH_T12_0379_003:0945a22_19	汝等！	003	汝 等  
ZH_T12_0379_003:0945a23_15	應當護持如來教法，為自利、為他利故。	003	應 當 護 持 如 來 教 法  為 自 利  為 他 利 故  
ZH_T12_0379_003:0945a24_2	汝等諸比丘！	003	汝 等 諸 比 丘  
ZH_T12_0379_003:0945a24_9	應當如是修學。	003	應 當 如 是 修 學  
ZH_T12_0379_003:0945a26_6	」佛說經已，慧命阿難及天人、龍、阿修羅、揵闥婆等，一切世間，聞佛所說，頂戴奉行。	003	 佛 說 經 已  慧 命 阿 難 及 天 人  龍  阿 修 羅  揵 闥 婆 等  一切世間  聞 佛 所 說  頂 戴 奉 行  
ZH_T12_0379_003:0945a27_100	四童子三昧經卷下	003	四 童 子 三 昧 經 卷 下 
