segmentnr	original	folio	stemmed
ZH_T28_1548_016:0631c21_0	2舍利弗阿毘曇論卷第十六	016	2 舍 利 弗 阿 毘 曇 論 卷 第 十 六 
ZH_T28_1548_016:0631c23_0	姚秦罽賓三藏曇摩耶舍	016	姚 秦 罽 賓 三 藏 曇 摩 耶 舍 
ZH_T28_1548_016:0631c24_0	共曇摩崛多等譯	016	共 曇 摩 崛 多 等 譯 
ZH_T28_1548_016:0631c27_17	非問分道品第十之二復次無覺無觀定，如比丘滅覺觀、內淨信、一心，無覺無觀定生喜樂，成就二禪行。	016	非 問 分 道 品 第 十 之 二 復 次 無 覺 無 觀 定  如 比 丘 滅 覺 觀  內 淨 信  一 心  無 覺 無 觀 定生喜樂  成 就 二 禪 行  
ZH_T28_1548_016:0631c29_5	此比丘故有內淨信、喜、樂、一心，若入此定者，得四支正得緣得：	016	此 比 丘 故 有 內 淨 信  喜  樂  一 心  若 入 此 定 者  得 四 支 正 得 緣 得  
ZH_T28_1548_016:0632a01_5	內淨信、喜、樂、一心，是名第二禪無覺無觀定。	016	內 淨 信  喜  樂  一 心  是 名 第 二 禪 無 覺 無 觀 定  
ZH_T28_1548_016:0632a02_19	復次比丘得有覺有觀有喜共味定，如比丘觀覺觀麁，無覺無觀定寂靜勝。	016	復 次 比 丘 得 有 覺 有 觀 有 喜 共 味 定  如 比 丘 觀 覺 觀 麁  無 覺 無 觀 定 寂 靜 勝  
ZH_T28_1548_016:0632a04_16	比丘觀覺觀麁已，覺觀寂靜正寂靜滅沒除，滅沒除已故有內淨信、喜、樂、一心。	016	比 丘 觀 覺 觀 麁 已  覺 觀 寂 靜 正 寂 靜 滅 沒 除  滅 沒 除 已 故 有 內 淨 信  喜  樂  一 心  
ZH_T28_1548_016:0632a05_9	若入此定者，得四支正得緣得：	016	若 入 此 定 者  得 四 支 正 得 緣 得  
ZH_T28_1548_016:0632a06_8	內淨信、喜、樂、一心，是名第二禪無覺無觀定。	016	內 淨 信  喜  樂  一 心  是 名 第 二 禪 無 覺 無 觀 定  
ZH_T28_1548_016:0632a08_6	如比丘若行，若受教、若法相，若方便、若專心、若思惟、若觸，得有覺有觀有喜共味定。	016	如 比 丘 若 行  若 受 教  若 法 相  若 方 便  若 專 心  若 思 惟  若 觸  得 有 覺 有 觀 有 喜 共 味 定  
ZH_T28_1548_016:0632a11_15	如比丘行乃至觸，親近多修學，修學已心向寂靜、尊上寂靜、傾向寂靜，傾向寂靜已覺觀寂靜正寂靜滅沒除，滅沒除已故有內淨信、喜、樂、一心。	016	如 比 丘 行 乃 至 觸  親 近 多 修 學  修 學 已 心 向 寂 靜  尊 上 寂 靜  傾 向 寂 靜  傾 向 寂 靜 已 覺 觀 寂 靜 正 寂 靜 滅 沒 除  滅 沒 除 已 故 有 內 淨 信  喜  樂  一 心  
ZH_T28_1548_016:0632a12_9	若入此定者，得四支正得緣得：	016	若 入 此 定 者  得 四 支 正 得 緣 得  
ZH_T28_1548_016:0632a13_8	內淨信、喜、樂、一心，是名第二禪無覺無觀定。	016	內 淨 信  喜  樂  一 心  是 名 第 二 禪 無 覺 無 觀 定  
ZH_T28_1548_016:0632a15_4	復次比丘得無覺無觀有喜共味定，比丘觀喜麁，喜心猶有悲，無喜樂寂靜勝。	016	復 次 比 丘 得 無 覺 無 觀 有 喜 共 味 定  比 丘 觀 喜 麁  喜 心 猶 有 悲  無 喜 樂 寂 靜 勝  
ZH_T28_1548_016:0632a16_19	比丘觀喜麁已，喜寂靜正寂靜滅沒除，滅沒除已故有內淨信、無喜樂、一心。	016	比 丘 觀 喜 麁 已  喜 寂 靜 正 寂 靜 滅 沒 除  滅 沒 除 已 故 有 內 淨 信  無 喜 樂  一 心  
ZH_T28_1548_016:0632a17_16	此入初禪捨心，不及入第三禪定捨心。	016	此 入 初 禪 捨 心  不 及 入 第 三 禪 定 捨 心  
ZH_T28_1548_016:0632a18_11	若入此定者，得三支正得緣得：	016	若 入 此 定 者  得 三 支 正 得 緣 得  
ZH_T28_1548_016:0632a19_11	內淨信、無喜樂、一心，是名禪間無覺無觀定。	016	內 淨 信  無 喜 樂  一 心  是 名 禪 間 無 覺 無 觀 定  
ZH_T28_1548_016:0632a20_6	第二第三禪間，從二禪趣三禪。	016	第二第三 禪 間  從 二 禪 趣 三 禪  
ZH_T28_1548_016:0632a22_10	復次比丘得無覺無觀無喜樂共味定，比丘觀無喜樂麁，無喜樂心猶有作，不苦不樂捨寂靜勝。	016	復 次 比 丘 得 無 覺 無 觀 無 喜 樂 共 味 定  比 丘 觀 無 喜 樂 麁  無 喜 樂 心 猶 有 作  不苦不樂 捨 寂 靜 勝  
ZH_T28_1548_016:0632a24_12	比丘觀無喜樂麁已，無喜樂寂靜正寂靜滅沒除，滅沒除已故有內淨信、不苦不樂捨、一心。	016	比 丘 觀 無 喜 樂 麁 已  無 喜 樂 寂 靜 正 寂 靜 滅 沒 除  滅 沒 除 已 故 有 內 淨 信  不苦不樂 捨  一 心  
ZH_T28_1548_016:0632a25_6	若入此定者，得三支正得緣得：	016	若 入 此 定 者  得 三 支 正 得 緣 得  
ZH_T28_1548_016:0632a26_11	內淨信、不苦不樂捨、一心，是名非禪非禪間無覺無觀定。	016	內 淨 信  不苦不樂 捨  一 心  是 名 非 禪 非 禪 間 無 覺 無 觀 定  
ZH_T28_1548_016:0632a28_11	如比丘若行、若受教、若法相，若方便、若專心、若思惟、若觸，得無覺無觀無喜樂共味定。	016	如 比 丘 若 行  若 受 教  若 法 相  若 方 便  若 專 心  若 思 惟  若 觸  得 無 覺 無 觀 無 喜 樂 共 味 定  
ZH_T28_1548_016:0632b04_6	如比丘行乃至觸，親近多修學，多修學已心向寂靜，心向寂靜尊上寂靜、尊上寂靜傾向寂靜，傾向寂靜已喜樂寂靜正寂靜滅沒除，滅沒除已故有內淨信、不苦不樂捨、一心，是名非禪非禪間無覺無觀定。	016	如 比 丘 行 乃 至 觸  親 近 多 修 學  多 修 學 已 心 向 寂 靜  心 向 寂 靜 尊 上 寂 靜  尊 上 寂 靜 傾 向 寂 靜  傾 向 寂 靜 已 喜 樂 寂 靜 正 寂 靜 滅 沒 除  滅 沒 除 已 故 有 內 淨 信  不苦不樂 捨  一 心  是 名 非 禪 非 禪 間 無 覺 無 觀 定  
ZH_T28_1548_016:0632b05_19	復次比丘離喜捨行、念正智、身受樂，如諸聖人解捨念樂行，成就三禪行。	016	復 次 比 丘 離 喜 捨 行  念 正 智  身 受 樂  如 諸 聖 人 解 捨 念 樂 行  成 就 三 禪 行  
ZH_T28_1548_016:0632b07_12	比丘故有共味定、捨、念正智、無喜樂、一心，若入此定者，得五支正得緣得：	016	比 丘 故 有 共 味 定  捨  念 正 智  無 喜 樂  一 心  若 入 此 定 者  得 五 支 正 得 緣 得  
ZH_T28_1548_016:0632b08_17	共味、捨、念正智、無喜樂、一心，是名第三禪無覺無觀定。	016	共 味  捨  念 正 智  無 喜 樂  一 心  是 名 第 三 禪 無 覺 無 觀 定  
ZH_T28_1548_016:0632b10_17	如比丘若行、若受教、若法相，若方便、若專心、若思惟、若觸，得無覺無觀有喜樂共味定。	016	如 比 丘 若 行  若 受 教  若 法 相  若 方 便  若 專 心  若 思 惟  若 觸  得 無 覺 無 觀 有 喜 樂 共 味 定  
ZH_T28_1548_016:0632b14_10	如比丘行乃至觸，親近多修學，多修學已心向寂靜、尊上寂靜、傾向寂靜，傾向寂靜已喜寂靜正寂靜滅沒除，滅沒除已，故有共味、捨、念正智、無喜樂、一心。	016	如 比 丘 行 乃 至 觸  親 近 多 修 學  多 修 學 已 心 向 寂 靜  尊 上 寂 靜  傾 向 寂 靜  傾 向 寂 靜 已 喜 寂 靜 正 寂 靜 滅 沒 除  滅 沒 除 已  故 有 共 味  捨  念 正 智  無 喜 樂  一 心  
ZH_T28_1548_016:0632b15_3	若入此定者，得五支正得緣得：	016	若 入 此 定 者  得 五 支 正 得 緣 得  
ZH_T28_1548_016:0632b16_7	共味、捨、念正智、無喜樂、一心，是名第三禪無覺無觀定。	016	共 味  捨  念 正 智  無 喜 樂  一 心  是 名 第 三 禪 無 覺 無 觀 定  
ZH_T28_1548_016:0632b18_13	復次比丘得無覺無觀無喜樂共味定，如比丘觀無喜樂麁，無喜樂心猶有作，不苦不樂捨寂靜勝。	016	復 次 比 丘 得 無 覺 無 觀 無 喜 樂 共 味 定  如 比 丘 觀 無 喜 樂 麁  無 喜 樂 心 猶 有 作  不苦不樂 捨 寂 靜 勝  
ZH_T28_1548_016:0632b20_17	比丘觀無喜樂麁已，無喜樂寂靜正寂靜滅沒除，滅沒除已捨、念正智、一心，此人出息入息滅。	016	比 丘 觀 無 喜 樂 麁 已  無 喜 樂 寂 靜 正 寂 靜 滅 沒 除  滅 沒 除 已 捨  念 正 智  一 心  此 人 出息入息 滅  
ZH_T28_1548_016:0632b21_19	不及入第四禪者、若入此定者，得四支正得緣得：	016	不 及 入 第 四 禪 者  若 入 此 定 者  得 四 支 正 得 緣 得  
ZH_T28_1548_016:0632b23_2	不苦不樂、捨、念正智、一心，是名禪間無覺無觀定。	016	不苦不樂  捨  念 正 智  一 心  是 名 禪 間 無 覺 無 觀 定  
ZH_T28_1548_016:0632b23_17	第三第四禪間，從三禪趣第四禪。	016	第 三 第 四 禪 間  從 三 禪 趣 第 四 禪  
ZH_T28_1548_016:0632b25_18	如比丘若行、若受教、若法相，若方便、若專心、若思惟、若觸，得無覺無觀無喜樂共味定。	016	如 比 丘 若 行  若 受 教  若 法 相  若 方 便  若 專 心  若 思 惟  若 觸  得 無 覺 無 觀 無 喜 樂 共 味 定  
ZH_T28_1548_016:0632b29_18	比丘行乃至觸，親近多修學，多修學已心向寂靜、尊上寂靜、傾向寂靜，傾向寂靜已無喜樂寂靜正寂靜滅沒除，滅沒除已有不苦不樂、捨、念正智、一心，此人出息入息滅。	016	比 丘 行 乃 至 觸  親 近 多 修 學  多 修 學 已 心 向 寂 靜  尊 上 寂 靜  傾 向 寂 靜  傾 向 寂 靜 已 無 喜 樂 寂 靜 正 寂 靜 滅 沒 除  滅 沒 除 已 有 不苦不樂  捨  念 正 智  一 心  此 人 出息入息 滅  
ZH_T28_1548_016:0632c01_18	不及入第四禪者、若入此定者，得四支正得緣得：	016	不 及 入 第 四 禪 者  若 入 此 定 者  得 四 支 正 得 緣 得  
ZH_T28_1548_016:0632c03_1	不苦不樂、捨、念正智、一心，是名禪間無覺無觀定。	016	不苦不樂  捨  念 正 智  一 心  是 名 禪 間 無 覺 無 觀 定  
ZH_T28_1548_016:0632c03_17	第三第四禪間，從第三禪趣第四禪。	016	第 三 第 四 禪 間  從 第 三 禪 趣 第 四 禪  
ZH_T28_1548_016:0632c05_5	復次比丘斷苦斷樂，先滅憂喜，不苦不樂捨念淨，成就四禪行。	016	復 次 比 丘 斷 苦 斷 樂  先 滅 憂 喜  不苦不樂 捨 念 淨  成 就 四 禪 行  
ZH_T28_1548_016:0632c06_2	如比丘有喜不苦不樂、捨、念淨、一心。	016	如 比 丘 有 喜 不苦不樂  捨  念 淨  一 心  
ZH_T28_1548_016:0632c06_16	若入此定者，得四支正得緣得：	016	若 入 此 定 者  得 四 支 正 得 緣 得  
ZH_T28_1548_016:0632c07_20	不苦不樂、捨、念淨、一心，是名第四禪無覺無觀定。	016	不苦不樂  捨  念 淨  一 心  是 名 第 四 禪 無 覺 無 觀 定  
ZH_T28_1548_016:0632c10_2	復次比丘得無覺無觀無喜樂共味定，比丘觀無喜樂麁，無喜樂心猶有作，不苦不樂捨寂靜勝。	016	復 次 比 丘 得 無 覺 無 觀 無 喜 樂 共 味 定  比 丘 觀 無 喜 樂 麁  無 喜 樂 心 猶 有 作  不苦不樂 捨 寂 靜 勝  
ZH_T28_1548_016:0632c12_2	比丘觀無喜樂麁已，無喜樂寂靜正寂靜滅沒除，滅沒除已故有不苦不樂、捨、念淨、一心。	016	比 丘 觀 無 喜 樂 麁 已  無 喜 樂 寂 靜 正 寂 靜 滅 沒 除  滅 沒 除 已 故 有 不苦不樂  捨  念 淨  一 心  
ZH_T28_1548_016:0632c12_16	若入此定者，得四支正得緣得：	016	若 入 此 定 者  得 四 支 正 得 緣 得  
ZH_T28_1548_016:0632c13_20	不苦不樂、捨、念淨、一心，是名第四禪無覺無觀定。	016	不苦不樂  捨  念 淨  一 心  是 名 第 四 禪 無 覺 無 觀 定  
ZH_T28_1548_016:0632c15_18	如比丘若行、若受教、若法相，若方便、若專心、若思惟、若觸，得無覺無觀無喜樂共味定。	016	如 比 丘 若 行  若 受 教  若 法 相  若 方 便  若 專 心  若 思 惟  若 觸  得 無 覺 無 觀 無 喜 樂 共 味 定  
ZH_T28_1548_016:0632c19_10	如比丘行乃至觸，親近多修學，多修學已心向寂靜、尊上寂靜、傾向寂靜，傾向寂靜已無喜樂寂靜正寂靜滅沒除，滅沒除已有不苦不樂、捨、念淨、一心。	016	如 比 丘 行 乃 至 觸  親 近 多 修 學  多 修 學 已 心 向 寂 靜  尊 上 寂 靜  傾 向 寂 靜  傾 向 寂 靜 已 無 喜 樂 寂 靜 正 寂 靜 滅 沒 除  滅 沒 除 已 有 不苦不樂  捨  念 淨  一 心  
ZH_T28_1548_016:0632c20_2	若入此定者，得四支正得緣得：	016	若 入 此 定 者  得 四 支 正 得 緣 得  
ZH_T28_1548_016:0632c21_4	不苦不樂、捨、念淨、一心，是名第四禪無覺無觀定。	016	不苦不樂  捨  念 淨  一 心  是 名 第 四 禪 無 覺 無 觀 定  
ZH_T28_1548_016:0632c22_14	復次比丘離一切色想、滅瞋恚想，不思惟若干想，成就無邊空處行。	016	復 次 比 丘 離 一 切 色 想  滅 瞋 恚 想  不 思 惟 若 干 想  成 就 無 邊 空 處 行  
ZH_T28_1548_016:0632c24_5	如比丘有空處想、不苦不樂捨、一心，若入此定者，得三支正得緣得：	016	如 比 丘 有 空 處 想  不苦不樂 捨  一 心  若 入 此 定 者  得 三 支 正 得 緣 得  
ZH_T28_1548_016:0632c24_18	空處想不苦不樂、捨、一心。	016	空 處 想 不苦不樂  捨  一 心  
ZH_T28_1548_016:0632c25_7	是名空處無覺無觀定。	016	是 名 空 處 無 覺 無 觀 定  
ZH_T28_1548_016:0632c26_7	復次比丘離一切空處想，成就無邊識處行。	016	復 次 比 丘 離 一 切 空 處 想  成 就 無 邊 識 處 行  
ZH_T28_1548_016:0632c27_5	如比丘有識處想、不苦不樂捨、一心。	016	如 比 丘 有 識 處 想  不苦不樂 捨  一 心  
ZH_T28_1548_016:0632c27_19	若入此定者，得三支正得緣得：	016	若 入 此 定 者  得 三 支 正 得 緣 得  
ZH_T28_1548_016:0632c29_1	識處想不苦不樂、捨、一心，是名識處無覺無觀定。	016	識 處 想 不苦不樂  捨  一 心  是 名 識 處 無 覺 無 觀 定  
ZH_T28_1548_016:0633a01_1	復次比丘離一切識處想，成就無所有處行。	016	復 次 比 丘 離 一 切 識 處 想  成 就 無所有處 行  
ZH_T28_1548_016:0633a01_20	如比丘有無所有處想不苦不樂、捨、一心。	016	如 比 丘 有 無所有處 想 不苦不樂  捨  一 心  
ZH_T28_1548_016:0633a03_19	若入此定者，得三支正得緣得，無所有處想、不苦不樂捨、一心，是名不用處無覺無觀定。	016	若 入 此 定 者  得 三 支 正 得 緣 得  無所有處 想  不苦不樂 捨  一 心  是 名 不 用 處 無 覺 無 觀 定  
ZH_T28_1548_016:0633a05_2	復次比丘離一切不用處，成就非想非非想處行。	016	復 次 比 丘 離 一 切 不 用 處  成 就 非想非非想處 行  
ZH_T28_1548_016:0633a06_4	如比丘有非想非非想處想、不苦不樂捨、一心。	016	如 比 丘 有 非想非非想處 想  不苦不樂 捨  一 心  
ZH_T28_1548_016:0633a06_18	若入此定者，得三支正得緣得：	016	若 入 此 定 者  得 三 支 正 得 緣 得  
ZH_T28_1548_016:0633a07_14	非想非非想處想不苦不樂、捨、一心。	016	非想非非想處 想 不苦不樂  捨  一 心  
ZH_T28_1548_016:0633a08_7	是名非想非非想處無覺無觀定。	016	是 名 非想非非想處 無 覺 無 觀 定  
ZH_T28_1548_016:0633a08_12	何謂空定？	016	何 謂 空 定  
ZH_T28_1548_016:0633a09_19	如比丘，一切法、若一處法，思惟空、知空、解空、受空。	016	如 比 丘  一 切 法  若 一 處 法  思 惟 空  知 空  解 空  受 空  
ZH_T28_1548_016:0633a10_1	以何義空？	016	以 何 義 空  
ZH_T28_1548_016:0633a10_10	以我空，我所亦空。	016	以 我 空  我 所 亦 空  
ZH_T28_1548_016:0633a11_8	如是不放逸觀，得定心住正住，是名空定。	016	如 是 不 放 逸 觀  得 定 心 住 正 住  是 名 空 定  
ZH_T28_1548_016:0633a11_15	復次空定六空：	016	復 次 空 定 六 空  
ZH_T28_1548_016:0633a12_16	內空、外空、內外空、空空、大空、第一義空。	016	內 空  外 空  內 外 空  空 空  大 空  第一義空  
ZH_T28_1548_016:0633a12_21	何謂內空？	016	何 謂 內 空  
ZH_T28_1548_016:0633a14_5	如比丘，一切內法、若一處內法，思惟空、知空、解空、受空。	016	如 比 丘  一 切 內 法  若 一 處 內 法  思 惟 空  知 空  解 空  受 空  
ZH_T28_1548_016:0633a14_10	以何義空？	016	以 何 義 空  
ZH_T28_1548_016:0633a15_4	以我空，我所亦空，常空、不變易空。	016	以 我 空  我 所 亦 空  常 空  不 變 易 空  
ZH_T28_1548_016:0633a16_3	如是不放逸觀，得定心住正住，是名內空。	016	如 是 不 放 逸 觀  得 定 心 住 正 住  是 名 內 空  
ZH_T28_1548_016:0633a16_8	何謂外空？	016	何 謂 外 空  
ZH_T28_1548_016:0633a17_16	如比丘，一切外法、若一處外法，思惟空、知空、解空、受空。	016	如 比 丘  一 切 外 法  若 一 處 外 法  思 惟 空  知 空  解 空  受 空  
ZH_T28_1548_016:0633a17_21	以何義空？	016	以 何 義 空  
ZH_T28_1548_016:0633a18_7	以我空，我所亦空。	016	以 我 空  我 所 亦 空  
ZH_T28_1548_016:0633a19_7	如是不放逸觀，得定心住正住，是名外空。	016	如 是 不 放 逸 觀  得 定 心 住 正 住  是 名 外 空  
ZH_T28_1548_016:0633a19_13	云何內外空？	016	云 何 內 外 空  
ZH_T28_1548_016:0633a20_22	如比丘，一切內外法、若一處內外法，思惟空、知空、解空、受空。	016	如 比 丘  一 切 內 外 法  若 一 處 內 外 法  思 惟 空  知 空  解 空  受 空  
ZH_T28_1548_016:0633a21_4	以何義空？	016	以 何 義 空  
ZH_T28_1548_016:0633a21_13	以我空，我所亦空。	016	以 我 空  我 所 亦 空  
ZH_T28_1548_016:0633a22_14	如是不放逸觀，得定心住正住，是名內外空。	016	如 是 不 放 逸 觀  得 定 心 住 正 住  是 名 內 外 空  
ZH_T28_1548_016:0633a22_19	何謂空空？	016	何 謂 空 空  
ZH_T28_1548_016:0633a24_1	如比丘成就空定行，比丘思惟空、知空、解空、受空。	016	如 比 丘 成 就 空 定 行  比 丘 思 惟 空  知 空  解 空  受 空  
ZH_T28_1548_016:0633a24_6	以何義空？	016	以 何 義 空  
ZH_T28_1548_016:0633a25_2	以我空，我所亦空，常空、不變易空。	016	以 我 空  我 所 亦 空  常 空  不 變 易 空  
ZH_T28_1548_016:0633a26_3	如是不放逸觀，得空定心住正住，是名空空。	016	如 是 不 放 逸 觀  得 空 定 心 住 正 住  是 名 空 空  
ZH_T28_1548_016:0633a26_8	何謂大空？	016	何 謂 大 空  
ZH_T28_1548_016:0633a27_7	如比丘，一切法思惟空、知空、解空、受空。	016	如 比 丘  一 切 法 思 惟 空  知 空  解 空  受 空  
ZH_T28_1548_016:0633a27_12	以何義空？	016	以 何 義 空  
ZH_T28_1548_016:0633a27_21	以我空，我所亦空。	016	以 我 空  我 所 亦 空  
ZH_T28_1548_016:0633a28_18	如是不放逸觀，得定心住正住，是名大空。	016	如 是 不 放 逸 觀  得 定 心 住 正 住  是 名 大 空  
ZH_T28_1548_016:0633a29_5	何謂第一義空？	016	何 謂 第一義空  
ZH_T28_1548_016:0633a29_11	第一謂涅槃。	016	第 一 謂 涅 槃  
ZH_T28_1548_016:0633b01_10	如比丘思惟涅槃空、知空、解空、受空。	016	如 比 丘 思 惟 涅 槃 空  知 空  解 空  受 空  
ZH_T28_1548_016:0633b01_15	以何義空？	016	以 何 義 空  
ZH_T28_1548_016:0633b02_10	以我空，我所亦空，常空、不變易空。	016	以 我 空  我 所 亦 空  常 空  不 變 易 空  
ZH_T28_1548_016:0633b03_10	如是不放逸觀，得定心住正住，是名第一義空。	016	如 是 不 放 逸 觀  得 定 心 住 正 住  是 名 第一義空  
ZH_T28_1548_016:0633b04_1	如是六空，是名空定。	016	如 是 六 空  是 名 空 定  
ZH_T28_1548_016:0633b04_7	何謂無相定？	016	何 謂 無 相 定  
ZH_T28_1548_016:0633b05_8	除空定，若餘定，以聖涅槃為境界，是名無相定。	016	除 空 定  若 餘 定  以 聖 涅 槃 為 境 界  是 名 無 相 定  
ZH_T28_1548_016:0633b06_2	復次無相定，行有相、涅槃無相。	016	復 次 無 相 定  行 有 相  涅 槃 無 相  
ZH_T28_1548_016:0633b06_13	行有三相，生、住、滅；	016	行 有 三 相  生  住  滅  
ZH_T28_1548_016:0633b07_5	涅槃無三相，不生、不住、不滅。	016	涅 槃 無 三 相  不 生  不 住  不 滅  
ZH_T28_1548_016:0633b10_5	如是行有相、涅槃無相，涅槃是寂滅、是舍宅、是救護、是燈明、是依止、是不終沒、是歸趣、是無燋熱、是無憂惱、是無憂悲苦惱及餘諸行。	016	如 是 行 有 相  涅 槃 無 相  涅 槃 是 寂 滅  是 舍 宅  是 救 護  是 燈 明  是 依 止  是 不 終 沒  是 歸 趣  是 無 燋 熱  是 無 憂 惱  是 無 憂 悲 苦 惱 及 餘 諸 行  
ZH_T28_1548_016:0633b11_3	思惟涅槃得定心住正住，是名無相定。	016	思 惟 涅 槃 得 定 心 住 正 住  是 名 無 相 定  
ZH_T28_1548_016:0633b11_9	何謂無願定？	016	何 謂 無 願 定  
ZH_T28_1548_016:0633b12_11	除空定，若餘定，以聖有為為境界，是名無願定。	016	除 空 定  若 餘 定  以 聖 有 為 為 境 界  是 名 無 願 定  
ZH_T28_1548_016:0633b13_2	復次無願定，願有二種：	016	復 次 無 願 定  願 有 二 種  
ZH_T28_1548_016:0633b13_8	愛著、見著。	016	愛 著  見 著  
ZH_T28_1548_016:0633b15_8	比丘思惟行苦、患、癰、箭、著、味，依緣壞法、不定、不足、可壞、眾苦，不思惟空無我，得定心住正住。	016	比 丘 思 惟 行 苦  患  癰  箭  著  味  依 緣 壞 法  不 定  不 足  可 壞  眾 苦  不 思 惟 空 無 我  得 定 心 住 正 住  
ZH_T28_1548_016:0633b16_8	比丘愛斷見斷，此定能斷愛見，是名無願定。	016	比 丘 愛 斷 見 斷  此 定 能 斷 愛 見  是 名 無 願 定  
ZH_T28_1548_016:0633b16_14	何謂四念處？	016	何 謂 四 念 處  
ZH_T28_1548_016:0633b17_14	如比丘，內身觀身行勤念正智、調希望世憂；	016	如 比 丘  內 身 觀 身 行 勤 念 正 智  調 希 望 世 憂  
ZH_T28_1548_016:0633b18_12	外身觀身行勤念正智、調希望世憂；	016	外 身 觀 身 行 勤 念 正 智  調 希 望 世 憂  
ZH_T28_1548_016:0633b19_11	內外身觀身行勤念正智、調希望世憂。	016	內 外 身 觀 身 行 勤 念 正 智  調 希 望 世 憂  
ZH_T28_1548_016:0633b19_20	受、心、法亦如是。	016	受  心  法 亦 如 是  
ZH_T28_1548_016:0633b20_5	是名四念處。	016	是 名 四 念 處  
ZH_T28_1548_016:0633b20_11	何謂四正斷？	016	何 謂 四 正 斷  
ZH_T28_1548_016:0633b21_19	如比丘，惡不善法未生欲令不生，起欲自勉勝進，攝心正斷；	016	如 比 丘  惡不善法 未 生 欲 令 不 生  起 欲 自 勉 勝 進  攝 心 正 斷  
ZH_T28_1548_016:0633b22_19	惡法已生欲令斷，起欲自勉勝進，攝心正斷；	016	惡 法 已 生 欲 令 斷  起 欲 自 勉 勝 進  攝 心 正 斷  
ZH_T28_1548_016:0633b23_19	善法未生欲令生，起欲自勉勝進，攝心正斷；	016	善 法 未 生 欲 令 生  起 欲 自 勉 勝 進  攝 心 正 斷  
ZH_T28_1548_016:0633b25_10	善法已生欲令住，具足修不忘廣大增長，起欲自勉勝進，攝心正斷。	016	善 法 已 生 欲 令 住  具 足 修 不 忘 廣 大 增 長  起 欲 自 勉 勝 進  攝 心 正 斷  
ZH_T28_1548_016:0633b25_16	是名四正斷。	016	是 名 四 正 斷  
ZH_T28_1548_016:0633b26_2	何謂四神足？	016	何 謂 四 神 足  
ZH_T28_1548_016:0633b27_18	如比丘，斷行成就修神足，精進定、心定、念定、慧定斷行成就修神足，是名四神足。	016	如 比 丘  斷 行 成 就 修 神 足  精 進 定  心 定  念 定  慧 定 斷 行 成 就 修 神 足  是 名 四 神 足  
ZH_T28_1548_016:0633b28_6	四禪如禪品所說。	016	四 禪 如 禪 品 所 說  
ZH_T28_1548_016:0633b28_12	何謂四無量？	016	何 謂 四 無 量  
ZH_T28_1548_016:0633b28_20	慈、悲、喜、捨。	016	慈  悲  喜  捨  
ZH_T28_1548_016:0633b29_2	何謂慈？	016	何 謂 慈  
ZH_T28_1548_016:0633b29_21	如比丘，思惟眾生樂、知樂、解樂、受樂。	016	如 比 丘  思 惟 眾 生 樂  知 樂  解 樂  受 樂  
ZH_T28_1548_016:0633c02_10	或有眾生曾侵惱比丘，比丘於是眾生心障礙、不清淨、不親近、不解。	016	或 有 眾 生 曾 侵 惱 比 丘  比 丘 於 是 眾 生 心 障 礙  不 清 淨  不 親 近  不 解  
ZH_T28_1548_016:0633c02_17	比丘如是思惟：	016	比 丘 如 是 思 惟  
ZH_T28_1548_016:0633c03_3	眾生已侵惱我。	016	眾 生 已 侵 惱 我  
ZH_T28_1548_016:0633c04_7	眾生雖侵損我，我法不應報，我若瞋惱眾生則為自損。	016	眾 生 雖 侵 損 我  我 法 不 應 報  我 若 瞋 惱 眾 生 則 為 自 損  
ZH_T28_1548_016:0633c05_4	他已侵惱我，若我還報，自損甚彼。	016	他 已 侵 惱 我  若 我 還 報  自 損 甚 彼  
ZH_T28_1548_016:0633c06_21	比丘如是思惟已，於眾生堪忍，除滅瞋惱，心思惟欲令眾生樂、知樂、解樂、受樂。	016	比 丘 如 是 思 惟 已  於 眾 生 堪 忍  除 滅 瞋 惱  心 思 惟 欲 令 眾 生 樂  知 樂  解 樂  受 樂  
ZH_T28_1548_016:0633c07_16	或有眾，生先未曾侵惱比丘，今侵惱。	016	或 有 眾  生 先 未 曾 侵 惱 比 丘  今 侵 惱  
ZH_T28_1548_016:0633c08_16	比丘於眾生心障礙、不清淨，不親近、不解。	016	比 丘 於 眾 生 心 障 礙  不 清 淨  不 親 近  不 解  
ZH_T28_1548_016:0633c09_2	比丘如是思惟：	016	比 丘 如 是 思 惟  
ZH_T28_1548_016:0633c09_16	眾生先未曾侵惱我，今現侵惱。	016	眾 生 先 未 曾 侵 惱 我  今 現 侵 惱  
ZH_T28_1548_016:0633c11_7	眾生雖現侵惱我，或是我宿業報，非我能遮，我若瞋惱眾生則為自損。	016	眾 生 雖 現 侵 惱 我  或 是 我 宿 業 報  非 我 能 遮  我 若 瞋 惱 眾 生 則 為 自 損  
ZH_T28_1548_016:0633c12_3	他已侵我，若我還報自損甚彼。	016	他 已 侵 我  若 我 還 報 自 損 甚 彼  
ZH_T28_1548_016:0633c13_20	比丘如是思惟已，於眾生堪忍，除滅瞋惱心，思惟欲令眾生樂、知樂、解樂、受樂。	016	比 丘 如 是 思 惟 已  於 眾 生 堪 忍  除 滅 瞋 惱 心  思 惟 欲 令 眾 生 樂  知 樂  解 樂  受 樂  
ZH_T28_1548_016:0633c15_1	或有眾生，先未曾侵惱比丘、今不侵惱，當欲侵惱。	016	或 有 眾 生  先 未 曾 侵 惱 比 丘  今 不 侵 惱  當 欲 侵 惱  
ZH_T28_1548_016:0633c15_21	比丘於眾生心障礙、不清淨，不親近、不解。	016	比 丘 於 眾 生 心 障 礙  不 清 淨  不 親 近  不 解  
ZH_T28_1548_016:0633c16_6	比丘如是思惟：	016	比 丘 如 是 思 惟  
ZH_T28_1548_016:0633c17_7	眾生先未曾侵惱我，今不侵惱，當欲侵惱我。	016	眾 生 先 未 曾 侵 惱 我  今 不 侵 惱  當 欲 侵 惱 我  
ZH_T28_1548_016:0633c18_15	眾生雖當欲侵惱，或不作、或因緣不集，我若瞋惱眾生則為自損。	016	眾 生 雖 當 欲 侵 惱  或 不 作  或 因 緣 不 集  我 若 瞋 惱 眾 生 則 為 自 損  
ZH_T28_1548_016:0633c19_13	他雖欲侵惱我，若我還報自損甚彼。	016	他 雖 欲 侵 惱 我  若 我 還 報 自 損 甚 彼  
ZH_T28_1548_016:0633c21_12	比丘如是思惟已，於眾生堪忍，除滅瞋惱心，思惟欲令眾生樂、知樂、解樂、受樂。	016	比 丘 如 是 思 惟 已  於 眾 生 堪 忍  除 滅 瞋 惱 心  思 惟 欲 令 眾 生 樂  知 樂  解 樂  受 樂  
ZH_T28_1548_016:0633c23_16	或有眾生，先未曾侵惱比丘、今不侵惱、當不侵惱，先未曾侵我愛喜適意者，今現侵惱我愛喜適意者。	016	或 有 眾 生  先 未 曾 侵 惱 比 丘  今 不 侵 惱  當 不 侵 惱  先 未 曾 侵 我 愛 喜 適 意 者  今 現 侵 惱 我 愛 喜 適 意 者  
ZH_T28_1548_016:0633c24_17	比丘於眾生心障礙、不清淨、不親近、不解。	016	比 丘 於 眾 生 心 障 礙  不 清 淨  不 親 近  不 解  
ZH_T28_1548_016:0633c25_3	比丘如是思惟：	016	比 丘 如 是 思 惟  
ZH_T28_1548_016:0633c26_13	眾生先未曾侵惱我、今不侵惱、當不侵惱，我所愛喜適意者曾侵惱。	016	眾 生 先 未 曾 侵 惱 我  今 不 侵 惱  當 不 侵 惱  我 所 愛 喜 適 意 者 曾 侵 惱  
ZH_T28_1548_016:0633c28_5	眾生雖侵惱我愛喜適意者，我不應侵惱彼，我若瞋惱眾生則為自損。	016	眾 生 雖 侵 惱 我 愛 喜 適 意 者  我 不 應 侵 惱 彼  我 若 瞋 惱 眾 生 則 為 自 損  
ZH_T28_1548_016:0633c28_19	他已侵惱，若我還報自損甚彼。	016	他 已 侵 惱  若 我 還 報 自 損 甚 彼  
ZH_T28_1548_016:0634a01_16	比丘如是思惟已，於眾生堪忍，除滅瞋惱心，思惟欲令眾生樂、知樂、解樂、受樂。	016	比 丘 如 是 思 惟 已  於 眾 生 堪 忍  除 滅 瞋 惱 心  思 惟 欲 令 眾 生 樂  知 樂  解 樂  受 樂  
ZH_T28_1548_016:0634a04_2	或有眾生，先未曾侵惱比丘、今不侵惱、當不侵惱，先未曾侵惱我愛喜適意者，今現侵惱我愛喜適意者。	016	或 有 眾 生  先 未 曾 侵 惱 比 丘  今 不 侵 惱  當 不 侵 惱  先 未 曾 侵 惱 我 愛 喜 適 意 者  今 現 侵 惱 我 愛 喜 適 意 者  
ZH_T28_1548_016:0634a05_1	比丘於眾生心障礙、不清淨、不親近、不解。	016	比 丘 於 眾 生 心 障 礙  不 清 淨  不 親 近  不 解  
ZH_T28_1548_016:0634a05_8	比丘如是思惟：	016	比 丘 如 是 思 惟  
ZH_T28_1548_016:0634a07_5	眾生先未曾侵我、今不侵、當不侵，我愛喜適意者先未曾侵，我愛喜適意者今現侵。	016	眾 生 先 未 曾 侵 我  今 不 侵  當 不 侵  我 愛 喜 適 意 者 先 未 曾 侵  我 愛 喜 適 意 者 今 現 侵  
ZH_T28_1548_016:0634a09_4	眾生雖侵我愛喜適意者，或是宿業報，非我能遮他宿業，我若瞋惱眾生則為自損。	016	眾 生 雖 侵 我 愛 喜 適 意 者  或 是 宿 業 報  非 我 能 遮 他 宿 業  我 若 瞋 惱 眾 生 則 為 自 損  
ZH_T28_1548_016:0634a09_19	他以侵我，我若還報自損甚於彼。	016	他 以 侵 我  我 若 還 報 自 損 甚 於 彼  
ZH_T28_1548_016:0634a11_16	比丘如是思惟已，於眾生堪忍，除滅瞋惱心，思惟欲令眾生樂、知樂、解樂、受樂。	016	比 丘 如 是 思 惟 已  於 眾 生 堪 忍  除 滅 瞋 惱 心  思 惟 欲 令 眾 生 樂  知 樂  解 樂  受 樂  
ZH_T28_1548_016:0634a14_10	或有眾生，先未曾侵惱比丘、今不侵惱、當不侵惱，若我愛喜適意者，先未曾侵惱、今不侵惱，若我愛喜適意者，當欲侵惱。	016	或 有 眾 生  先 未 曾 侵 惱 比 丘  今 不 侵 惱  當 不 侵 惱  若 我 愛 喜 適 意 者  先 未 曾 侵 惱  今 不 侵 惱  若 我 愛 喜 適 意 者  當 欲 侵 惱  
ZH_T28_1548_016:0634a15_10	比丘於眾生心障礙、不清淨、不親近、不解。	016	比 丘 於 眾 生 心 障 礙  不 清 淨  不 親 近  不 解  
ZH_T28_1548_016:0634a15_17	比丘如是思惟：	016	比 丘 如 是 思 惟  
ZH_T28_1548_016:0634a16_15	眾生先未曾侵惱我、今不侵惱、當不侵惱。	016	眾 生 先 未 曾 侵 惱 我  今 不 侵 惱  當 不 侵 惱  
ZH_T28_1548_016:0634a17_15	若我愛喜適意者，先未曾侵惱、今不侵惱。	016	若 我 愛 喜 適 意 者  先 未 曾 侵 惱  今 不 侵 惱  
ZH_T28_1548_016:0634a18_9	若我愛喜適意者，當欲侵惱。	016	若 我 愛 喜 適 意 者  當 欲 侵 惱  
ZH_T28_1548_016:0634a20_4	眾生雖欲侵惱我愛喜適意者，或不作、或因緣不集，我若瞋惱眾生則為自損。	016	眾 生 雖 欲 侵 惱 我 愛 喜 適 意 者  或 不 作  或 因 緣 不 集  我 若 瞋 惱 眾 生 則 為 自 損  
ZH_T28_1548_016:0634a20_18	他已侵惱，我若還報自損甚彼。	016	他 已 侵 惱  我 若 還 報 自 損 甚 彼  
ZH_T28_1548_016:0634a22_16	比丘如是思惟已，於眾生堪忍，除滅瞋惱心，思惟欲令眾生樂、知樂、解樂、受樂。	016	比 丘 如 是 思 惟 已  於 眾 生 堪 忍  除 滅 瞋 惱 心  思 惟 欲 令 眾 生 樂  知 樂  解 樂  受 樂  
ZH_T28_1548_016:0634a23_17	或有眾生，先未曾侵惱比丘、今不侵惱、當不侵惱。	016	或 有 眾 生  先 未 曾 侵 惱 比 丘  今 不 侵 惱  當 不 侵 惱  
ZH_T28_1548_016:0634a25_3	若我愛喜適意者，先未曾侵惱、今不曾侵惱、當不曾侵惱。	016	若 我 愛 喜 適 意 者  先 未 曾 侵 惱  今 不 曾 侵 惱  當 不 曾 侵 惱  
ZH_T28_1548_016:0634a25_17	若我不愛喜適意者，已曾利益。	016	若 我 不 愛 喜 適 意 者  已 曾 利 益  
ZH_T28_1548_016:0634a26_18	比丘於眾生心障礙、不清淨、不親近、不解。	016	比 丘 於 眾 生 心 障 礙  不 清 淨  不 親 近  不 解  
ZH_T28_1548_016:0634a27_4	比丘如是思惟：	016	比 丘 如 是 思 惟  
ZH_T28_1548_016:0634a28_3	眾生先未曾侵惱我、今不侵惱、當不侵惱。	016	眾 生 先 未 曾 侵 惱 我  今 不 侵 惱  當 不 侵 惱  
ZH_T28_1548_016:0634a29_9	若我愛喜適意者，先未曾侵惱、今不曾侵惱、當不侵惱。	016	若 我 愛 喜 適 意 者  先 未 曾 侵 惱  今 不 曾 侵 惱  當 不 侵 惱  
ZH_T28_1548_016:0634b01_4	若我不愛喜適意者，已曾利益。	016	若 我 不 愛 喜 適 意 者  已 曾 利 益  
ZH_T28_1548_016:0634b02_19	若眾生雖已利益我不愛喜適意者，我不應侵惱彼，我若瞋惱眾生則為自損。	016	若 眾 生 雖 已 利 益 我 不 愛 喜 適 意 者  我 不 應 侵 惱 彼  我 若 瞋 惱 眾 生 則 為 自 損  
ZH_T28_1548_016:0634b03_13	他已損我，我若還報自損甚彼。	016	他 已 損 我  我 若 還 報 自 損 甚 彼  
ZH_T28_1548_016:0634b05_12	比丘如是思惟已，於眾生堪忍，除滅瞋惱心，思惟欲令眾生樂、知樂、解樂、受樂。	016	比 丘 如 是 思 惟 已  於 眾 生 堪 忍  除 滅 瞋 惱 心  思 惟 欲 令 眾 生 樂  知 樂  解 樂  受 樂  
ZH_T28_1548_016:0634b06_14	或有眾生，先未曾侵惱比丘、今不侵惱、當不侵惱。	016	或 有 眾 生  先 未 曾 侵 惱 比 丘  今 不 侵 惱  當 不 侵 惱  
ZH_T28_1548_016:0634b07_18	若我愛喜適意者，先未曾侵惱、今不侵惱、當不侵惱。	016	若 我 愛 喜 適 意 者  先 未 曾 侵 惱  今 不 侵 惱  當 不 侵 惱  
ZH_T28_1548_016:0634b08_13	若我不愛喜適意者，先未曾利益。	016	若 我 不 愛 喜 適 意 者  先 未 曾 利 益  
ZH_T28_1548_016:0634b09_7	若我不愛喜適意者，今利益。	016	若 我 不 愛 喜 適 意 者  今 利 益  
ZH_T28_1548_016:0634b10_6	比丘於眾生心障礙、不清淨、不親近、不解。	016	比 丘 於 眾 生 心 障 礙  不 清 淨  不 親 近  不 解  
ZH_T28_1548_016:0634b10_13	比丘如是思惟：	016	比 丘 如 是 思 惟  
ZH_T28_1548_016:0634b11_12	眾生先未曾侵惱我、今不侵惱、當不侵惱。	016	眾 生 先 未 曾 侵 惱 我  今 不 侵 惱  當 不 侵 惱  
ZH_T28_1548_016:0634b12_15	若我愛喜適意者，先未曾侵惱、今不侵惱、當不侵惱。	016	若 我 愛 喜 適 意 者  先 未 曾 侵 惱  今 不 侵 惱  當 不 侵 惱  
ZH_T28_1548_016:0634b13_11	若我不愛喜適意者，先未曾利益。	016	若 我 不 愛 喜 適 意 者  先 未 曾 利 益  
ZH_T28_1548_016:0634b14_5	若我不愛喜適意者，今利益。	016	若 我 不 愛 喜 適 意 者  今 利 益  
ZH_T28_1548_016:0634b16_5	眾生雖利益我不愛喜適意者，或是宿業報，非我能遮他宿業報，我若瞋惱眾生則為自損。	016	眾 生 雖 利 益 我 不 愛 喜 適 意 者  或 是 宿 業 報  非 我 能 遮 他 宿 業 報  我 若 瞋 惱 眾 生 則 為 自 損  
ZH_T28_1548_016:0634b17_1	他已損我，我若還報自損甚彼。	016	他 已 損 我  我 若 還 報 自 損 甚 彼  
ZH_T28_1548_016:0634b18_18	比丘如是思惟已，於眾生堪忍，除滅瞋惱心，思惟欲令眾生樂、知樂、解樂、受樂。	016	比 丘 如 是 思 惟 已  於 眾 生 堪 忍  除 滅 瞋 惱 心  思 惟 欲 令 眾 生 樂  知 樂  解 樂  受 樂  
ZH_T28_1548_016:0634b19_19	或有眾生，先未曾侵惱比丘、今不侵惱、當不侵惱。	016	或 有 眾 生  先 未 曾 侵 惱 比 丘  今 不 侵 惱  當 不 侵 惱  
ZH_T28_1548_016:0634b21_2	若我愛喜適意者，先未曾侵惱、今不侵惱、當不侵惱。	016	若 我 愛 喜 適 意 者  先 未 曾 侵 惱  今 不 侵 惱  當 不 侵 惱  
ZH_T28_1548_016:0634b22_2	若我不愛喜適意者，先未曾利益、今不利益。	016	若 我 不 愛 喜 適 意 者  先 未 曾 利 益  今 不 利 益  
ZH_T28_1548_016:0634b22_16	若我不愛喜適意者，當欲利益。	016	若 我 不 愛 喜 適 意 者  當 欲 利 益  
ZH_T28_1548_016:0634b23_16	比丘於眾生心障礙、不清淨、不親近、不解。	016	比 丘 於 眾 生 心 障 礙  不 清 淨  不 親 近  不 解  
ZH_T28_1548_016:0634b24_2	比丘如是思惟：	016	比 丘 如 是 思 惟  
ZH_T28_1548_016:0634b25_1	眾生先未曾侵惱我、今不侵惱、當不侵惱。	016	眾 生 先 未 曾 侵 惱 我  今 不 侵 惱  當 不 侵 惱  
ZH_T28_1548_016:0634b26_6	若我愛喜適意者，先未曾侵惱、今不侵惱、當不侵惱。	016	若 我 愛 喜 適 意 者  先 未 曾 侵 惱  今 不 侵 惱  當 不 侵 惱  
ZH_T28_1548_016:0634b27_11	若我不愛喜適意者，先未曾利益、今不利益，當欲利益。	016	若 我 不 愛 喜 適 意 者  先 未 曾 利 益  今 不 利 益  當 欲 利 益  
ZH_T28_1548_016:0634b28_6	若我不愛喜適意者，當欲利益。	016	若 我 不 愛 喜 適 意 者  當 欲 利 益  
ZH_T28_1548_016:0634c01_2	眾生雖欲利益我不愛喜適意者，或不作、或因緣不集，我若瞋惱眾生則為自損。	016	眾 生 雖 欲 利 益 我 不 愛 喜 適 意 者  或 不 作  或 因 緣 不 集  我 若 瞋 惱 眾 生 則 為 自 損  
ZH_T28_1548_016:0634c01_16	他已損我，我若還報自損甚彼。	016	他 已 損 我  我 若 還 報 自 損 甚 彼  
ZH_T28_1548_016:0634c03_13	比丘如是思惟已，於眾生堪忍，除滅瞋惱心，思惟欲令眾生樂、知樂、解樂、受樂。	016	比 丘 如 是 思 惟 已  於 眾 生 堪 忍  除 滅 瞋 惱 心  思 惟 欲 令 眾 生 樂  知 樂  解 樂  受 樂  
ZH_T28_1548_016:0634c04_14	或有眾生，先未曾侵惱比丘、今不侵惱、當不侵惱。	016	或 有 眾 生  先 未 曾 侵 惱 比 丘  今 不 侵 惱  當 不 侵 惱  
ZH_T28_1548_016:0634c05_18	若我愛喜適意者，先未曾侵惱、今不侵惱、當不侵惱。	016	若 我 愛 喜 適 意 者  先 未 曾 侵 惱  今 不 侵 惱  當 不 侵 惱  
ZH_T28_1548_016:0634c07_2	若我不愛喜適意者，先未曾利益、今不利益、當不利益。	016	若 我 不 愛 喜 適 意 者  先 未 曾 利 益  今 不 利 益  當 不 利 益  
ZH_T28_1548_016:0634c08_16	如是比丘無因緣便橫瞋眾生，比丘於眾生心障礙、不清淨、不親近、不解。	016	如 是 比 丘 無 因 緣 便 橫 瞋 眾 生  比 丘 於 眾 生 心 障 礙  不 清 淨  不 親 近  不 解  
ZH_T28_1548_016:0634c09_2	比丘如是思惟：	016	比 丘 如 是 思 惟  
ZH_T28_1548_016:0634c10_1	眾生先未曾侵惱、今不侵惱、當不侵惱。	016	眾 生 先 未 曾 侵 惱  今 不 侵 惱  當 不 侵 惱  
ZH_T28_1548_016:0634c11_6	若我愛喜適意者，先未曾侵惱、今不侵惱、當不侵惱。	016	若 我 愛 喜 適 意 者  先 未 曾 侵 惱  今 不 侵 惱  當 不 侵 惱  
ZH_T28_1548_016:0634c12_11	若我不愛喜適意者，先未曾利益、今不利益、當不利益。	016	若 我 不 愛 喜 適 意 者  先 未 曾 利 益  今 不 利 益  當 不 利 益  
ZH_T28_1548_016:0634c13_20	我無因緣便橫瞋眾生，我於眾生心障礙、不清淨、不親近、不解。	016	我 無 因 緣 便 橫 瞋 眾 生  我 於 眾 生 心 障 礙  不 清 淨  不 親 近  不 解  
ZH_T28_1548_016:0634c14_9	我若瞋惱眾生則為自損。	016	我 若 瞋 惱 眾 生 則 為 自 損  
ZH_T28_1548_016:0634c15_4	他已損我，我若還報自損甚彼。	016	他 已 損 我  我 若 還 報 自 損 甚 彼  
ZH_T28_1548_016:0634c16_20	比丘如是思惟已，於眾生堪忍，除瞋惱心，思惟欲令眾生樂、知樂、解樂、受樂。	016	比 丘 如 是 思 惟 已  於 眾 生 堪 忍  除 瞋 惱 心  思 惟 欲 令 眾 生 樂  知 樂  解 樂  受 樂  
ZH_T28_1548_016:0634c18_12	如比丘，若於東方眾生滅瞋惱心，思惟欲令眾生樂、知樂、解樂、受樂；	016	如 比 丘  若 於 東 方 眾 生 滅 瞋 惱 心  思 惟 欲 令 眾 生 樂  知 樂  解 樂  受 樂  
ZH_T28_1548_016:0634c19_20	南西北方於眾生滅瞋惱心，思惟欲令眾生樂、知樂、解樂、受樂。	016	南 西 北 方 於 眾 生 滅 瞋 惱 心  思 惟 欲 令 眾 生 樂  知 樂  解 樂  受 樂  
ZH_T28_1548_016:0634c22_15	如比丘以慈心遍解一方行，第二第三第四、四維上下，一切以慈心，廣大尊勝、無二無量、無怨無瞋恚，遍解諸世間行，是名慈。	016	如 比 丘 以 慈 心 遍 解 一 方 行  第二第三 第 四  四 維 上 下  一 切 以 慈 心  廣 大 尊 勝  無 二 無 量  無 怨 無 瞋 恚  遍 解 諸 世 間 行  是 名 慈  
ZH_T28_1548_016:0634c22_19	何謂悲？	016	何 謂 悲  
ZH_T28_1548_016:0634c24_1	如比丘，不思惟眾生樂、不知樂、不解樂、不受樂。	016	如 比 丘  不 思 惟 眾 生 樂  不 知 樂  不 解 樂  不 受 樂  
ZH_T28_1548_016:0634c26_16	比丘見眾生苦受苦，若父母、若兄弟姊妹妻子親屬、知識大臣地獄畜生餓鬼，若人中貧賤、鬼神中貧賤，憐彼眾生起悲心。	016	比 丘 見 眾 生 苦 受 苦  若 父 母  若 兄 弟 姊 妹 妻 子 親 屬  知 識 大 臣 地 獄 畜 生 餓 鬼  若 人 中 貧 賤  鬼 神 中 貧 賤  憐 彼 眾 生 起 悲 心  
ZH_T28_1548_016:0634c28_6	或有眾生已侵惱比丘，比丘於眾生心障礙、不清淨、不親近、不解。	016	或 有 眾 生 已 侵 惱 比 丘  比 丘 於 眾 生 心 障 礙  不 清 淨  不 親 近  不 解  
ZH_T28_1548_016:0634c28_13	比丘如是思惟：	016	比 丘 如 是 思 惟  
ZH_T28_1548_016:0635a01_5	眾生曾侵惱我，眾生雖侵惱我，我不應侵惱彼，我若瞋惱眾生則為自損。	016	眾 生 曾 侵 惱 我  眾 生 雖 侵 惱 我  我 不 應 侵 惱 彼  我 若 瞋 惱 眾 生 則 為 自 損  
ZH_T28_1548_016:0635a02_1	他已損我，若我還報自損甚彼。	016	他 已 損 我  若 我 還 報 自 損 甚 彼  
ZH_T28_1548_016:0635a03_10	比丘如是思惟已，於眾生堪忍，除滅瞋惱心，於眾生憐愍起悲心。	016	比 丘 如 是 思 惟 已  於 眾 生 堪 忍  除 滅 瞋 惱 心  於 眾 生 憐 愍 起 悲 心  
ZH_T28_1548_016:0635a04_16	或有眾生，先未曾侵惱比丘，乃至無因緣橫瞋，如上所說。	016	或 有 眾 生  先 未 曾 侵 惱 比 丘  乃 至 無 因 緣 橫 瞋  如上所說  
ZH_T28_1548_016:0635a06_1	如比丘，若於東方眾生滅瞋惱心，於眾生憐愍起悲心；	016	如 比 丘  若 於 東 方 眾 生 滅 瞋 惱 心  於 眾 生 憐 愍 起 悲 心  
ZH_T28_1548_016:0635a07_2	南西北方眾生滅瞋惱心，於眾生憐愍起悲心。	016	南 西 北 方 眾 生 滅 瞋 惱 心  於 眾 生 憐 愍 起 悲 心  
ZH_T28_1548_016:0635a09_17	比丘以悲心遍解一方行，第二第三第四、四維上下，一切以悲心，廣大尊勝、無二無量、無怨無恚，遍解諸世間行，是名悲。	016	比 丘 以 悲 心 遍 解 一 方 行  第二第三 第 四  四 維 上 下  一 切 以 悲 心  廣 大 尊 勝  無 二 無 量  無 怨 無 恚  遍 解 諸 世 間 行  是 名 悲  
ZH_T28_1548_016:0635a10_1	何謂喜？	016	何 謂 喜  
ZH_T28_1548_016:0635a11_2	如比丘，不思惟眾生樂、不知樂、不解樂、不受樂。	016	如 比 丘  不 思 惟 眾 生 樂  不 知 樂  不 解 樂  不 受 樂  
ZH_T28_1548_016:0635a11_18	比丘於眾生，不得憐愍、不起悲心。	016	比 丘 於 眾 生  不 得 憐 愍  不 起 悲 心  
ZH_T28_1548_016:0635a14_17	如比丘，若見眾生快樂受樂，若父母兄弟姊妹妻子親屬知識大臣、若諸天若諸天子、若佛若佛弟子，於彼眾生得悅喜，不依欲染想。	016	如 比 丘  若 見 眾 生 快 樂 受 樂  若 父 母 兄 弟 姊 妹 妻 子 親 屬 知 識 大 臣  若 諸 天 若 諸 天 子  若 佛 若 佛 弟 子  於 彼 眾 生 得 悅 喜  不 依 欲 染 想  
ZH_T28_1548_016:0635a16_5	或有眾生已曾侵惱比丘，比丘於眾生心障礙、不清淨、不解。	016	或 有 眾 生 已 曾 侵 惱 比 丘  比 丘 於 眾 生 心 障 礙  不 清 淨  不 解  
ZH_T28_1548_016:0635a16_12	比丘如是思惟：	016	比 丘 如 是 思 惟  
ZH_T28_1548_016:0635a18_5	眾生已曾侵惱我，眾生雖侵惱我，我不應侵惱彼，我若侵惱眾生則為自損。	016	眾 生 已 曾 侵 惱 我  眾 生 雖 侵 惱 我  我 不 應 侵 惱 彼  我 若 侵 惱 眾 生 則 為 自 損  
ZH_T28_1548_016:0635a18_19	他已損我，若我還報自損甚彼。	016	他 已 損 我  若 我 還 報 自 損 甚 彼  
ZH_T28_1548_016:0635a20_12	比丘如是思惟已，於眾生堪忍，除滅瞋惱心，於眾生得悅喜，不依欲染想。	016	比 丘 如 是 思 惟 已  於 眾 生 堪 忍  除 滅 瞋 惱 心  於 眾 生 得 悅 喜  不 依 欲 染 想  
ZH_T28_1548_016:0635a21_18	或有眾生，先未曾侵惱比丘，乃至無因緣橫瞋，如上所說。	016	或 有 眾 生  先 未 曾 侵 惱 比 丘  乃 至 無 因 緣 橫 瞋  如上所說  
ZH_T28_1548_016:0635a23_8	比丘若於東方眾生除滅瞋惱心，於眾生得悅喜心，不依欲染想；	016	比 丘 若 於 東 方 眾 生 除 滅 瞋 惱 心  於 眾 生 得 悅 喜 心  不 依 欲 染 想  
ZH_T28_1548_016:0635a24_15	於南西北方眾生滅瞋惱心，於眾生得悅喜心，不依欲染想。	016	於 南 西 北 方 眾 生 滅 瞋 惱 心  於 眾 生 得 悅 喜 心  不 依 欲 染 想  
ZH_T28_1548_016:0635a27_10	比丘以喜心遍解一方行，第二第三第四、四維上下，一切以喜心，廣大尊勝、無二無量、無怨無恚，遍解諸世間行，是名喜。	016	比 丘 以 喜 心 遍 解 一 方 行  第二第三 第 四  四 維 上 下  一 切 以 喜 心  廣 大 尊 勝  無 二 無 量  無 怨 無 恚  遍 解 諸 世 間 行  是 名 喜  
ZH_T28_1548_016:0635a27_14	何謂捨？	016	何 謂 捨  
ZH_T28_1548_016:0635a29_15	如比丘，不思惟眾生樂、不知樂、不解樂、不受樂，不得憐愍、不起悲心、不得悅喜，不依欲染想。	016	如 比 丘  不 思 惟 眾 生 樂  不 知 樂  不 解 樂  不 受 樂  不 得 憐 愍  不 起 悲 心  不 得 悅 喜  不 依 欲 染 想  
ZH_T28_1548_016:0635b05_1	如比丘但緣眾生故得捨，如人入叢林中，不分別此是鉢多樹、尼居陀樹、毘梨叉樹、優頭披羅樹、家枝樹、加毘耶樹、若毘耶羅樹、家尼柯羅樹、彌陀樹、伊陀伽樹，但見叢林，不分別諸樹。	016	如 比 丘 但 緣 眾 生 故 得 捨  如 人 入 叢 林 中  不 分 別 此 是 鉢 多 樹  尼 居 陀 樹  毘 梨 叉 樹  優 頭 披 羅 樹  家 枝 樹  加 毘 耶 樹  若 毘 耶 羅 樹  家 尼 柯 羅 樹  彌 陀 樹  伊 陀 伽 樹  但 見 叢 林  不 分 別 諸 樹  
ZH_T28_1548_016:0635b07_11	如是比丘，不思惟眾生樂、不知樂、不解樂、不受樂，不得憐愍、不起悲心、不得悅喜，不依欲染想，但緣眾生故得捨。	016	如 是 比 丘  不 思 惟 眾 生 樂  不 知 樂  不 解 樂  不 受 樂  不 得 憐 愍  不 起 悲 心  不 得 悅 喜  不 依 欲 染 想  但 緣 眾 生 故 得 捨  
ZH_T28_1548_016:0635b09_1	或有眾生，已曾侵惱比丘，比丘於眾生心障礙、不清淨、不觀、不解。	016	或 有 眾 生  已 曾 侵 惱 比 丘  比 丘 於 眾 生 心 障 礙  不 清 淨  不 觀  不 解  
ZH_T28_1548_016:0635b09_8	比丘如是思惟：	016	比 丘 如 是 思 惟  
ZH_T28_1548_016:0635b11_3	眾生已曾侵惱我，眾生雖侵惱我，我不應侵惱，我若瞋惱眾生則為自損。	016	眾 生 已 曾 侵 惱 我  眾 生 雖 侵 惱 我  我 不 應 侵 惱  我 若 瞋 惱 眾 生 則 為 自 損  
ZH_T28_1548_016:0635b11_18	他已損我，若我還報自損甚於彼。	016	他 已 損 我  若 我 還 報 自 損 甚 於 彼  
ZH_T28_1548_016:0635b13_7	比丘如是思惟已，於眾生堪忍，除滅瞋惱心，但緣眾生故得捨。	016	比 丘 如 是 思 惟 已  於 眾 生 堪 忍  除 滅 瞋 惱 心  但 緣 眾 生 故 得 捨  
ZH_T28_1548_016:0635b14_14	或有眾生，先未曾侵惱比丘，乃至無因緣橫瞋，如上所說。	016	或 有 眾 生  先 未 曾 侵 惱 比 丘  乃 至 無 因 緣 橫 瞋  如上所說  
ZH_T28_1548_016:0635b15_17	如比丘，若於東方眾生滅瞋惱心，但緣眾生故得捨；	016	如 比 丘  若 於 東 方 眾 生 滅 瞋 惱 心  但 緣 眾 生 故 得 捨  
ZH_T28_1548_016:0635b17_1	於南西北方眾生除滅瞋惱心，但緣眾生故得捨。	016	於 南 西 北 方 眾 生 除 滅 瞋 惱 心  但 緣 眾 生 故 得 捨  
ZH_T28_1548_016:0635b19_18	如比丘以捨心遍解一方行，第二第三第四、四維上下，一切但以捨心，廣大尊勝、無二無量、無怨無恚，遍解諸世間行，是名捨。	016	如 比 丘 以 捨 心 遍 解 一 方 行  第二第三 第 四  四 維 上 下  一 切 但 以 捨 心  廣 大 尊 勝  無 二 無 量  無 怨 無 恚  遍 解 諸 世 間 行  是 名 捨  
ZH_T28_1548_016:0635b20_3	是名四無量。	016	是 名 四 無 量  
ZH_T28_1548_016:0635b21_6	何謂四無色定？	016	何 謂 四無色定  
ZH_T28_1548_016:0635b22_16	如比丘離一切色想、滅瞋恚想、不思惟若干想，成就無邊空處行；	016	如 比 丘 離 一 切 色 想  滅 瞋 恚 想  不 思 惟 若 干 想  成 就 無 邊 空 處 行  
ZH_T28_1548_016:0635b23_8	離一切空處，成就識處行；	016	離 一 切 空 處  成 就 識 處 行  
ZH_T28_1548_016:0635b24_1	離一切識處，成就不用處行；	016	離 一 切 識 處  成 就 不 用 處 行  
ZH_T28_1548_016:0635b24_18	離一切不用處，成就非想非非想處行。	016	離 一 切 不 用 處  成 就 非想非非想處 行  
ZH_T28_1548_016:0635b25_5	是名四無色定。	016	是 名 四無色定  
ZH_T28_1548_016:0635b25_11	何謂四向道？	016	何 謂 四 向 道  
ZH_T28_1548_016:0635b26_15	向苦道難行、向苦道速行、向樂道難行、向樂道速行。	016	向 苦 道 難 行  向 苦 道 速 行  向 樂 道 難 行  向 樂 道 速 行  
ZH_T28_1548_016:0635b27_4	何謂向苦道難行？	016	何 謂 向 苦 道 難 行  
ZH_T28_1548_016:0635b28_2	如比丘，性多貪欲、性多瞋恚、性多愚癡。	016	如 比 丘  性 多 貪 欲  性 多 瞋 恚  性 多 愚 癡  
ZH_T28_1548_016:0635c01_5	是比丘行道，防欲染故數受憂苦、防瞋恚故數受憂苦、防愚癡故數受憂苦，是比丘聖五根鈍行。	016	是 比 丘 行 道  防 欲 染 故 數 受 憂 苦  防 瞋 恚 故 數 受 憂 苦  防 愚 癡 故 數 受 憂 苦  是 比 丘 聖 五 根 鈍 行  
ZH_T28_1548_016:0635c01_9	何等五？	016	何 等 五  
ZH_T28_1548_016:0635c01_22	信根、精進、念、定、慧根。	016	信 根  精 進  念  定  慧 根  
ZH_T28_1548_016:0635c03_3	比丘五根鈍行故，證無間定盡諸漏，是名向苦道難行。	016	比 丘 五 根 鈍 行 故  證 無 間 定 盡 諸 漏  是 名 向 苦 道 難 行  
ZH_T28_1548_016:0635c03_11	何謂向苦道速行？	016	何 謂 向 苦 道 速 行  
ZH_T28_1548_016:0635c04_11	如比丘，性多貪欲、性多瞋恚、性多愚癡。	016	如 比 丘  性 多 貪 欲  性 多 瞋 恚  性 多 愚 癡  
ZH_T28_1548_016:0635c06_15	是比丘行道，防欲染故數受憂苦、防瞋恚故數受憂苦、防愚癡故數受憂苦，是比丘聖行五根利行。	016	是 比 丘 行 道  防 欲 染 故 數 受 憂 苦  防 瞋 恚 故 數 受 憂 苦  防 愚 癡 故 數 受 憂 苦  是 比 丘 聖 行 五 根 利 行  
ZH_T28_1548_016:0635c07_1	何等五？	016	何 等 五  
ZH_T28_1548_016:0635c07_14	信根、精進、念、定、慧根。	016	信 根  精 進  念  定  慧 根  
ZH_T28_1548_016:0635c08_14	比丘五根利行，速證無間定盡諸漏，是名向苦道速行。	016	比 丘 五 根 利 行  速 證 無 間 定 盡 諸 漏  是 名 向 苦 道 速 行  
ZH_T28_1548_016:0635c09_3	何謂向樂道難行？	016	何 謂 向 樂 道 難 行  
ZH_T28_1548_016:0635c10_1	如比丘，性欲染少、性瞋恚少、性愚癡少。	016	如 比 丘  性 欲 染 少  性 瞋 恚 少  性 愚 癡 少  
ZH_T28_1548_016:0635c12_10	是比丘，緣欲染少故不數受憂苦、緣瞋恚少故不數受憂苦、緣愚癡少故不數受憂苦，是比丘聖五根鈍行。	016	是 比 丘  緣 欲 染 少 故 不 數 受 憂 苦  緣 瞋 恚 少 故 不 數 受 憂 苦  緣 愚 癡 少 故 不 數 受 憂 苦  是 比 丘 聖 五 根 鈍 行  
ZH_T28_1548_016:0635c12_14	何等五？	016	何 等 五  
ZH_T28_1548_016:0635c13_4	信根、精進、念、定、慧根。	016	信 根  精 進  念  定  慧 根  
ZH_T28_1548_016:0635c14_6	比丘五根鈍行，證無間定盡諸漏，是名向樂道難行。	016	比 丘 五 根 鈍 行  證 無 間 定 盡 諸 漏  是 名 向 樂 道 難 行  
ZH_T28_1548_016:0635c14_14	何謂向樂道速行？	016	何 謂 向 樂 道 速 行  
ZH_T28_1548_016:0635c15_13	如比丘，性少貪欲、性少瞋恚、性少愚癡。	016	如 比 丘  性 少 貪 欲  性 少 瞋 恚  性 少 愚 癡  
ZH_T28_1548_016:0635c18_6	是比丘行道，緣欲染少故不數受憂苦、緣瞋恚少故不數受憂苦、緣愚癡少故不數受憂苦，是比丘聖五根最利行。	016	是 比 丘 行 道  緣 欲 染 少 故 不 數 受 憂 苦  緣 瞋 恚 少 故 不 數 受 憂 苦  緣 愚 癡 少 故 不 數 受 憂 苦  是 比 丘 聖 五 根 最 利 行  
ZH_T28_1548_016:0635c18_10	何等五？	016	何 等 五  
ZH_T28_1548_016:0635c18_23	信根、精進、念、定、慧根。	016	信 根  精 進  念  定  慧 根  
ZH_T28_1548_016:0635c20_3	比丘五根利行，證無間定盡諸漏，是名向樂道速行。	016	比 丘 五 根 利 行  證 無 間 定 盡 諸 漏  是 名 向 樂 道 速 行  
ZH_T28_1548_016:0635c20_9	是名四向道。	016	是 名 四 向 道  
ZH_T28_1548_016:0635c20_15	何謂四修定？	016	何 謂 四 修 定  
ZH_T28_1548_016:0635c21_4	如世尊說四修定。	016	如 世 尊 說 四 修 定  
ZH_T28_1548_016:0635c21_8	何等四？	016	何 等 四  
ZH_T28_1548_016:0635c24_3	有修定親近多修學得現世樂行、有修定親近多修學得知見、有修定親近多修學得慧分別、有修定親近多修學得漏盡。	016	有 修 定 親 近 多 修 學 得 現 世 樂 行  有 修 定 親 近 多 修 學 得 知 見  有 修 定 親 近 多 修 學 得 慧 分 別  有 修 定 親 近 多 修 學 得 漏 盡  
ZH_T28_1548_016:0635c24_18	何謂修定親近多修學得現世樂行？	016	何 謂 修 定 親 近 多 修 學 得 現 世 樂 行  
ZH_T28_1548_016:0635c26_1	如比丘離欲惡不善法，離生喜樂，成就初禪行。	016	如 比 丘 離 欲 惡不善法  離生喜樂  成 就 初 禪 行  
ZH_T28_1548_016:0635c27_5	滅覺觀、內淨信、一心，無覺無觀定生喜樂，成就二禪行。	016	滅 覺 觀  內 淨 信  一 心  無 覺 無 觀 定生喜樂  成 就 二 禪 行  
ZH_T28_1548_016:0635c28_13	離喜捨行、念、正智、身受樂，如諸聖人解捨念樂行，成就三禪行。	016	離 喜 捨 行  念  正 智  身 受 樂  如 諸 聖 人 解 捨 念 樂 行  成 就 三 禪 行  
ZH_T28_1548_016:0635c29_18	斷苦樂，先滅憂喜，不苦不樂、捨、念淨，成就四禪行。	016	斷 苦 樂  先 滅 憂 喜  不苦不樂  捨  念 淨  成 就 四 禪 行  
ZH_T28_1548_016:0636a01_11	如是修定親近多修學得現世樂行。	016	如 是 修 定 親 近 多 修 學 得 現 世 樂 行  
ZH_T28_1548_016:0636a02_6	何謂修定親近多修學得知見？	016	何 謂 修 定 親 近 多 修 學 得 知 見  
ZH_T28_1548_016:0636a02_19	如比丘善取明想、善持晝想。	016	如 比 丘 善 取 明 想  善 持 晝 想  
ZH_T28_1548_016:0636a03_12	比丘如晝修明想，夜亦如是；	016	比 丘 如 晝 修 明 想  夜 亦 如 是  
ZH_T28_1548_016:0636a04_3	如夜修明想，晝亦如是。	016	如 夜 修 明 想  晝 亦 如 是  
ZH_T28_1548_016:0636a05_8	以心開悟，不覆蓋心，心修有明，此定親近多修學得知見。	016	以 心 開 悟  不 覆 蓋 心  心 修 有 明  此 定 親 近 多 修 學 得 知 見  
ZH_T28_1548_016:0636a06_4	何謂修定親近多修學得慧分別？	016	何 謂 修 定 親 近 多 修 學 得 慧 分 別  
ZH_T28_1548_016:0636a08_14	如比丘，知受生、知受住、知受滅，知想生、知想住、知想滅，知覺生、知覺住、知覺滅，此定親近多修學得慧分別。	016	如 比 丘  知 受 生  知 受 住  知 受 滅  知 想 生  知 想 住  知 想 滅  知 覺 生  知 覺 住  知 覺 滅  此 定 親 近 多 修 學 得 慧 分 別  
ZH_T28_1548_016:0636a09_8	何謂修定親近多修學得漏盡？	016	何 謂 修 定 親 近 多 修 學 得 漏 盡  
ZH_T28_1548_016:0636a11_13	如比丘，知五受陰生滅，知色，知色集、知色滅，知受、想、行、識，知識集、知識滅，此定親近多修學得漏盡。	016	如 比 丘  知 五 受 陰 生 滅  知 色  知 色 集  知 色 滅  知 受  想  行  識  知 識 集  知 識 滅  此 定 親 近 多 修 學 得 漏 盡  
ZH_T28_1548_016:0636a13_16	如《波羅延經》所問，斷一切欲想、滅憂惱，捨睡眠、遮掉悔、捨念淨、先滅覺知，覺解脫、斷無明。	016	如  波 羅 延 經  所 問  斷 一 切 欲 想  滅 憂 惱  捨 睡 眠  遮 掉 悔  捨 念 淨  先 滅 覺 知  覺 解 脫  斷 無 明  
ZH_T28_1548_016:0636a14_1	是名四修定。	016	是 名 四 修 定  
ZH_T28_1548_016:0636a14_6	何謂四斷？	016	何 謂 四 斷  
ZH_T28_1548_016:0636a14_20	戒斷、微護斷、修斷、智緣斷。	016	戒 斷  微 護 斷  修 斷  智 緣 斷  
ZH_T28_1548_016:0636a15_3	何謂戒斷？	016	何 謂 戒 斷  
ZH_T28_1548_016:0636a17_9	如比丘，眼見色，不取相、不分別令發眼根，常自攝行，莫依希望世憂惡不善法，慎護眼根，得眼根戒。	016	如 比 丘  眼 見 色  不 取 相  不 分 別 令 發 眼 根  常 自 攝 行  莫 依 希 望 世 憂 惡不善法  慎 護 眼 根  得 眼 根 戒  
ZH_T28_1548_016:0636a19_17	耳、鼻、舌、身、意，意知法，不取相分別令起意根，常自攝行，莫依希望世憂惡不善法，慎護意根，得意根戒。	016	耳  鼻  舌  身  意  意 知 法  不 取 相 分 別 令 起 意 根  常 自 攝 行  莫 依 希 望 世 憂 惡不善法  慎 護 意 根  得 意 根 戒  
ZH_T28_1548_016:0636a20_2	是名戒斷。	016	是 名 戒 斷  
ZH_T28_1548_016:0636a20_8	何謂微護斷？	016	何 謂 微 護 斷  
ZH_T28_1548_016:0636a22_2	如比丘，取善相生微護，若骨節、若腫胞、若膖脹若青瘀、若赤黑、若爛壞離散。	016	如 比 丘  取 善 相 生 微 護  若 骨 節  若 腫 胞  若 膖 脹 若 青 瘀  若 赤 黑  若 爛 壞 離 散  
ZH_T28_1548_016:0636a22_17	如是觀善相生微護，是名微護斷。	016	如 是 觀 善 相 生 微 護  是 名 微 護 斷  
ZH_T28_1548_016:0636a23_3	何謂修斷？	016	何 謂 修 斷  
ZH_T28_1548_016:0636a25_21	如比丘，修念正覺，依離欲、依無染、依滅愛、擇法正覺、進正覺、喜正覺、除正覺、定正覺，修捨正覺，依離欲、依無染、依滅愛，是名修斷。	016	如 比 丘  修 念 正 覺  依 離 欲  依 無 染  依 滅 愛  擇 法 正 覺  進 正 覺  喜 正 覺  除 正 覺  定 正 覺  修 捨 正 覺  依 離 欲  依 無 染  依 滅 愛  是 名 修 斷  
ZH_T28_1548_016:0636a26_5	何謂智緣斷？	016	何 謂 智 緣 斷  
ZH_T28_1548_016:0636a27_1	如比丘，或在樹下露處，如是思惟：	016	如 比 丘  或 在 樹 下 露 處  如 是 思 惟  
ZH_T28_1548_016:0636a27_14	身不善惡行報，今世及後世。	016	身 不 善 惡 行 報  今 世 及 後 世  
ZH_T28_1548_016:0636a28_9	如比丘堪忍斷身惡行、修身善行。	016	如 比 丘 堪 忍 斷 身 惡 行  修 身 善 行  
ZH_T28_1548_016:0636a29_2	口不善行報，今世及後世。	016	口 不 善 行 報  今 世 及 後 世  
ZH_T28_1548_016:0636a29_17	如比丘堪忍斷口惡行、修口善行。	016	如 比 丘 堪 忍 斷 口 惡 行  修 口 善 行  
ZH_T28_1548_016:0636b01_10	意不善行惡報，今世及後世。	016	意 不 善 行 惡 報  今 世 及 後 世  
ZH_T28_1548_016:0636b02_8	如比丘堪忍斷意不善行、修意善行。	016	如 比 丘 堪 忍 斷 意 不 善 行  修 意 善 行  
ZH_T28_1548_016:0636b02_14	是名智緣斷。	016	是 名 智 緣 斷  
ZH_T28_1548_016:0636b03_0	戒護緣修斷，　　自性如來說，	016	戒 護 緣 修 斷    自 性 如 來 說  
ZH_T28_1548_016:0636b04_0	比丘行是法，　　一切苦際盡，	016	比 丘 行 是 法    一 切 苦 際 盡  
ZH_T28_1548_016:0636b05_5	是名四斷智。	016	是 名 四 斷 智  
ZH_T28_1548_016:0636b06_4	何謂五根？	016	何 謂 五 根  
ZH_T28_1548_016:0636b07_2	信根、進根、念根、定根、慧根，是名五根。	016	信 根  進 根  念 根  定 根  慧 根  是 名 五 根  
ZH_T28_1548_016:0636b07_8	五力亦如是。	016	五 力 亦 如 是  
ZH_T28_1548_016:0636b07_15	何謂五解脫處？	016	何 謂 五解脫處  
ZH_T28_1548_016:0636b09_16	謂比丘不放逸勤念正智寂靜行，心未解脫得解脫、諸漏未盡得漏盡、未得無上安隱得安隱。	016	謂 比 丘 不 放 逸 勤 念 正 智 寂 靜 行  心 未 解 脫 得 解 脫  諸 漏 未 盡 得 漏 盡  未 得 無 上 安 隱 得 安 隱  
ZH_T28_1548_016:0636b10_1	何謂五？	016	何 謂 五  
ZH_T28_1548_016:0636b12_5	若世尊為比丘說法，若師說若慧梵淨行者說，隨順如來說若師若慧梵淨行者說，聽已受法受義。	016	若 世 尊 為 比 丘 說 法  若 師 說 若 慧 梵 淨 行 者 說  隨 順 如 來 說 若 師 若 慧 梵 淨 行 者 說  聽 已 受 法 受 義  
ZH_T28_1548_016:0636b14_4	受法受義已生悅，悅已生喜，喜已得身除，身除已受樂，受樂已心定，心定已如實知見。	016	受 法 受 義 已 生 悅  悅 已 生 喜  喜 已 得 身 除  身 除 已 受 樂  受 樂 已 心 定  心 定 已 如實知見  
ZH_T28_1548_016:0636b16_13	如比丘不放逸勤念正智寂靜行，心未解脫得解脫、諸漏未盡得漏盡、未得無上安隱得安隱，是名初解脫處。	016	如 比 丘 不 放 逸 勤 念 正 智 寂 靜 行  心 未 解 脫 得 解 脫  諸 漏 未 盡 得 漏 盡  未 得 無 上 安 隱 得 安 隱  是 名 初 解 脫 處  
ZH_T28_1548_016:0636b18_5	復次比丘，非世尊非師非慧梵淨行者說時，如先所聞法廣讀誦通利。	016	復 次 比 丘  非 世 尊 非 師 非 慧 梵 淨 行 者 說 時  如 先 所 聞 法 廣 讀 誦 通 利  
ZH_T28_1548_016:0636b19_4	如比丘先所聞法廣讀誦通利，受法受義。	016	如 比 丘 先 所 聞 法 廣 讀 誦 通 利  受 法 受 義  
ZH_T28_1548_016:0636b21_6	如比丘受法受義已生悅，悅已生喜，喜已得身除，身除已受樂，受樂已心定，心定已如實知見。	016	如 比 丘 受 法 受 義 已 生 悅  悅 已 生 喜  喜 已 得 身 除  身 除 已 受 樂  受 樂 已 心 定  心 定 已 如實知見  
ZH_T28_1548_016:0636b23_17	比丘如是不放逸勤念正智寂靜行，心未解脫得解脫、諸漏未盡得漏盡、未得無上安隱得安隱，是名第二解脫處。	016	比 丘 如 是 不 放 逸 勤 念 正 智 寂 靜 行  心 未 解 脫 得 解 脫  諸 漏 未 盡 得 漏 盡  未 得 無 上 安 隱 得 安 隱  是 名 第 二 解 脫 處  
ZH_T28_1548_016:0636b26_7	復次比丘，非世尊非師非慧梵淨行者說時，非先所聞法廣讀誦通利時，如比丘先所聞法通利、廣為他說。	016	復 次 比 丘  非 世 尊 非 師 非 慧 梵 淨 行 者 說 時  非 先 所 聞 法 廣 讀 誦 通 利 時  如 比 丘 先 所 聞 法 通 利  廣 為 他 說  
ZH_T28_1548_016:0636b27_8	如比丘隨彼所聞法通利、廣為他說，受法受義。	016	如 比 丘 隨 彼 所 聞 法 通 利  廣 為 他 說  受 法 受 義  
ZH_T28_1548_016:0636b29_9	比丘受法受義已生悅，悅已生喜，喜已得身除，身除已受樂，受樂已心定，心定已如實知見。	016	比 丘 受 法 受 義 已 生 悅  悅 已 生 喜  喜 已 得 身 除  身 除 已 受 樂  受 樂 已 心 定  心 定 已 如實知見  
ZH_T28_1548_016:0636c03_1	比丘如是不放逸勤念正智寂靜行，心未解脫得解脫、諸漏未盡得漏盡、未得無上安隱得安隱，是名第三解脫處。	016	比 丘 如 是 不 放 逸 勤 念 正 智 寂 靜 行  心 未 解 脫 得 解 脫  諸 漏 未 盡 得 漏 盡  未 得 無 上 安 隱 得 安 隱  是 名 第 三 解 脫 處  
ZH_T28_1548_016:0636c06_7	復次如比丘，非世尊非師非慧梵淨行者說時，非先所聞法廣讀誦通利時，非先所聞法通利廣、為他分別時，如比丘先所聞法通利、自心分別。	016	復 次 如 比 丘  非 世 尊 非 師 非 慧 梵 淨 行 者 說 時  非 先 所 聞 法 廣 讀 誦 通 利 時  非 先 所 聞 法 通 利 廣  為 他 分 別 時  如 比 丘 先 所 聞 法 通 利  自心分別  
ZH_T28_1548_016:0636c07_7	如比丘隨所聞法通利、自心分別，受法受義。	016	如 比 丘 隨 所 聞 法 通 利  自心分別  受 法 受 義  
ZH_T28_1548_016:0636c09_9	比丘受法受義已生悅，悅已生喜，喜已得身除，身除已受樂，受樂已心定，心定已如實知見。	016	比 丘 受 法 受 義 已 生 悅  悅 已 生 喜  喜 已 得 身 除  身 除 已 受 樂  受 樂 已 心 定  心 定 已 如實知見  
ZH_T28_1548_016:0636c12_1	比丘如是不放逸勤念正智寂靜行，心未解脫得解脫、諸漏未盡得漏盡、未得無上安隱得安隱，是名第四解脫處。	016	比 丘 如 是 不 放 逸 勤 念 正 智 寂 靜 行  心 未 解 脫 得 解 脫  諸 漏 未 盡 得 漏 盡  未 得 無 上 安 隱 得 安 隱  是 名 第 四 解 脫 處  
ZH_T28_1548_016:0636c15_20	復次比丘，非世尊非師非慧梵淨行者說時，非先所聞法廣讀誦通利時，非先所聞法通利廣、為他分別時，非先所聞法通利、自心分別時，如比丘善取定相、善思惟、善解射。	016	復 次 比 丘  非 世 尊 非 師 非 慧 梵 淨 行 者 說 時  非 先 所 聞 法 廣 讀 誦 通 利 時  非 先 所 聞 法 通 利 廣  為 他 分 別 時  非 先 所 聞 法 通 利  自心分別 時  如 比 丘 善 取 定 相  善 思 惟  善 解 射  
ZH_T28_1548_016:0636c16_20	比丘善取定想、善思惟、善解射已，受法受義。	016	比 丘 善 取 定 想  善 思 惟  善 解 射 已  受 法 受 義  
ZH_T28_1548_016:0636c18_19	受法受義已生悅，悅已生喜，喜已得身除，身除已受樂，受樂已心定，心定已如實知見。	016	受 法 受 義 已 生 悅  悅 已 生 喜  喜 已 得 身 除  身 除 已 受 樂  受 樂 已 心 定  心 定 已 如實知見  
ZH_T28_1548_016:0636c21_11	比丘如是不放逸勤念正智寂靜行，心未解脫得解脫、諸漏未盡得漏盡、未得無上安隱得安隱，是名第五解脫處。	016	比 丘 如 是 不 放 逸 勤 念 正 智 寂 靜 行  心 未 解 脫 得 解 脫  諸 漏 未 盡 得 漏 盡  未 得 無 上 安 隱 得 安 隱  是 名 第 五解脫處  
ZH_T28_1548_016:0636c21_18	是名五解脫處。	016	是 名 五解脫處  
ZH_T28_1548_016:0636c22_6	五出界如界品說。	016	五 出 界 如 界 品 說  
ZH_T28_1548_016:0636c22_12	云何五觀定？	016	云 何 五 觀 定  
ZH_T28_1548_016:0636c23_4	如《正信經》舍利弗白佛言：	016	如  正 信 經  舍 利 弗 白 佛 言  
ZH_T28_1548_016:0636c23_7	世尊！	016	世 尊  
ZH_T28_1548_016:0636c24_2	復有無勝法，如世尊說法入定觀。	016	復 有 無 勝 法  如 世 尊 說 法 入 定 觀  
ZH_T28_1548_016:0636c24_5	世尊！	016	世 尊  
ZH_T28_1548_016:0636c26_1	有此入定觀，或有沙門婆羅門勤精進勇猛、正思惟多學行心、如法思惟入定。	016	有 此 入 定 觀  或 有 沙 門 婆 羅 門 勤 精進勇猛  正 思 惟 多 學 行 心  如 法 思 惟 入 定  
ZH_T28_1548_016:0636c27_13	入定已觀身，從頂至足、從足至頂，乃至薄皮，皆是不淨，是名初入定觀。	016	入 定 已 觀 身  從 頂 至 足  從 足 至 頂  乃 至 薄 皮  皆 是 不 淨  是 名 初 入 定 觀  
ZH_T28_1548_016:0636c29_5	復次或有沙門婆羅門勤精進勇猛、正思惟多學行心、如法思惟入定。	016	復 次 或 有 沙 門 婆 羅 門 勤 精進勇猛  正 思 惟 多 學 行 心  如 法 思 惟 入 定  
ZH_T28_1548_016:0637a01_15	入定已不觀皮血肉，但觀人骨，此身中有骨齒爪，是名第二入定觀。	016	入 定 已 不 觀 皮 血 肉  但 觀 人 骨  此 身 中 有 骨 齒 爪  是 名 第 二 入 定 觀  
ZH_T28_1548_016:0637a03_8	復次或有沙門婆羅門勤精進勇猛、正思惟多學行心、如法思惟入定。	016	復 次 或 有 沙 門 婆 羅 門 勤 精進勇猛  正 思 惟 多 學 行 心  如 法 思 惟 入 定  
ZH_T28_1548_016:0637a04_4	入定已不觀皮血肉骨，但觀人識。	016	入 定 已 不 觀 皮 血 肉 骨  但 觀 人 識  
ZH_T28_1548_016:0637a05_9	識住此世、住他世，識未斷，不離二世，是名第三入定觀。	016	識 住 此 世  住 他 世  識 未 斷  不 離 二 世  是 名 第 三 入 定 觀  
ZH_T28_1548_016:0637a06_19	復次或有沙門婆羅門勤進勇猛、正思惟多學行心、如法思惟入定。	016	復 次 或 有 沙 門 婆 羅 門 勤 進 勇 猛  正 思 惟 多 學 行 心  如 法 思 惟 入 定  
ZH_T28_1548_016:0637a07_14	入定已不觀皮血肉骨，復觀人識。	016	入 定 已 不 觀 皮 血 肉 骨  復 觀 人 識  
ZH_T28_1548_016:0637a09_6	識不住此世、不住他世，識斷離此世、未斷離他世，是名第四入定觀。	016	識 不 住 此 世  不 住 他 世  識 斷 離 此 世  未 斷 離 他 世  是 名 第 四 入 定 觀  
ZH_T28_1548_016:0637a10_17	復次或有沙門婆羅門勤進勇猛、正思惟多學行心、如法思惟入定。	016	復 次 或 有 沙 門 婆 羅 門 勤 進 勇 猛  正 思 惟 多 學 行 心  如 法 思 惟 入 定  
ZH_T28_1548_016:0637a11_14	入定已不觀內血肉皮骨，復觀人識。	016	入 定 已 不 觀 內 血 肉 皮 骨  復 觀 人 識  
ZH_T28_1548_016:0637a13_2	識不住此世、不住他世，識善斷離二世，是名第五入定觀。	016	識 不 住 此 世  不 住 他 世  識 善 斷 離 二 世  是 名 第 五 入 定 觀  
ZH_T28_1548_016:0637a14_9	如是無勝入定觀，世尊善知無勝，世尊善通達，無有能過者。	016	如 是 無 勝 入 定 觀  世 尊 善 知 無 勝  世 尊 善 通 達  無 有 能 過 者  
ZH_T28_1548_016:0637a15_17	如我意所知，或有沙門婆羅門，能稱出世尊知者，無有是處。	016	如 我 意 所 知  或 有 沙 門 婆 羅 門  能 稱 出 世 尊 知 者  無 有 是 處  
ZH_T28_1548_016:0637a16_6	是名第五入定觀。	016	是 名 第 五 入 定 觀  
ZH_T28_1548_016:0637a16_14	何謂五起解脫法？	016	何 謂 五 起 解 脫 法  
ZH_T28_1548_016:0637a17_1	如世尊說：	016	如 世 尊 說  
ZH_T28_1548_016:0637a17_13	五法親近多修學已得解脫。	016	五 法 親 近 多 修 學 已 得 解 脫  
ZH_T28_1548_016:0637a17_17	何謂五？	016	何 謂 五  
ZH_T28_1548_016:0637a19_13	如比丘，觀身不淨想、觀食不淨想、觀諸行無常想、觀世不樂想、觀身死想。	016	如 比 丘  觀 身 不 淨 想  觀 食不淨想  觀 諸行無常 想  觀 世 不 樂 想  觀 身 死 想  
ZH_T28_1548_016:0637a20_17	如是五法，親近多修學，能得解脫，是名五起解脫法。	016	如 是 五 法  親 近 多 修 學  能 得 解 脫  是 名 五 起 解 脫 法  
ZH_T28_1548_016:0637a21_2	云何六念？	016	云 何 六 念  
ZH_T28_1548_016:0637a21_9	念佛乃至念天。	016	念 佛 乃 至 念 天  
ZH_T28_1548_016:0637a21_14	何謂念佛？	016	何 謂 念 佛  
ZH_T28_1548_016:0637a22_10	以佛為境界，念善順不逆，是名念佛。	016	以 佛 為 境 界  念 善 順 不 逆  是 名 念 佛  
ZH_T28_1548_016:0637a22_15	何謂念法？	016	何 謂 念 法  
ZH_T28_1548_016:0637a23_12	以法為境界，念善順不逆，是名念法。	016	以 法 為 境 界  念 善 順 不 逆  是 名 念 法  
ZH_T28_1548_016:0637a23_17	何謂念僧？	016	何 謂 念 僧  
ZH_T28_1548_016:0637a24_13	以僧為境界，念善順不逆，是名念僧。	016	以 僧 為 境 界  念 善 順 不 逆  是 名 念 僧  
ZH_T28_1548_016:0637a24_18	何謂念戒？	016	何 謂 念 戒  
ZH_T28_1548_016:0637a25_3	戒謂身口戒。	016	戒 謂 身 口 戒  
ZH_T28_1548_016:0637a26_1	以戒為境界，念善順不逆，是名念戒。	016	以 戒 為 境 界  念 善 順 不 逆  是 名 念 戒  
ZH_T28_1548_016:0637a26_6	何謂念施？	016	何 謂 念 施  
ZH_T28_1548_016:0637a26_11	施有二種：	016	施 有 二 種  
ZH_T28_1548_016:0637a26_17	財施、法施。	016	財 施  法 施  
ZH_T28_1548_016:0637a27_12	以施為境界，念善順不逆，是名念施。	016	以 施 為 境 界  念 善 順 不 逆  是 名 念 施  
ZH_T28_1548_016:0637a27_17	何謂念天？	016	何 謂 念 天  
ZH_T28_1548_016:0637a28_18	若過摶食化生天，彼天不觀宿業、不分別宿業。	016	若 過 摶 食 化 生 天  彼 天 不 觀 宿 業  不 分 別 宿 業  
ZH_T28_1548_016:0637a29_15	以天為境界，念善順不逆，是名念天。	016	以 天 為 境 界  念 善 順 不 逆  是 名 念 天  
ZH_T28_1548_016:0637a29_20	是名六念。	016	是 名 六 念  
ZH_T28_1548_016:0637b01_7	六空如空三昧說。	016	六 空 如 空 三 昧 說  
ZH_T28_1548_016:0637b01_15	六出界如界品說。	016	六 出 界 如 界 品 說  
ZH_T28_1548_016:0637b02_3	何謂六明分法？	016	何 謂 六 明 分 法  
ZH_T28_1548_016:0637b02_8	如世尊說：	016	如 世 尊 說  
ZH_T28_1548_016:0637b03_8	六法親近多修學，生明得明分，能令明廣大。	016	六 法 親 近 多 修 學  生 明 得 明 分  能 令 明 廣 大  
ZH_T28_1548_016:0637b03_12	何謂六？	016	何 謂 六  
ZH_T28_1548_016:0637b05_2	無常想、無常苦想、苦無我想、食不淨想、一切世間不樂想、死想。	016	無 常 想  無 常 苦 想  苦 無 我 想  食不淨想  一切世間 不 樂 想  死 想  
ZH_T28_1548_016:0637b05_11	何謂無常想明分法？	016	何 謂 無 常 想 明 分 法  
ZH_T28_1548_016:0637b06_7	如比丘，或樹下露處作是思惟：	016	如 比 丘  或 樹 下 露 處 作是思惟  
ZH_T28_1548_016:0637b06_18	色無常，受想行識無常。	016	色 無 常  受 想 行 識 無 常  
ZH_T28_1548_016:0637b08_1	若如是五受陰觀無常行，如世尊說有為法三相：	016	若 如 是 五 受 陰 觀 無 常 行  如 世 尊 說 有 為 法 三 相  
ZH_T28_1548_016:0637b08_7	生、住、滅。	016	生  住  滅  
ZH_T28_1548_016:0637b09_18	如是比丘思惟生住滅，調心修令柔軟，柔軟已思惟色無常、受想行識無常。	016	如 是 比 丘 思 惟 生 住 滅  調 心 修 令 柔 軟  柔 軟 已 思 惟 色 無 常  受 想 行 識 無 常  
ZH_T28_1548_016:0637b10_11	行人若想憶想，是名無常想。	016	行 人 若 想 憶 想  是 名 無 常 想  
ZH_T28_1548_016:0637b12_7	親近多修學，親近多修學已生明得明得明分，能令明廣大，是名無常想明分法。	016	親 近 多 修 學  親 近 多 修 學 已 生 明 得 明 得 明 分  能 令 明 廣 大  是 名 無 常 想 明 分 法  
ZH_T28_1548_016:0637b12_16	何謂無常苦想明分？	016	何 謂 無 常 苦 想 明 分  
ZH_T28_1548_016:0637b14_3	如比丘或在樹下露處，如是思惟色無常，若無常則是苦；	016	如 比 丘 或 在 樹 下 露 處  如 是 思 惟 色 無 常  若 無 常 則 是 苦  
ZH_T28_1548_016:0637b14_17	受想行識無常，若無常則是苦。	016	受 想 行 識 無 常  若 無 常 則 是 苦  
ZH_T28_1548_016:0637b15_7	如是五受陰觀苦行。	016	如 是 五 受 陰 觀 苦 行  
ZH_T28_1548_016:0637b16_9	如世尊說若色生住即是生苦，有病有老死。	016	如 世 尊 說 若 色 生 住 即 是 生 苦  有 病 有 老 死  
ZH_T28_1548_016:0637b17_8	若受想行識生住即是生苦，有病有老死。	016	若 受 想 行 識 生 住 即 是 生 苦  有 病 有 老 死  
ZH_T28_1548_016:0637b17_17	復次如世尊說三苦：	016	復 次 如 世 尊 說 三 苦  
ZH_T28_1548_016:0637b18_8	行苦、苦苦、變易苦。	016	行 苦  苦 苦  變 易 苦  
ZH_T28_1548_016:0637b18_13	何謂行苦？	016	何 謂 行 苦  
ZH_T28_1548_016:0637b19_12	五受陰行自性苦、形式苦、自相苦，是名行苦。	016	五 受 陰 行 自 性 苦  形 式 苦  自 相 苦  是 名 行 苦  
ZH_T28_1548_016:0637b19_17	何謂苦苦？	016	何 謂 苦 苦  
ZH_T28_1548_016:0637b29_2_0	五受陰行自性苦，生等生、起等起、出等出，	016	五受陰行自性苦，生等生、起等起、出等出，
ZH_T28_1548_016:0637b29_2_1	具足成就生種種病，因熱生病，因痰癊、因風	016	具足成就生種種病，因熱生病，因痰癊、因風
ZH_T28_1548_016:0637b29_2_2	、因過力、因他惱、因時變、因諸大相違、因	016	、因過力、因他惱、因時變、因諸大相違、因
ZH_T28_1548_016:0637b29_2_3	食飲不消、因宿業報、因諸大不調生病，生眼	016	食飲不消、因宿業報、因諸大不調生病，生眼
ZH_T28_1548_016:0637b29_2_4	病、耳鼻舌身病，生頭痛面痛、口齒咽痛、胸	016	病、耳鼻舌身病，生頭痛面痛、口齒咽痛、胸
ZH_T28_1548_016:0637b29_2_5	痛病，生蛇身病、呼嗐痛、謦欬病、嘔吐病，	016	痛病，生蛇身病、呼嗐痛、謦欬病、嘔吐病，
ZH_T28_1548_016:0637b29_2_6	生絞病、身熱腹痛病，生癬胞疥𭼦、微風侵婬	016	生絞病、身熱腹痛病，生癬胞疥𭼦、微風侵婬
ZH_T28_1548_016:0637b29_2_7	瘡癰蛆、白癩乾枯癲狂病，生痔病㿃下赤腫虫	016	瘡癰蛆、白癩乾枯癲狂病，生痔病㿃下赤腫虫
ZH_T28_1548_016:0637b29_2_8	食病等，蚤螕虱蚊虻蟻子，此身乃至一毛處無	016	食病等，蚤螕虱蚊虻蟻子，此身乃至一毛處無
ZH_T28_1548_016:0637b29_2_9	不有虫。	016	不有虫。
ZH_T28_1548_016:0637c03_3	如人癰腫上生毒腫，五受陰行性苦亦如是，生等生、起等起、出等出，具足成就生種種病，因熱生病乃至一毛處無不有虫，是名苦苦。	016	如 人 癰 腫 上 生 毒 腫  五 受 陰 行 性 苦 亦 如 是  生 等 生  起 等 起  出 等 出  具 足 成 就 生 種 種 病  因 熱 生 病 乃 至 一 毛 處 無 不 有 虫  是 名 苦 苦  
ZH_T28_1548_016:0637c03_9	何謂變易苦？	016	何 謂 變 易 苦  
ZH_T28_1548_016:0637c04_15	如五受陰行，轉變衰熟、壞敗盡滅、終沒離滅，是名變易苦。	016	如 五 受 陰 行  轉 變 衰 熟  壞 敗 盡 滅  終 沒 離 滅  是 名 變 易 苦  
ZH_T28_1548_016:0637c06_12	如比丘於彼行苦、苦苦、變易苦，調心修令柔軟，柔軟已思惟色苦、思惟受想行識苦。	016	如 比 丘 於 彼 行 苦  苦 苦  變 易 苦  調 心 修 令 柔 軟  柔 軟 已 思 惟 色 苦  思 惟 受 想 行 識 苦  
ZH_T28_1548_016:0637c07_8	如行人若想憶想，是名無常苦想。	016	如 行 人 若 想 憶 想  是 名 無 常 苦 想  
ZH_T28_1548_016:0637c08_18	親近多修學，生明得明得明分，能令明廣大，是名無常苦想明分法。	016	親 近 多 修 學  生 明 得 明 得 明 分  能 令 明 廣 大  是 名 無 常 苦 想 明 分 法  
ZH_T28_1548_016:0637c09_8	何謂苦無我想明分法？	016	何 謂 苦 無 我 想 明 分 法  
ZH_T28_1548_016:0637c10_3	如比丘在樹下露處，如是思惟：	016	如 比 丘 在 樹 下 露 處  如 是 思 惟  
ZH_T28_1548_016:0637c10_20	色無常，若無常即是苦，若苦即無我；	016	色 無 常  若 無 常 即 是 苦  若 苦 即 無 我  
ZH_T28_1548_016:0637c12_2	受想行識無常，若無常即是苦，若苦即是無我。	016	受 想 行 識 無 常  若 無 常 即 是 苦  若 苦 即 是 無 我  
ZH_T28_1548_016:0637c13_4	若於此想五受陰觀無我行，如世尊說色無我。	016	若 於 此 想 五 受 陰 觀 無 我 行  如 世 尊 說 色 無 我  
ZH_T28_1548_016:0637c14_2	色若是我，色應不受苦患、色應得自在：	016	色 若 是 我  色 應 不 受 苦 患  色 應 得 自 在  
ZH_T28_1548_016:0637c14_11	如是有、如是非有。	016	如 是 有  如 是 非 有  
ZH_T28_1548_016:0637c15_7	以色非我故，色受苦患、色不得自在：	016	以 色 非 我 故  色 受 苦 患  色 不得自在  
ZH_T28_1548_016:0637c15_16	如是有、如是非有。	016	如 是 有  如 是 非 有  
ZH_T28_1548_016:0637c16_2	受想行識無我。	016	受 想 行 識 無 我  
ZH_T28_1548_016:0637c17_3	受想行識若是我，識不應受苦患，識應得自在：	016	受 想 行 識 若 是 我  識 不 應 受 苦 患  識 應 得 自 在  
ZH_T28_1548_016:0637c17_12	如是有、如是非有。	016	如 是 有  如 是 非 有  
ZH_T28_1548_016:0637c18_10	如比丘如是調心修令柔軟，柔軟已思惟：	016	如 比 丘 如 是 調 心 修 令 柔 軟  柔 軟 已 思 惟  
ZH_T28_1548_016:0637c19_1	色無我、受想行識無我。	016	色 無 我  受 想 行 識 無 我  
ZH_T28_1548_016:0637c19_16	如行人若想憶想，是名苦無我想。	016	如 行 人 若 想 憶 想  是 名 苦 無 我 想  
ZH_T28_1548_016:0637c21_6	親近多修學，生明得明得明分，能令明廣大，是名苦無我想明分法。	016	親 近 多 修 學  生 明 得 明 得 明 分  能 令 明 廣 大  是 名 苦 無 我 想 明 分 法  
ZH_T28_1548_016:0637c21_16	何謂食不淨想明分法？	016	何 謂 食不淨想 明 分 法  
ZH_T28_1548_016:0637c22_1	何等食？	016	何 等 食  
ZH_T28_1548_016:0637c22_19	食有四種，謂摶食、觸食、思食、識食。	016	食 有 四 種  謂 摶 食  觸 食  思 食  識 食  
ZH_T28_1548_016:0637c23_1	如世尊說：	016	如 世 尊 說  
ZH_T28_1548_016:0637c23_8	眾生有四種食。	016	眾 生 有 四 種 食  
ZH_T28_1548_016:0637c24_8	食此食，能令眾生住、能令陰和合、能有利益。	016	食 此 食  能 令 眾 生 住  能 令 陰 和 合  能 有 利 益  
ZH_T28_1548_016:0637c24_12	何等四？	016	何 等 四  
ZH_T28_1548_016:0637c24_17	一謂摶食；	016	一 謂 摶 食  
ZH_T28_1548_016:0637c25_1	二、觸食；	016	二  觸 食  
ZH_T28_1548_016:0637c25_6	三、思食；	016	三  思 食  
ZH_T28_1548_016:0637c25_11	四、識食。	016	四  識 食  
ZH_T28_1548_016:0637c25_17	何等謂摶食？	016	何 等 謂 摶 食  
ZH_T28_1548_016:0637c25_23	摶食有二種：	016	摶 食 有 二 種  
ZH_T28_1548_016:0637c26_3	麁、細。	016	麁  細  
ZH_T28_1548_016:0637c26_7	何謂麁？	016	何 謂 麁  
ZH_T28_1548_016:0637c27_14	除天淨食、天香食，除衣服澡浴調身食，若餘摶食，是名麁摶食。	016	除 天 淨 食  天 香 食  除 衣 服 澡 浴 調 身 食  若 餘 摶 食  是 名 麁 摶 食  
ZH_T28_1548_016:0637c27_19	何謂細摶。	016	何 謂 細 摶  
ZH_T28_1548_016:0637c28_1	食？	016	食  
ZH_T28_1548_016:0637c29_2	天淨食、天香食、衣服澡浴調身食，是名細摶食。	016	天 淨 食  天 香 食  衣 服 澡 浴 調 身 食  是 名 細 摶 食  
ZH_T28_1548_016:0638a01_10	復次麁摶食，除天香食、除衣服澡浴食，若餘摶食，是名麁摶食。	016	復 次 麁 摶 食  除 天 香 食  除 衣 服 澡 浴 食  若 餘 摶 食  是 名 麁 摶 食  
ZH_T28_1548_016:0638a02_15	復次細摶食，天香食、衣服澡浴調身食，是名細摶食。	016	復 次 細 摶 食  天 香 食  衣 服 澡 浴 調 身 食  是 名 細 摶 食  
ZH_T28_1548_016:0638a02_20	何謂觸食？	016	何 謂 觸 食  
ZH_T28_1548_016:0638a03_2	六觸：	016	六 觸  
ZH_T28_1548_016:0638a03_17	眼觸、耳鼻舌身意觸，是名觸食。	016	眼 觸  耳 鼻 舌 身 意 觸  是 名 觸 食  
ZH_T28_1548_016:0638a04_1	何謂思食？	016	何 謂 思 食  
ZH_T28_1548_016:0638a04_5	六思身：	016	六 思 身  
ZH_T28_1548_016:0638a05_6	色思、聲香味觸法思，是名六思身，是名思食。	016	色 思  聲香味觸 法 思  是 名 六 思 身  是 名 思 食  
ZH_T28_1548_016:0638a05_11	何謂識食？	016	何 謂 識 食  
ZH_T28_1548_016:0638a05_15	六識身：	016	六 識 身  
ZH_T28_1548_016:0638a06_16	眼識、耳鼻舌身意識，是名六識身，是名識食。	016	眼 識  耳 鼻 舌 身 意 識  是 名 六 識 身  是 名 識 食  
ZH_T28_1548_016:0638a07_6	摶食，或是食、或非食。	016	摶 食  或 是 食  或 非 食  
ZH_T28_1548_016:0638a07_21	觸、思、識食，或是食、或非食。	016	觸  思  識 食  或 是 食  或 非 食  
ZH_T28_1548_016:0638a08_5	何謂摶食是食？	016	何 謂 摶 食 是 食  
ZH_T28_1548_016:0638a09_11	若緣摶食，得諸根增長、不損壞、不減壽，是名摶食食。	016	若 緣 摶 食  得 諸 根 增 長  不 損 壞  不 減 壽  是 名 摶 食 食  
ZH_T28_1548_016:0638a09_18	云何摶食非食？	016	云 何 摶 食 非 食  
ZH_T28_1548_016:0638a11_2	若緣摶食，諸根不增長、損壞、減壽，是名摶食非食。	016	若 緣 摶 食  諸 根 不 增 長  損 壞  減 壽  是 名 摶 食 非 食  
ZH_T28_1548_016:0638a11_13	何謂觸、思、識食是食？	016	何 謂 觸  思  識 食 是 食  
ZH_T28_1548_016:0638a12_16	若緣識食，諸根增長、不損壞、不減壽，是名識食是食。	016	若 緣 識 食  諸 根 增 長  不 損 壞  不 減 壽  是 名 識 食 是 食  
ZH_T28_1548_016:0638a13_2	何謂識食非食？	016	何 謂 識 食 非 食  
ZH_T28_1548_016:0638a14_4	若緣識食，諸根不增長、損壞、減壽，是名識食非食。	016	若 緣 識 食  諸 根 不 增 長  損 壞  減 壽  是 名 識 食 非 食  
ZH_T28_1548_016:0638a14_20	比丘受摶食，如食子肉，觀不淨想。	016	比 丘 受 摶 食  如食子肉  觀 不 淨 想  
ZH_T28_1548_016:0638a15_17	觸思識食，有解射想，思惟滅依離欲染。	016	觸 思 識 食  有 解 射 想  思 惟 滅 依 離 欲 染  
ZH_T28_1548_016:0638a16_12	如行人若想憶想，是名食不淨想。	016	如 行 人 若 想 憶 想  是 名 食不淨想  
ZH_T28_1548_016:0638a18_4	親近多修學已，生明得明得明分，能令明廣大，是名食不淨想明分法。	016	親 近 多 修 學 已  生 明 得 明 得 明 分  能 令 明 廣 大  是 名 食不淨想 明 分 法  
ZH_T28_1548_016:0638a18_17	何謂一切世間不樂想明分法？	016	何 謂 一切世間 不 樂 想 明 分 法  
ZH_T28_1548_016:0638a20_21	如比丘，於一切世間厭離不樂，地獄世、畜生世、餓鬼世、人世、天世、眾生世、行世，厭離不樂。	016	如 比 丘  於 一切世間 厭 離 不 樂  地 獄 世  畜 生 世  餓 鬼 世  人 世  天 世  眾 生 世  行 世  厭 離 不 樂  
ZH_T28_1548_016:0638a21_15	如比丘，於此世間有取心者必執所見。	016	如 比 丘  於 此 世 間 有 取 心 者 必 執 所 見  
ZH_T28_1548_016:0638a22_10	如比丘，斷離不受如是諸見。	016	如 比 丘  斷 離 不 受 如 是 諸 見  
ZH_T28_1548_016:0638a23_8	如行人若想憶想，是名一切世間不樂想。	016	如 行 人 若 想 憶 想  是 名 一切世間 不 樂 想  
ZH_T28_1548_016:0638a25_4	親近多修學已，生明得明得明分，能令明廣大，是名一切世間不樂想明分法。	016	親 近 多 修 學 已  生 明 得 明 得 明 分  能 令 明 廣 大  是 名 一切世間 不 樂 想 明 分 法  
ZH_T28_1548_016:0638a25_12	何謂死想明分法？	016	何 謂 死 想 明 分 法  
ZH_T28_1548_016:0638a26_8	如比丘或在樹下露處，如是思惟：	016	如 比 丘 或 在 樹 下 露 處  如 是 思 惟  
ZH_T28_1548_016:0638a26_18	我是死法，有死過患。	016	我 是 死 法  有 死 過 患  
ZH_T28_1548_016:0638a27_13	若餘眾生，亦有死法，有死過患。	016	若 餘 眾 生  亦 有 死 法  有 死 過 患  
ZH_T28_1548_016:0638a29_9	若地獄、畜生、餓鬼、人、天及一切眾生，往來生死得名眾生者，皆有死法，有死過患。	016	若 地 獄  畜 生  餓 鬼  人  天 及 一 切 眾 生  往 來 生 死 得 名 眾 生 者  皆 有 死 法  有 死 過 患  
ZH_T28_1548_016:0638b01_2	比丘思惟陰壞捨身憶念死。	016	比 丘 思 惟 陰 壞 捨 身 憶 念 死  
ZH_T28_1548_016:0638b01_17	比丘思惟死、知死、解死、覺死。	016	比 丘 思 惟 死  知 死  解 死  覺 死  
ZH_T28_1548_016:0638b02_8	如行人若想憶想，是名死想。	016	如 行 人 若 想 憶 想  是 名 死 想  
ZH_T28_1548_016:0638b03_17	親近多修學已，生明得明得明分，能令明廣大，是謂死想明分法。	016	親 近 多 修 學 已  生 明 得 明 得 明 分  能 令 明 廣 大  是 謂 死 想 明 分 法  
ZH_T28_1548_016:0638b04_4	是名六明分法。	016	是 名 六 明 分 法  
ZH_T28_1548_016:0638b04_11	何謂六悅因法？	016	何 謂 六 悅 因 法  
ZH_T28_1548_016:0638b06_12	如比丘悅已生喜，喜已得身除，身除已受樂，受樂已心定，心定已如實知見，是名六悅因法。	016	如 比 丘 悅 已 生 喜  喜 已 得 身 除  身 除 已 受 樂  受 樂 已 心 定  心 定 已 如實知見  是 名 六 悅 因 法  
ZH_T28_1548_016:0638b07_1	何謂無喜六正覺？	016	何 謂 無 喜 六 正 覺  
ZH_T28_1548_016:0638b07_18	念正覺乃至捨正覺，是名無喜六正覺。	016	念 正 覺 乃 至 捨 正 覺  是 名 無 喜 六 正 覺  
ZH_T28_1548_016:0638b08_3	何謂七覺？	016	何 謂 七 覺  
ZH_T28_1548_016:0638b08_18	念正覺乃至捨正覺，是名七正覺。	016	念 正 覺 乃 至 捨 正 覺  是 名 七 正 覺  
ZH_T28_1548_016:0638b09_4	何謂七想？	016	何 謂 七 想  
ZH_T28_1548_016:0638b09_9	如世尊說：	016	如 世 尊 說  
ZH_T28_1548_016:0638b10_8	七想，親近多修學，得大功德，得至甘露。	016	七 想  親 近 多 修 學  得 大 功 德  得 至 甘 露  
ZH_T28_1548_016:0638b10_15	何謂七不淨想？	016	何 謂 七 不 淨 想  
ZH_T28_1548_016:0638b12_6	食厭想、一切世間不樂想、死想、無常想、無常苦想、苦無我想，謂不淨想。	016	食 厭 想  一切世間 不 樂 想  死 想  無 常 想  無 常 苦 想  苦 無 我 想  謂 不 淨 想  
ZH_T28_1548_016:0638b13_11	親近多修學，多修學已得大果報、得大功德、得至甘露。	016	親 近 多 修 學  多 修 學 已 得 大 果 報  得 大 功 德  得 至 甘 露  
ZH_T28_1548_016:0638b13_19	以何緣故作是說？	016	以 何 緣 故 作 是 說  
ZH_T28_1548_016:0638b15_12	如比丘，心知分別不淨想，令欲心退沒不展，當漸漸除盡，背捨厭離已正住。	016	如 比 丘  心 知 分 別 不 淨 想  令 欲 心 退 沒 不 展  當 漸 漸 除 盡  背 捨 厭 離 已 正 住  
ZH_T28_1548_016:0638b16_17	如筋、如鳥羽、如頭羅草投於火中燋捲不展，後便消盡。	016	如 筋  如 鳥 羽  如 頭 羅 草 投 於 火 中 燋 捲 不 展  後 便 消 盡  
ZH_T28_1548_016:0638b18_12	比丘如是心知分別不淨想，令欲心退沒不展，後便消盡，背捨厭離已正住。	016	比 丘 如 是 心 知 分 別 不 淨 想  令 欲 心 退 沒 不 展  後 便 消 盡  背 捨 厭 離 已 正 住  
ZH_T28_1548_016:0638b20_14	如比丘，或有心知分別不淨想，心於欲想猶生津漏如本無異，心不背捨、不厭離、不正住。	016	如 比 丘  或 有 心 知 分 別 不 淨 想  心 於 欲 想 猶 生 津 漏 如 本 無 異  心 不 背 捨  不 厭 離  不 正 住  
ZH_T28_1548_016:0638b22_13	比丘如實自知，我便為未修不淨想、我未增益異名色、我未得修果報，如是比丘有正智。	016	比 丘 如 實 自 知  我 便 為 未 修 不 淨 想  我 未 增 益 異 名 色  我 未 得 修 果 報  如 是 比 丘 有 正 智  
ZH_T28_1548_016:0638b24_6	如比丘心知分別不淨想，於欲想心不生津漏，於本有異，背捨厭離正住。	016	如 比 丘 心 知 分 別 不 淨 想  於 欲 想 心 不 生 津 漏  於 本 有 異  背 捨 厭 離 正 住  
ZH_T28_1548_016:0638b26_2	比丘如實正知，我已修不淨想、我有增益異名色、我得修果報，此比丘有正智。	016	比 丘 如 實 正 知  我 已 修 不 淨 想  我 有 增 益 異 名 色  我 得 修 果 報  此 比 丘 有 正 智  
ZH_T28_1548_016:0638b27_8	行不淨想，親近多修學已，得大果報、得大功德、得至甘露。	016	行 不 淨 想  親 近 多 修 學 已  得 大 果 報  得 大 功 德  得 至 甘 露  
ZH_T28_1548_016:0638b29_2	以是因緣故，說如食不淨想，親近多修學已，得大果報、得大功德、得至甘露。	016	以是因緣 故  說 如 食不淨想  親 近 多 修 學 已  得 大 果 報  得 大 功 德  得 至 甘 露  
ZH_T28_1548_016:0638c01_100	舍利弗阿毘曇論卷第十六	016	舍 利 弗 阿 毘 曇 論 卷 第 十 六 
