segmentnr	original	folio	stemmed
ZH_T34_1719_01b:0158a04_0	唐天台沙門湛然述	01b	唐 天 台 沙 門 湛 然 述 
ZH_T34_1719_01b:0158a05_0	「次示本迹者」，為二：先法，次譬。初法為五：先、	01b	 次 示 本 迹 者   為 二  先 法  次 譬  初 法 為 五  先  
ZH_T34_1719_01b:0158a06_0	指本因所稟；次、「但佛」下，指本果所說；三、中間	01b	指 本 因 所 稟  次   但 佛  下  指 本 果 所 說  三  中 間 
ZH_T34_1719_01b:0158a07_2	行化；	01b	行 化  
ZH_T34_1719_01b:0158a07_9	四、今日所說；	01b	四  今 日 所 說  
ZH_T34_1719_01b:0158a07_16	五、未來所說。	01b	五  未 來 所 說  
ZH_T34_1719_01b:0158a09_16	自從本因所稟莫非真實三段，雖俱真實本不可多，故下三文咸同一本因果真實三段教相。	01b	自 從 本 因 所 稟 莫 非 真 實 三 段  雖 俱 真 實 本 不 可 多  故 下 三 文 咸 同 一 本 因 果 真 實 三 段 教 相  
ZH_T34_1719_01b:0158a10_11	此中正簡久本真實，是故云也。	01b	此 中 正 簡 久 本 真 實  是 故 云 也  
ZH_T34_1719_01b:0158a13_6	然以本因所稟亦是彼佛迹說恐無窮，故但在今佛因果為本，據理非不稟餘佛化，因緣約教既指今佛，故明本迹。	01b	然 以 本 因 所 稟 亦 是 彼 佛 迹 說 恐 無 窮  故 但 在 今 佛 因 果 為 本  據 理 非 不 稟 餘 佛 化  因 緣 約 教 既 指 今 佛  故 明 本 迹  
ZH_T34_1719_01b:0158a14_12	且廢於他，故指今經壽量為釋迦本，不得更指前佛所說。	01b	且 廢 於 他  故 指 今 經 壽 量 為 釋 迦 本  不 得 更 指 前 佛 所 說  
ZH_T34_1719_01b:0158a16_5	前佛復有前佛，故云無窮，唯指一佛則無斯過，降茲一本餘皆是迹。	01b	前 佛 復 有 前 佛  故 云 無 窮  唯 指 一 佛 則 無 斯 過  降 茲 一 本 餘 皆 是 迹  
ZH_T34_1719_01b:0158a16_7	問：	01b	問  
ZH_T34_1719_01b:0158a18_7	恐墮無窮唯論釋迦，今欲論諸佛展轉稟教，終有一佛在初無教，無教為本有何無窮？	01b	恐 墮 無 窮 唯 論 釋 迦  今 欲 論 諸 佛 展 轉 稟 教  終 有 一 佛 在 初 無 教  無 教 為 本 有 何 無 窮  
ZH_T34_1719_01b:0158a18_17	若許有窮，墮無因過。	01b	若 許 有 窮  墮 無 因 過  
ZH_T34_1719_01b:0158a19_1	答：	01b	答  
ZH_T34_1719_01b:0158a20_11	拂迹求本，本求所說以獲實利，縱有最初不同今初，何益行解耶？	01b	拂 迹 求 本  本 求 所 說 以 獲 實 利  縱 有 最 初 不 同 今 初  何 益 行 解 耶  
ZH_T34_1719_01b:0158a20_13	問：	01b	問  
ZH_T34_1719_01b:0158a21_11	若許有最初無教，何須稟今佛之教？	01b	若 許 有 最 初 無 教  何 須 稟 今 佛 之 教  
ZH_T34_1719_01b:0158a21_13	答：	01b	答  
ZH_T34_1719_01b:0158a22_12	無教之時則內熏自悟，有教之日何得守迷？	01b	無 教 之 時 則 內 熏 自 悟  有 教 之 日 何 得 守 迷  
ZH_T34_1719_01b:0158a24_8	如百迷盲俱不知路，一迷先達以教餘迷，餘迷守愚不受先教，誰之過歟？	01b	如 百 迷 盲 俱 不 知 路  一 迷 先 達 以 教 餘 迷  餘 迷 守 愚 不 受 先 教  誰 之 過 歟  
ZH_T34_1719_01b:0158a25_15	且驗釋迦一化得益難思，況復爾前益難稱紀，寧不稟教？	01b	且 驗 釋 迦 一 化 得 益 難 思  況 復 爾 前 益 難 稱 紀  寧 不 稟 教  
ZH_T34_1719_01b:0158a27_3	然終成無益之論，不可以此為窮，以無益於稟教者故。	01b	然 終 成 無 益 之 論  不 可 以 此 為 窮  以 無 益 於 稟 教 者 故  
ZH_T34_1719_01b:0158a28_12	又十方世界亦有嗅香覺觸瞪視而得悟者，豈以聲教求其初耶？	01b	又 十方世界 亦 有 嗅 香 覺 觸 瞪 視 而 得 悟 者  豈 以 聲 教 求 其 初 耶  
ZH_T34_1719_01b:0158b02_3	「師子奮迅未來永永」者，奮迅具二義，左右如現前却如未，故下疏文云「釋此句者應具二解，即現未也」。	01b	 師 子 奮 迅 未 來 永 永  者  奮 迅 具 二 義  左 右 如 現 前 却 如 未  故 下 疏 文 云  釋 此 句 者 應 具 二 解  即 現 未 也   
ZH_T34_1719_01b:0158b03_2	今存後解故云未來，前存前解故云現在。	01b	今 存 後 解 故 云 未 來  前 存 前 解 故 云 現 在  
ZH_T34_1719_01b:0158b04_3	「譬大樹」者，總譬前三節為拂遊中本迹故也。	01b	 譬 大 樹  者  總 譬 前 三 節 為 拂 遊 中 本 迹 故 也  
ZH_T34_1719_01b:0158b04_19	言「云云」者，以易解故不復合喻。	01b	言  云 云  者  以 易 解 故 不 復 合 喻  
ZH_T34_1719_01b:0158b05_14	「次示觀心相者」，先總、次別。	01b	 次 示 觀 心 相 者   先 總  次 別  
ZH_T34_1719_01b:0158b05_20	總中有二重：	01b	總 中 有 二 重  
ZH_T34_1719_01b:0158b06_3	一、約修行；	01b	一  約 修 行  
ZH_T34_1719_01b:0158b06_9	二、約法門。	01b	二  約 法 門  
ZH_T34_1719_01b:0158b08_9	行謂所行法即所用，行必先戒次定後慧，用必先以慧擇後方定戒，定為戒本故戒復居後。	01b	行 謂 所 行 法 即 所 用  行 必 先 戒 次 定 後 慧  用 必 先 以 慧 擇 後 方 定 戒  定 為 戒 本 故 戒 復 居 後  
ZH_T34_1719_01b:0158b10_11	又觀心者，如《玄》文中，或約行相、或約法門、或從觀境，故銷文例之亦對三分，義當觀心。	01b	又 觀 心 者  如  玄  文 中  或 約 行 相  或 約 法 門  或 從 觀 境  故 銷 文 例 之 亦 對 三 分  義 當 觀 心  
ZH_T34_1719_01b:0158b11_2	次別意者，三分各三。	01b	次 別 意 者  三 分 各 三  
ZH_T34_1719_01b:0158b11_7	初戒三者：	01b	初 戒 三 者  
ZH_T34_1719_01b:0158b12_3	方便如序，白四如正，結竟如流通。	01b	方 便 如 序  白 四 如 正  結 竟 如 流 通  
ZH_T34_1719_01b:0158b12_18	言前方便者，單白已前皆方便也。	01b	言 前 方 便 者  單 白 已 前 皆 方 便 也  
ZH_T34_1719_01b:0158b13_4	定三分者：	01b	定 三 分 者  
ZH_T34_1719_01b:0158b14_7	二十五方便為序，入觀坐儀為正，行住歷緣為流通；	01b	二 十 五 方 便 為 序  入 觀 坐 儀 為 正  行 住 歷 緣 為 流 通  
ZH_T34_1719_01b:0158b15_8	亦可以習學為序，自行為正，教他為流通。	01b	亦 可 以 習 學 為 序  自 行 為 正  教 他 為 流 通  
ZH_T34_1719_01b:0158b15_13	餘二悉爾。	01b	餘 二 悉 爾  
ZH_T34_1719_01b:0158b17_11	次更約善入出住等，此依經列，若從三分則入序、住正、出為流通，慧三亦爾。	01b	次 更 約 善 入 出 住 等  此 依 經 列  若 從 三 分 則 入 序  住 正  出 為 流 通  慧 三 亦 爾  
ZH_T34_1719_01b:0158b18_16	從文從義次第不同，三分應云空序、中正、假為流通。	01b	從 文 從 義 次 第 不 同  三 分 應 云 空 序  中 正  假 為 流 通  
ZH_T34_1719_01b:0158b19_15	言「而退」者，經末但云「而去」，去秖是退。	01b	言  而 退  者  經 末 但 云  而 去   去 秖 是 退  
ZH_T34_1719_01b:0158b20_14	「但準望」等者，盡令用四其辭則難，但令不失旨。	01b	 但 準 望  等 者  盡 令 用 四 其 辭 則 難  但 令 不 失 旨  
ZH_T34_1719_01b:0158b23_1	「如共轍鹹會」，「鹹」字恐誤，秖應單作，或恐如流入海一同鹹味，文體語倒，故知不必皆用四意。	01b	 如 共 轍 鹹 會    鹹  字 恐 誤  秖 應 單 作  或 恐 如 流 入 海 一 同 鹹 味  文 體 語 倒  故 知 不 必 皆 用 四 意  
ZH_T34_1719_01b:0158b24_3	又觀心一文，除〈安樂行〉中修攝其心等，餘皆義立。	01b	又 觀 心 一 文  除  安 樂 行  中 修 攝 其 心 等  餘 皆 義 立  
ZH_T34_1719_01b:0158b25_4	又本門雖本，但〈壽量〉一文正明本迹，餘亦義立。	01b	又 本 門 雖 本  但  壽 量  一 文 正 明 本 迹  餘 亦 義 立  
ZH_T34_1719_01b:0158b25_18	又前迹門準部有故，是故義立。	01b	又 前 迹 門 準 部 有 故  是 故 義 立  
ZH_T34_1719_01b:0158b26_18	後本門中除〈壽量〉已，理合有故是故義立。	01b	後 本 門 中 除  壽 量  已  理 合 有 故 是 故 義 立  
ZH_T34_1719_01b:0158b28_18	又觀心文序及流，通準望正宗理須義立，於正宗中唯〈安樂行〉理定須故，餘皆義立。	01b	又 觀 心 文 序 及 流  通 準 望 正 宗 理 須 義 立  於 正 宗 中 唯  安 樂 行  理 定 須 故  餘 皆 義 立  
ZH_T34_1719_01b:0158c04_6	迹門正說既云開會，若迷觀境開權顯實，及本門中增念佛觀增道損生，及流通中隨喜不輕三昧所依、諸行所託，一切不成以觀心名通，於觀等中間三即結緣，當機通用觀故，影響發起化功。	01b	迹 門 正 說 既 云 開 會  若 迷 觀 境 開 權 顯 實  及 本 門 中 增 念 佛 觀 增 道 損 生  及 流 通 中 隨 喜 不 輕 三 昧 所 依  諸 行 所 託  一 切 不 成 以 觀 心 名 通  於 觀 等 中 間 三 即 結 緣  當 機 通 用 觀 故  影 響 發 起 化 功  
ZH_T34_1719_01b:0158c05_10	若成成分證觀，所以觀心一文人謂最寬，於理甚要。	01b	若 成 成 分 證 觀  所 以 觀 心 一 文 人 謂 最 寬  於 理 甚 要  
ZH_T34_1719_01b:0158c09_6	況今大師且為成於初心學者，始從如是以至而去，覩異文識一觀，亦識昔經文同觀異及文觀俱異，亦識當教文觀俱同兼等開等準例可識，是故必須觀心以釋。	01b	況 今 大 師 且 為 成 於 初 心 學 者  始 從 如 是 以 至 而 去  覩 異 文 識 一 觀  亦 識 昔 經 文 同 觀 異 及 文 觀 俱 異  亦 識 當 教 文 觀 俱 同 兼 等 開 等 準 例 可 識  是 故 必 須 觀 心 以 釋  
ZH_T34_1719_01b:0158c10_2	又因緣釋隨其義勢，須分今昔。	01b	又 因 緣 釋 隨 其 義 勢  須 分 今 昔  
ZH_T34_1719_01b:0158c10_19	先釋序中，先對辨通別，次正釋通序。	01b	先 釋 序 中  先 對 辨 通 別  次 正 釋 通 序  
ZH_T34_1719_01b:0158c11_4	初文又二：	01b	初 文 又 二  
ZH_T34_1719_01b:0158c11_14	先分二文，次正辨異。	01b	先 分 二 文  次 正 辨 異  
ZH_T34_1719_01b:0158c13_1	中云「通序通諸教」者，亦可云通序通諸部，別序別一部；	01b	中 云  通 序 通 諸 教  者  亦 可 云 通 序 通 諸 部  別 序 別 一 部  
ZH_T34_1719_01b:0158c13_16	亦可云通序通諸經，別序別一教。	01b	亦 可 云 通 序 通 諸 經  別 序 別 一 教  
ZH_T34_1719_01b:0158c14_15	今經部教唯在一教，故且以教對經言之。	01b	今 經 部 教 唯 在 一 教  故 且 以 教 對 經 言 之  
ZH_T34_1719_01b:0158c18_5	又通序名通而體別，別序事別而義通，義通故通有別序，體別故別在今經，故知今經通別俱別別在佛乘，以如是等不關諸經，方可得名正家之序。	01b	又 通 序 名 通 而 體 別  別 序 事 別 而 義 通  義 通 故 通 有 別 序  體 別 故 別 在 今 經  故 知 今 經 通 別 俱 別 別 在 佛 乘  以 如 是 等 不 關 諸 經  方 可 得 名 正 家 之 序  
ZH_T34_1719_01b:0158c19_3	正名序家之正，故一家相承三段可識。	01b	正 名 序 家 之 正  故 一 家 相 承 三 段 可 識  
ZH_T34_1719_01b:0158c22_3	故釋如是竟一部炳然，不然豈有送客之序而敘遊山，禪祖碑文而譚律頌，故須摩頂至足皆是一身，豈以通途之言能消通別二序？	01b	故 釋 如 是 竟 一 部 炳 然  不 然 豈 有 送 客 之 序 而 敘 遊 山  禪 祖 碑 文 而 譚 律 頌  故 須 摩 頂 至 足 皆 是 一 身  豈 以 通 途 之 言 能 消 通 別 二 序  
ZH_T34_1719_01b:0158c22_13	若不異者，發起徒施。	01b	若 不 異 者  發 起 徒 施  
ZH_T34_1719_01b:0158c23_1	於中先標離合。	01b	於 中 先 標 離 合  
ZH_T34_1719_01b:0158c23_20	云「或五六七」者，五者如文，合佛及處；	01b	云  或 五 六 七  者  五 者 如 文  合 佛 及 處  
ZH_T34_1719_01b:0158c24_5	六則離佛及處；	01b	六 則 離 佛 及 處  
ZH_T34_1719_01b:0158c24_12	七則離我與聞。	01b	七 則 離 我 與 聞  
ZH_T34_1719_01b:0158c26_1	初通序元起，由阿泥樓逗令阿難問佛，具如《止觀》第六記。	01b	初 通 序 元 起  由 阿 泥 樓 逗 令 阿 難 問 佛  具 如  止 觀  第 六 記  
ZH_T34_1719_01b:0158c27_3	次略解五義，謂「法體」等者，略釋意顯故先明之。	01b	次 略 解 五 義  謂  法 體  等 者  略 釋 意 顯 故 先 明 之  
ZH_T34_1719_01b:0158c27_17	下廣釋中縱有兼釋，但旁通耳。	01b	下 廣 釋 中 縱 有 兼 釋  但 旁 通 耳  
ZH_T34_1719_01b:0159a01_10	初云「所聞之法體」者，下文四釋雖通指一部，別在正宗、流通，亦可兼於別序，則懷疑、答問及無量義，通名聞故。	01b	初 云  所 聞 之 法 體  者  下 文 四 釋 雖 通 指 一 部  別 在 正 宗  流 通  亦 可 兼 於 別 序  則 懷 疑  答 問 及 無 量 義  通 名 聞 故  
ZH_T34_1719_01b:0159a02_16	雨華動地從所表說，通皆表聞，故始末一經為所聞體。	01b	雨 華 動 地 從 所 表 說  通 皆 表 聞  故 始 末 一 經 為 所 聞 體  
ZH_T34_1719_01b:0159a03_11	云「聞持和合」等者，因緣會也。	01b	云  聞 持 和 合  等 者  因 緣 會 也  
ZH_T34_1719_01b:0159a04_10	通論五義無非因緣，如前通辨四意中說。	01b	通 論 五 義 無 非 因 緣  如 前 通 辨 四 意 中 說  
ZH_T34_1719_01b:0159a05_6	又下總結五義云「皆因緣」也。	01b	又 下 總 結 五 義 云  皆 因 緣  也  
ZH_T34_1719_01b:0159a07_7	今且從別，約時義強，獨標和合，聞持之言唯在阿難，和合之語義通兩向，由機會故聞持和合。	01b	今 且 從 別  約 時 義 強  獨 標 和 合  聞 持 之 言 唯 在 阿 難  和 合 之 語 義 通 兩 向  由 機 會 故 聞 持 和 合  
ZH_T34_1719_01b:0159a08_15	「次第相生」者，且約一往，若聞如是等及化主居初，亦可通用。	01b	 次 第 相 生  者  且 約 一 往  若 聞 如 是 等 及 化 主 居 初  亦 可 通 用  
ZH_T34_1719_01b:0159a09_7	次「又如是」下，廣釋。	01b	次  又 如 是  下  廣 釋  
ZH_T34_1719_01b:0159a09_14	先釋「如是」。	01b	先 釋  如 是   
ZH_T34_1719_01b:0159a10_16	初因緣中世界即是歡喜，故云不諍，諸佛皆然未足別顯；	01b	初 因 緣 中 世 界 即 是 歡 喜  故 云 不 諍  諸 佛 皆 然 未 足 別 顯  
ZH_T34_1719_01b:0159a12_2	若約今經，先施次開方名不諍，事在約教故今未論。	01b	若 約 今 經  先 施 次 開 方 名 不 諍  事 在 約 教 故 今 未 論  
ZH_T34_1719_01b:0159a12_16	今引諸佛以異顯同，亦世界義。	01b	今 引 諸 佛 以 異 顯 同  亦 世 界 義  
ZH_T34_1719_01b:0159a15_17	「舉時方」者，如是可信良有時方，即說如是得益時處，方則崛山猶通於昔，時顯別味令處非通，即生實信，方是今經為人悉也。	01b	 舉 時 方  者  如 是 可 信 良 有 時 方  即 說 如 是 得 益 時 處  方 則 崛 山 猶 通 於 昔  時 顯 別 味 令 處 非 通  即 生 實 信  方 是 今 經 為 人 悉 也  
ZH_T34_1719_01b:0159a18_11	「阿漚」者，阿無、漚有，一切外經以二字為首，以其所計此二為本，部內所明不出所計，故立如是對破外人不如不是。	01b	 阿 漚  者  阿 無  漚 有  一 切 外 經 以 二 字 為 首  以 其 所 計 此 二 為 本  部 內 所 明 不 出 所 計  故 立 如 是 對 破 外 人 不 如 不 是  
ZH_T34_1719_01b:0159a19_9	故準下約教外典全無，故云破惡。	01b	故 準 下 約 教 外 典 全 無  故 云 破 惡  
ZH_T34_1719_01b:0159a19_15	《百論》云：	01b	 百 論  云  
ZH_T34_1719_01b:0159a19_19	「外曰：	01b	 外 曰  
ZH_T34_1719_01b:0159a20_4	汝指何為善法耶？	01b	汝 指 何 為 善 法 耶  
ZH_T34_1719_01b:0159a20_7	內曰：	01b	內 曰  
ZH_T34_1719_01b:0159a20_12	惡止善作。	01b	惡 止 善 作  
ZH_T34_1719_01b:0159a20_15	外曰：	01b	外 曰  
ZH_T34_1719_01b:0159a21_4	汝經有過初不吉故；	01b	汝 經 有 過 初 不 吉 故  
ZH_T34_1719_01b:0159a21_14	我經不爾，初後皆吉。	01b	我 經 不 爾  初 後 皆 吉  
ZH_T34_1719_01b:0159a21_17	內曰：	01b	內 曰  
ZH_T34_1719_01b:0159a22_13	凡一切法有於三種，謂自、他、共。	01b	凡 一 切 法 有 於 三 種  謂 自  他  共  
ZH_T34_1719_01b:0159a23_16	以汝吉法無自等故，故我先破有無自生及他、共等。	01b	以 汝 吉 法 無 自 等 故  故 我 先 破 有 無 自 生 及 他  共 等  
ZH_T34_1719_01b:0159a24_17	」故計有無為自他等，名之為惡，故我經先止。	01b	 故 計 有 無 為 自 他 等  名 之 為 惡  故 我 經 先 止  
ZH_T34_1719_01b:0159a25_17	若爾，《中論》具破四句，彼何不破自然？	01b	若 爾   中 論  具 破 四 句  彼 何 不 破 自 然  
ZH_T34_1719_01b:0159a25_19	答：	01b	答  
ZH_T34_1719_01b:0159a27_9	計自然者有無中攝，亦有自然有無不攝，且從一途，故《中論》云：	01b	計 自 然 者 有 無 中 攝  亦 有 自 然 有 無 不 攝  且 從 一 途  故  中 論  云  
ZH_T34_1719_01b:0159a28_1	「從因緣生尚不可，況無因緣？	01b	 從因緣生 尚 不 可  況 無 因 緣  
ZH_T34_1719_01b:0159a28_11	」自然易破故但況之。	01b	 自 然 易 破 故 但 況 之  
ZH_T34_1719_01b:0159a29_11	但四計義通，若唯破外尚未離小，安會今經？	01b	但 四 計 義 通  若 唯 破 外 尚 未 離 小  安 會 今 經  
ZH_T34_1719_01b:0159b01_3	且引論文成破惡義。	01b	且 引 論 文 成 破 惡 義  
ZH_T34_1719_01b:0159b02_1	若依今經尚破兼帶之惡，何獨外耶？	01b	若 依 今 經 尚 破 兼 帶 之 惡  何 獨 外 耶  
ZH_T34_1719_01b:0159b04_13	第一義中且通指道邊，未分深淺，故知凡四悉文，非不己破諸教淺深，意在且明歡喜等四，故更須教分判異同。	01b	第 一 義 中 且 通 指 道 邊  未 分 深 淺  故 知 凡 四 悉 文  非 不 己 破 諸 教 淺 深  意 在 且 明 歡 喜 等 四  故 更 須 教 分 判 異 同  
ZH_T34_1719_01b:0159b06_3	又釋序中前之三悉多分約事，第一義中或已入實，或且通方。	01b	又 釋 序 中 前 之 三 悉 多 分 約 事  第 一 義 中 或 已 入 實  或 且 通 方  
ZH_T34_1719_01b:0159b06_17	又前三悉望圓實邊，名之為事。	01b	又 前 三 悉 望 圓 實 邊  名 之 為 事  
ZH_T34_1719_01b:0159b07_16	於前三教或亦在理，若正宗中咸隨本文。	01b	於 前 三 教 或 亦 在 理  若 正 宗 中 咸 隨 本 文  
ZH_T34_1719_01b:0159b09_3	此四悉檀文在大論，初明說經緣起中總有二十三。	01b	此 四 悉 檀 文 在 大 論  初 明 說 經 緣 起 中 總 有 二 十 三  
ZH_T34_1719_01b:0159b10_1	復次於中先問，有何因緣而說是經？	01b	復 次 於 中 先 問  有何因緣 而 說 是 經  
ZH_T34_1719_01b:0159b13_4	答中云第一義故，乃別指衍門為第一義，因即釋出前之三悉，且指三藏論云，四悉檀攝八萬四千法藏，故今通用，具如《玄》文以開十門。	01b	答 中 云 第 一 義 故  乃 別 指 衍 門 為 第 一 義  因 即 釋 出 前 之 三 悉  且 指 三 藏 論 云  四 悉 檀 攝 八萬四千 法 藏  故 今 通 用  具 如  玄  文 以 開 十 門  
ZH_T34_1719_01b:0159b16_10	又《淨名》前玄總有十卷，因為晉王著《淨名疏》，別製《略玄》，乃離前玄分為三部，別立題目，謂四教六卷，四悉兩卷，三觀兩卷，彼兩卷中文甚委悉。	01b	又  淨 名  前 玄 總 有 十 卷  因 為 晉 王 著  淨 名 疏   別 製  略 玄   乃 離 前 玄 分 為 三 部  別 立 題 目  謂 四 教 六 卷  四 悉 兩 卷  三 觀 兩 卷  彼 兩 卷 中 文 甚 委 悉  
ZH_T34_1719_01b:0159b17_9	言「甚廣」者，一須大師所說，二謂所攝意多。	01b	言  甚 廣  者  一 須 大 師 所 說  二 謂 所 攝 意 多  
ZH_T34_1719_01b:0159b19_4	況今經如是，須歷八教以明四悉，方顯今經唯一如是第一義悉，故云甚廣。	01b	況 今 經 如 是  須 歷 八 教 以 明 四 悉  方 顯 今 經 唯 一 如 是 第 一 義 悉  故 云 甚 廣  
ZH_T34_1719_01b:0159b20_18	又諸家異釋動即三四紙來，多在因緣而第一義尚少，況復約教、本迹等耶？	01b	又 諸 家 異 釋 動 即 三 四 紙 來  多 在 因 緣 而 第 一 義 尚 少  況 復 約 教  本 迹 等 耶  
ZH_T34_1719_01b:0159b22_11	約教中初「經稱」者，在《付法藏》中，此付法藏亦名「付法藏經」，於中為三：	01b	約 教 中 初  經 稱  者  在  付 法 藏  中  此 付 法 藏 亦 名  付 法 藏 經   於 中 為 三  
ZH_T34_1719_01b:0159b22_16	初、通解；	01b	初  通 解  
ZH_T34_1719_01b:0159b22_21	次、別責；	01b	次  別 責  
ZH_T34_1719_01b:0159b23_5	三、「且依」下正釋。	01b	三   且 依  下 正 釋  
ZH_T34_1719_01b:0159b23_10	初文又四：	01b	初 文 又 四  
ZH_T34_1719_01b:0159b24_1	初、通舉三世佛經為本；	01b	初  通 舉 三 世 佛 經 為 本  
ZH_T34_1719_01b:0159b24_9	次、引昔佛八教；	01b	次  引 昔 佛 八 教  
ZH_T34_1719_01b:0159b24_17	三、引今佛教同；	01b	三  引 今 佛 教 同  
ZH_T34_1719_01b:0159b25_3	四、舉今經表異。	01b	四  舉 今 經 表 異  
ZH_T34_1719_01b:0159b27_1	初三世者，先舉過現例當，正用過未例現，或正引過以準今，故指先佛八教。	01b	初 三 世 者  先 舉 過 現 例 當  正 用 過 未 例 現  或 正 引 過 以 準 今  故 指 先 佛 八 教  
ZH_T34_1719_01b:0159b28_14	言八教者，將藏等四入頓等四，則四味中如是各異，況頓漸中祕密不定？	01b	言 八 教 者  將 藏 等 四 入 頓 等 四  則 四 味 中 如 是 各 異  況 頓 漸 中 祕 密 不 定  
ZH_T34_1719_01b:0159c01_13	四教通塞一一不同，先了不同如是不一，方識《法華》如是不異，施及開廢準例可知。	01b	四 教 通 塞 一 一 不 同  先 了 不 同 如 是 不 一  方 識  法 華  如 是 不 異  施 及 開 廢 準 例 可 知  
ZH_T34_1719_01b:0159c02_16	一切諸佛垂於五濁，無不皆然，故云「亦爾」。	01b	一切諸佛 垂 於 五 濁  無 不 皆 然  故 云  亦 爾   
ZH_T34_1719_01b:0159c03_1	餘如《玄》文。	01b	餘 如  玄  文  
ZH_T34_1719_01b:0159c03_18	次「諸經」下，舉今經表異者，又二：	01b	次  諸 經  下  舉 今 經 表 異 者  又 二  
ZH_T34_1719_01b:0159c04_1	先法，次喻。	01b	先 法  次 喻  
ZH_T34_1719_01b:0159c07_15	《法華》超乎一期教表，若將今教以對昔教，教既差別部又不同，兼但對帶、權實遠近具知進否方曉今經，如是既然他皆準此，安得以諸師一匙，而開於八教眾戶？	01b	 法 華  超 乎 一 期 教 表  若 將 今 教 以 對 昔 教  教 既 差 別 部 又 不 同  兼 但 對 帶  權 實 遠 近 具 知 進 否 方 曉 今 經  如 是 既 然 他 皆 準 此  安 得 以 諸 師 一 匙  而 開 於 八 教 眾 戶  
ZH_T34_1719_01b:0159c08_16	攢於古師眾釋，不出因緣一意，故云一匙。	01b	攢 於 古 師 眾 釋  不 出 因 緣 一 意  故 云 一 匙  
ZH_T34_1719_01b:0159c09_6	況一兩師寧開八教？	01b	況 一 兩 師 寧 開 八 教  
ZH_T34_1719_01b:0159c09_17	況約教等三信古今冥寞？	01b	況 約 教 等 三 信 古 今 冥 寞  
ZH_T34_1719_01b:0159c10_10	「又佛阿難」下，立法別責。	01b	 又 佛 阿 難  下  立 法 別 責  
ZH_T34_1719_01b:0159c10_13	又四：	01b	又 四  
ZH_T34_1719_01b:0159c11_18	初立法通者，若二文不異為如，二如下所詮為是，八教皆然。	01b	初 立 法 通 者  若 二 文 不 異 為 如  二 如 下 所 詮 為 是  八 教 皆 然  
ZH_T34_1719_01b:0159c12_15	次「今阿難」下，舉今經阿難以責：	01b	次  今 阿 難  下  舉 今 經 阿 難 以 責  
ZH_T34_1719_01b:0159c13_4	今經於八為屬何耶？	01b	今 經 於 八 為 屬 何 耶  
ZH_T34_1719_01b:0159c14_3	若非超八之如是，安為此經之所聞？	01b	若 非 超 八 之 如 是  安 為 此 經 之 所 聞  
ZH_T34_1719_01b:0159c16_2	三、「不可以」下，結責，故云「不可以漸」等，略舉漸偏，理須具明祕密、不定，及簡頓部。	01b	三   不 可 以  下  結 責  故 云  不 可 以 漸  等  略 舉 漸 偏  理 須 具 明 祕 密  不 定  及 簡 頓 部  
ZH_T34_1719_01b:0159c17_5	諸師既不知八教異今，故二文傳詮不如不是。	01b	諸 師 既 不 知 八 教 異 今  故 二 文 傳 詮 不 如 不 是  
ZH_T34_1719_01b:0159c17_15	四、「傳詮」下結過。	01b	四   傳 詮  下 結 過  
ZH_T34_1719_01b:0159c18_3	「此義」等者，勸勉也。	01b	 此 義  等 者  勸 勉 也  
ZH_T34_1719_01b:0159c18_17	若得今意不勞再詳，其理自審。	01b	若 得 今 意 不 勞 再 詳  其 理 自 審  
ZH_T34_1719_01b:0159c19_8	三、「且依」下，正釋。	01b	三   且 依  下  正 釋  
ZH_T34_1719_01b:0159c19_11	又三：	01b	又 三  
ZH_T34_1719_01b:0159c20_4	初、約漸教者，避繁文故，寄漸明四。	01b	初  約 漸 教 者  避 繁 文 故  寄 漸 明 四  
ZH_T34_1719_01b:0159c20_17	次、「若頓」下，釋頓等三。	01b	次   若 頓  下  釋 頓 等 三  
ZH_T34_1719_01b:0159c21_6	三、「敷八教」下，結責古師。	01b	三   敷 八 教  下  結 責 古 師  
ZH_T34_1719_01b:0159c21_11	初文又二：	01b	初 文 又 二  
ZH_T34_1719_01b:0159c22_1	初、約傳詮相對以釋；	01b	初  約 傳 詮 相 對 以 釋  
ZH_T34_1719_01b:0159c22_18	次、「若動」下，直約所詮觀諦以釋。	01b	次   若 動  下  直 約 所 詮 觀 諦 以 釋  
ZH_T34_1719_01b:0159c24_6	於所聞時具能所故，亦是以理結略前釋，是故四釋皆以如為名。	01b	於 所 聞 時 具 能 所 故  亦 是 以 理 結 略 前 釋  是 故 四 釋 皆 以 如 為 名  
ZH_T34_1719_01b:0159c25_8	又前以文契理，名之曰如，乃指所詮稱文為是；	01b	又 前 以 文 契 理  名 之 曰 如  乃 指 所 詮 稱 文 為 是  
ZH_T34_1719_01b:0159c27_12	此以智如境為如，如通二真，故前兩教俗對偏真，後之兩教俗對中真，兩文各二隨義消之。	01b	此 以 智 如 境 為 如  如 通 二 真  故 前 兩 教 俗 對 偏 真  後 之 兩 教 俗 對 中 真  兩 文 各 二 隨 義 消 之  
ZH_T34_1719_01b:0159c29_15	故前約傳詮一一文中，皆約諦與文字，故能詮既同，驗知所詮理當，故所傳所詮皆所聞體。	01b	故 前 約 傳 詮 一 一 文 中  皆 約 諦 與 文 字  故 能 詮 既 同  驗 知 所 詮 理 當  故 所 傳 所 詮 皆 所 聞 體  
ZH_T34_1719_01b:0160a02_10	故初二教皆以文字為俗、所詮為真，但有即不即異，乃辨二教傳詮不同；	01b	故 初 二 教 皆 以 文 字 為 俗  所 詮 為 真  但 有 即 不 即 異  乃 辨 二 教 傳 詮 不 同  
ZH_T34_1719_01b:0160a03_13	後二教皆以能詮對所詮三諦以說，亦即不即異。	01b	後 二 教 皆 以 能 詮 對 所 詮 三 諦 以 說  亦 即 不 即 異  
ZH_T34_1719_01b:0160a04_4	以四例四亦應可見。	01b	以 四 例 四 亦 應 可 見  
ZH_T34_1719_01b:0160a05_2	若不爾者，豈以阿難傳佛無詮之教？	01b	若 不 爾 者  豈 以 阿 難 傳 佛 無 詮 之 教  
ZH_T34_1719_01b:0160a06_4	故彼文理相稱之法，是我所傳，故下方云聞等也。	01b	故 彼 文 理 相 稱 之 法  是 我 所 傳  故 下 方 云 聞 等 也  
ZH_T34_1719_01b:0160a07_15	言「云云」者，應更以是對向四文，及以漸中具教多少，準前可知。	01b	言  云 云  者  應 更 以 是 對 向 四 文  及 以 漸 中 具 教 多 少  準 前 可 知  
ZH_T34_1719_01b:0160a09_8	次、「頓」等三者，言頓與圓同，且從少分，以彼兼別今且從勝，故云圓同。	01b	次   頓  等 三 者  言 頓 與 圓 同  且 從 少 分  以 彼 兼 別 今 且 從 勝  故 云 圓 同  
ZH_T34_1719_01b:0160a12_7	應更云頓中別教與漸中別同，不云漸教有同異者，漸既離四，舉圓即攝諸部中圓，三教即是諸部中異，故但更對餘之三教。	01b	應 更 云 頓 中 別 教 與 漸 中 別 同  不 云 漸 教 有 同 異 者  漸 既 離 四  舉 圓 即 攝 諸 部 中 圓  三 教 即 是 諸 部 中 異  故 但 更 對 餘 之 三 教  
ZH_T34_1719_01b:0160a13_15	不定中云「更互」者，並約漸頓四教說之，深淺相望故云前後。	01b	不 定 中 云  更 互  者  並 約 漸 頓 四 教 說 之  深 淺 相 望 故 云 前 後  
ZH_T34_1719_01b:0160a15_8	「祕密不傳」者，降佛已還非所述故，尚非阿難能受，豈弘教者所量？	01b	 祕 密 不 傳  者  降 佛 已 還 非 所 述 故  尚 非 阿 難 能 受  豈 弘 教 者 所 量  
ZH_T34_1719_01b:0160a16_6	又阿難非不傳祕，赴機之密非所傳耳。	01b	又 阿 難 非 不 傳 祕  赴 機 之 密 非 所 傳 耳  
ZH_T34_1719_01b:0160a17_7	故祕密所用全是顯教，是故傳祕秖名傳顯。	01b	故 祕 密 所 用 全 是 顯 教  是 故 傳 祕 秖 名 傳 顯  
ZH_T34_1719_01b:0160a22_8	三、「敷八教」下，結責者，《華嚴》云「張佛教網亘法界海，漉天人魚，置涅槃岸」，故知佛教不出於八，所詮無外故云法界，教網既亘於法界，涅槃必遍於偏圓，岸唯果地一如，教必權實本迹，天人機具眾教，漉至究竟涅槃。	01b	三   敷 八 教  下  結 責 者   華 嚴  云  張 佛 教 網 亘 法 界 海  漉 天 人 魚  置 涅 槃 岸   故 知 佛 教 不 出 於 八  所 詮 無 外 故 云 法 界  教 網 既 亘 於 法 界  涅 槃 必 遍 於 偏 圓  岸 唯 果 地 一 如  教 必 權 實 本 迹  天 人 機 具 眾 教  漉 至 究竟涅槃  
ZH_T34_1719_01b:0160a23_17	故諸師偏釋不可獨張，比竊讀者尚云天台唯藏等四，一何昧哉！	01b	故 諸 師 偏 釋 不 可 獨 張  比 竊 讀 者 尚 云 天 台 唯 藏 等 四  一 何 昧 哉  
ZH_T34_1719_01b:0160a24_3	一何昧哉！	01b	一 何 昧 哉  
ZH_T34_1719_01b:0160a26_10	是故須知消經方軌，頓等是此宗判教之大綱，藏等是一家釋義之綱目，若消諸教但用藏等，其文稍通。	01b	是 故 須 知 消 經 方 軌  頓 等 是 此 宗 判 教 之 大 綱  藏 等 是 一 家 釋 義 之 綱 目  若 消 諸 教 但 用 藏 等  其 文 稍 通  
ZH_T34_1719_01b:0160a27_19	若釋《法華》無頓等八，舉止失措，故又舉喻責云「接四箭」等。	01b	若 釋  法 華  無 頓 等 八  舉 止 失 措  故 又 舉 喻 責 云  接 四 箭  等  
ZH_T34_1719_01b:0160a28_11	故《大經》「迦葉菩薩問云：	01b	故  大 經   迦 葉 菩 薩 問 云  
ZH_T34_1719_01b:0160a28_20	云何智者觀念念滅？	01b	云 何 智 者 觀 念 念 滅  
ZH_T34_1719_01b:0160a29_1	佛言：	01b	佛 言  
ZH_T34_1719_01b:0160b01_12	譬如四人皆善射術，聚在一處各射一方，念言我等四箭俱射俱墮。	01b	譬 如 四 人 皆 善 射 術  聚 在 一 處 各 射 一 方  念 言 我 等 四 箭 俱 射 俱 墮  
ZH_T34_1719_01b:0160b02_11	復有人念，及其未墮，我能一時以手接取。	01b	復 有 人 念  及 其 未 墮  我 能 一 時 以 手 接 取  
ZH_T34_1719_01b:0160b02_14	佛言：	01b	佛 言  
ZH_T34_1719_01b:0160b04_8	捷疾鬼復速是人，如是飛行鬼、四天王、日月神、堅疾天展轉疾前，無常過此。	01b	捷 疾 鬼 復 速 是 人  如 是 飛 行 鬼  四 天 王  日 月 神  堅 疾 天 展 轉 疾 前  無 常 過 此  
ZH_T34_1719_01b:0160b05_12	」今借接四以喻八教未敢稱當，況古一兩如驢鼈耶？	01b	 今 借 接 四 以 喻 八 教 未 敢 稱 當  況 古 一 兩 如 驢 鼈 耶  
ZH_T34_1719_01b:0160b06_4	若深得是意入文自融。	01b	若 深 得 是 意 入 文 自 融  
ZH_T34_1719_01b:0160b08_1	言「云云」者，應舉八教以合譬意，況若不識開權拂近，徒知八教經旨未分？	01b	言  云 云  者  應 舉 八 教 以 合 譬 意  況 若 不 識 開 權 拂 近  徒 知 八 教 經 旨 未 分  
ZH_T34_1719_01b:0160b08_19	所以今文多不云開者，以《玄》文具故。	01b	所 以 今 文 多 不 云 開 者  以  玄  文 具 故  
ZH_T34_1719_01b:0160b10_3	又開顯圓與兼帶圓，二理無殊，故云頓與圓同等。	01b	又 開 顯 圓 與 兼 帶 圓  二 理 無 殊  故 云 頓 與 圓 同 等  
ZH_T34_1719_01b:0160b11_8	故不定、祕密義各含四，顯之與密、定與不定，相對論故。	01b	故 不 定  祕 密 義 各 含 四  顯 之 與 密  定 與 不 定  相 對 論 故  
ZH_T34_1719_01b:0160b12_9	次約本迹者，文雖未至證信義通，已如前說。	01b	次 約 本 迹 者  文 雖 未 至 證 信 義 通  已 如 前 說  
ZH_T34_1719_01b:0160b12_13	又為五：	01b	又 為 五  
ZH_T34_1719_01b:0160b13_2	初、通舉十方三世；	01b	初  通 舉 十 方 三 世  
ZH_T34_1719_01b:0160b13_9	次、通舉三世；	01b	次  通 舉 三 世  
ZH_T34_1719_01b:0160b13_16	三、獨舉釋尊；	01b	三  獨 舉 釋 尊  
ZH_T34_1719_01b:0160b14_1	四、正約傳詮；	01b	四  正 約 傳 詮  
ZH_T34_1719_01b:0160b14_8	五、更明示迹。	01b	五  更 明 示 迹  
ZH_T34_1719_01b:0160b15_8	初二既通，一本難定，故「且約」下，唯指釋迦。	01b	初 二 既 通  一 本 難 定  故  且 約  下  唯 指 釋 迦  
ZH_T34_1719_01b:0160b16_6	次「又阿難」下，約於傳詮，師弟相望義立本迹。	01b	次  又 阿 難  下  約 於 傳 詮  師 弟 相 望 義 立 本 迹  
ZH_T34_1719_01b:0160b16_18	「又師弟」下，顯阿難本。	01b	 又 師 弟  下  顯 阿 難 本  
ZH_T34_1719_01b:0160b17_13	故五文中正用第三、第四，顯今如是。	01b	故 五 文 中 正 用 第 三  第 四  顯 今 如 是  
ZH_T34_1719_01b:0160b18_9	初云「橫豎」者，十方為橫、三世名豎。	01b	初 云  橫 豎  者  十 方 為 橫  三 世 名 豎  
ZH_T34_1719_01b:0160b20_3	十方諸佛各自有豎，非今文意，故「且約」下的出今佛，過去一本、餘皆屬迹。	01b	十方諸佛 各 自 有 豎  非 今 文 意  故  且 約  下 的 出 今 佛  過 去 一 本  餘 皆 屬 迹  
ZH_T34_1719_01b:0160b21_2	師弟中亦指久本，餘屬迹中本迹而已。	01b	師 弟 中 亦 指 久 本  餘 屬 迹 中 本 迹 而 已  
ZH_T34_1719_01b:0160b21_17	重明者，欲述本地亦為師弟故也。	01b	重 明 者  欲 述 本 地 亦 為 師 弟 故 也  
ZH_T34_1719_01b:0160b22_19	故云「非始今日」，當知空王時亦非阿難本也。	01b	故 云  非 始 今 日   當 知 空 王 時 亦 非 阿 難 本 也  
ZH_T34_1719_01b:0160b23_21	次「觀心」者，前之三釋並是所觀，故云觀前也。	01b	次  觀 心  者  前 之 三 釋 並 是 所 觀  故 云 觀 前 也  
ZH_T34_1719_01b:0160b27_5	悉檀是前因緣，教是前約教，迹是前本迹，等取三釋各具諸義，本雖久遠，圓頓雖實，第一義雖理，望觀屬事故咸成境，故對三為觀便成四釋。	01b	悉 檀 是 前 因 緣  教 是 前 約 教  迹 是 前 本 迹  等 取 三 釋 各 具 諸 義  本 雖 久 遠  圓 頓 雖 實  第 一 義 雖 理  望 觀 屬 事 故 咸 成 境  故 對 三 為 觀 便 成 四 釋  
ZH_T34_1719_01b:0160b27_10	於中又三：	01b	於 中 又 三  
ZH_T34_1719_01b:0160b27_17	初、通立觀相；	01b	初  通 立 觀 相  
ZH_T34_1719_01b:0160b28_3	次、引文證成；	01b	次  引 文 證 成  
ZH_T34_1719_01b:0160b28_10	三、約文顯四。	01b	三  約 文 顯 四  
ZH_T34_1719_01b:0160b29_15	初文言「即通」者，具足應云緣生即空，即指前三皆緣生故。	01b	初 文 言  即 通  者  具 足 應 云 緣 生 即 空  即 指 前 三 皆 緣 生 故  
ZH_T34_1719_01b:0160c02_6	況前緣生境通三諦，從即空邊且判屬通，應知空觀通於一切。	01b	況 前 緣 生 境 通 三 諦  從 即 空 邊 且 判 屬 通  應 知 空 觀 通 於 一 切  
ZH_T34_1719_01b:0160c03_16	空假成別者，地前從別證道必同，亦通亦別者，凡通聖別故也。	01b	空 假 成 別 者  地 前 從 別 證 道 必 同  亦 通 亦 別 者  凡 通 聖 別 故 也  
ZH_T34_1719_01b:0160c04_17	凡通前教、聖局證中故，空假仍通、中方別故。	01b	凡 通 前 教  聖 局 證 中 故  空 假 仍 通  中 方 別 故  
ZH_T34_1719_01b:0160c06_6	地前空假通於所非及以所照，登地別在能非能照，真實故也。	01b	地 前 空 假 通 於 所 非 及 以 所 照  登 地 別 在 能 非 能 照  真 實 故 也  
ZH_T34_1719_01b:0160c07_4	此是別家對他通別，若唯別教與前永殊。	01b	此 是 別 家 對 他 通 別  若 唯 別 教 與 前 永 殊  
ZH_T34_1719_01b:0160c07_18	「非通非別」者，無非法界故。	01b	 非 通 非 別  者  無 非 法 界 故  
ZH_T34_1719_01b:0160c10_11	雙非辨別與前復殊，此中既以因緣教迹而為觀境，不可復以藏通觀觀，是故但寄通別四句，寄約教義暫分別之。	01b	雙 非 辨 別 與 前 復 殊  此 中 既 以 因 緣 教 迹 而 為 觀 境  不 可 復 以 藏 通 觀 觀  是 故 但 寄 通 別 四 句  寄 約 教 義 暫 分 別 之  
ZH_T34_1719_01b:0160c12_2	又為成四句，故借別教離為兩句，故第四句即是今經之妙觀也。	01b	又 為 成 四 句  故 借 別 教 離 為 兩 句  故 第 四 句 即 是 今 經 之 妙 觀 也  
ZH_T34_1719_01b:0160c12_22	次、「下文云」去，引〈譬喻品〉證成觀相。	01b	次   下 文 云  去  引  譬 喻 品  證 成 觀 相  
ZH_T34_1719_01b:0160c14_7	三、「信則」下，更約觀心成因緣等，而釋經文一心即具感應等四。	01b	三   信 則  下  更 約 觀 心 成 因 緣 等  而 釋 經 文 一 心 即 具 感 應 等 四  
ZH_T34_1719_01b:0160c15_9	信機見應者，於一心中能信如機、覺心如應。	01b	信 機 見 應 者  於 一 心 中 能 信 如 機  覺 心 如 應  
ZH_T34_1719_01b:0160c16_17	言「淺深」者，義當判教，信實相心不同於權，實相之深不同餘淺。	01b	言  淺 深  者  義 當 判 教  信 實 相 心 不 同 於 權  實 相 之 深 不 同 餘 淺  
ZH_T34_1719_01b:0160c19_4	「又信」下，約觀論本，則妙教為迹、所詮為本，見實相本即見經中師資之本，以主及伴俱得實故。	01b	 又 信  下  約 觀 論 本  則 妙 教 為 迹  所 詮 為 本  見 實 相 本 即 見 經 中 師 資 之 本  以 主 及 伴 俱 得 實 故  
ZH_T34_1719_01b:0160c19_16	以龍陀久成，從所證為本。	01b	以 龍 陀 久 成  從 所 證 為 本  
ZH_T34_1719_01b:0160c20_8	言「龍陀佛」者，真諦云：	01b	言  龍 陀 佛  者  真 諦 云  
ZH_T34_1719_01b:0160c20_21	「須菩提是東方青龍陀佛」。	01b	 須 菩 提 是 東 方 青 龍 陀 佛   
ZH_T34_1719_01b:0160c21_7	有引《大寶積》云：	01b	有 引  大 寶 積  云  
ZH_T34_1719_01b:0160c21_22	「舍利弗成佛號金龍陀」，未檢。	01b	 舍 利 弗 成 佛 號 金 龍 陀   未 檢  
ZH_T34_1719_01b:0160c23_10	指此則知一切聲聞咸然，故見空生、身子之迹，則識一切聲聞之本。	01b	指 此 則 知 一 切 聲 聞 咸 然  故 見 空 生  身 子 之 迹  則 識 一 切 聲 聞 之 本  
ZH_T34_1719_01b:0160c26_6	「又聞經」下，乃以觀心釋成觀心，能覺之心名佛，即此覺心名慧，亦即覺心通數具足，即此覺心與弘誓俱，名慈心淨。	01b	 又 聞 經  下  乃 以 觀 心 釋 成 觀 心  能 覺 之 心 名 佛  即 此 覺 心 名 慧  亦 即 覺 心 通 數 具 足  即 此 覺 心 與 弘 誓 俱  名 慈 心 淨  
ZH_T34_1719_01b:0160c26_14	「約心」下，結。	01b	 約 心  下  結  
ZH_T34_1719_01b:0160c26_26	次、「若釋」下，判同異。	01b	次   若 釋  下  判 同 異  
ZH_T34_1719_01b:0160c27_4	先明去取；	01b	先 明 去 取  
ZH_T34_1719_01b:0160c27_14	次「當知」下，正判。	01b	次  當 知  下  正 判  
ZH_T34_1719_01b:0160c28_2	所言「他」者，即他部也。	01b	所 言  他  者  即 他 部 也  
ZH_T34_1719_01b:0160c28_15	於前四味唯除鹿苑顯露無圓。	01b	於 前 四 味 唯 除 鹿 苑 顯 露 無 圓  
ZH_T34_1719_01b:0161a01_2	所言「同」者，但云今圓同彼圓故，應云兼帶復成異也。	01b	所 言  同  者  但 云 今 圓 同 彼 圓 故  應 云 兼 帶 復 成 異 也  
ZH_T34_1719_01b:0161a02_17	又言「異」者，彼無久本，諸經亦有體用等本迹，名同體異，從體異邊故云異也。	01b	又 言  異  者  彼 無 久 本  諸 經 亦 有 體 用 等 本 迹  名 同 體 異  從 體 異 邊 故 云 異 也  
ZH_T34_1719_01b:0161a04_3	應知亦可通用四釋，但知諸經無久遠本義則可矣。	01b	應 知 亦 可 通 用 四 釋  但 知 諸 經 無 久 遠 本 義 則 可 矣  
ZH_T34_1719_01b:0161a06_7	「云云」者，此之四釋對於部教關涉處多，故因緣等四望於前經，各有施開兼帶等別，故所傳亦別。	01b	 云 云  者  此 之 四 釋 對 於 部 教 關 涉 處 多  故 因 緣 等 四 望 於 前 經  各 有 施 開 兼 帶 等 別  故 所 傳 亦 別  
ZH_T34_1719_01b:0161a06_16	次釋「我聞」中三：	01b	次 釋  我 聞  中 三  
ZH_T34_1719_01b:0161a06_22	初、辨互異；	01b	初  辨 互 異  
ZH_T34_1719_01b:0161a07_12	次、「今例」下，準例如是；	01b	次   今 例  下  準 例 如 是  
ZH_T34_1719_01b:0161a07_23	三、「大論」下，正釋。	01b	三   大 論  下  正 釋  
ZH_T34_1719_01b:0161a09_16	初因緣中先明世界，初引論釋，云「耳根不壞等」者，先舉根塵，根即清淨四大，處者塵也。	01b	初 因 緣 中 先 明 世 界  初 引 論 釋  云  耳 根 不 壞 等  者  先 舉 根 塵  根 即 清 淨 四 大  處 者 塵 也  
ZH_T34_1719_01b:0161a11_4	非餘闕緣故云可聞，雖復可聞須發意識，故云「欲聞」。	01b	非 餘 闕 緣 故 云 可 聞  雖 復 可 聞 須 發 意 識  故 云  欲 聞   
ZH_T34_1719_01b:0161a12_3	更藉諸緣故下，總云眾緣和合，但除空緣也。	01b	更 藉 諸 緣 故 下  總 云 眾 緣 和 合  但 除 空 緣 也  
ZH_T34_1719_01b:0161a15_1	次問答中有人不許滅後色經，唯云名句屬於行蘊，若其全不許見，經初盡合改聞，當知皆先眼耳所得，次方流入想行。	01b	次 問 答 中 有 人 不 許 滅 後 色 經  唯 云 名 句 屬 於 行 蘊  若 其 全 不 許 見  經 初 盡 合 改 聞  當 知 皆 先 眼 耳 所 得  次 方 流 入 想 行  
ZH_T34_1719_01b:0161a16_13	若使一字一、聲眼耳二識不俱，則名句文皆不成就，和合之言不可欺也。	01b	若 使 一 字 一  聲 眼 耳 二 識 不 俱  則 名 句 文 皆 不 成 就  和 合 之 言 不 可 欺 也  
ZH_T34_1719_01b:0161a20_4	所言「主」者，總舉識心，即世流布，仍藉阿難願力及以如來宿誓，滅後眾生有機，方乃能令和合成聞，故且以我是眾緣主，眾緣和合我方能聞，故云我聞。	01b	所 言  主  者  總 舉 識 心  即 世 流 布  仍 藉 阿 難 願 力 及 以 如 來 宿 誓  滅 後 眾 生 有 機  方 乃 能 令 和 合 成 聞  故 且 以 我 是 眾 緣 主  眾 緣 和 合 我 方 能 聞  故 云 我 聞  
ZH_T34_1719_01b:0161a21_4	文舉緣具故但云聞，因緣和合即世界也。	01b	文 舉 緣 具 故 但 云 聞  因緣和合 即 世 界 也  
ZH_T34_1719_01b:0161a22_7	「無學飛騰說偈」者，佛初入滅，諸阿羅漢皆說偈云：	01b	 無 學 飛 騰 說 偈  者  佛 初 入 滅  諸 阿 羅 漢 皆 說 偈 云  
ZH_T34_1719_01b:0161a24_2	「已度凡夫恩愛河，老病死家已破裂，見身篋中有四蛇，今入無餘般涅槃。	01b	 已 度 凡 夫 恩 愛 河  老 病 死 家 已 破 裂  見 身 篋 中 有 四 蛇  今 入 無 餘 般 涅 槃  
ZH_T34_1719_01b:0161a24_13	」諸在林中者又說偈言：	01b	 諸 在 林 中 者 又 說 偈 言  
ZH_T34_1719_01b:0161a26_7	「佛已寂滅入涅槃，諸滅結眾皆隨去，世界如是空無智，癡瞑道增智燈滅。	01b	 佛 已 寂 滅 入 涅 槃  諸 滅 結 眾 皆 隨 去  世 界 如 是 空 無 智  癡 瞑 道 增 智 燈 滅  
ZH_T34_1719_01b:0161a26_17	」於是飛騰各說偈言：	01b	 於 是 飛 騰 各 說 偈 言  
ZH_T34_1719_01b:0161a28_2	「咄哉諸有苦，輪轉如水月，不堅如芭蕉，亦如幻影響。	01b	 咄 哉 諸 有 苦  輪 轉 如 水 月  不 堅 如 芭 蕉  亦 如 幻 影 響  
ZH_T34_1719_01b:0161a29_7	如來大雄猛，功德超三界，猶為無常風，漂流而不住。	01b	如 來 大 雄 猛  功 德 超 三 界  猶 為 無 常 風  漂 流 而 不 住  
ZH_T34_1719_01b:0161b01_1	」「佛話戶夬切文殊結集」者，《大論》云：	01b	  佛 話 戶 夬 切 文 殊 結 集  者   大 論  云  
ZH_T34_1719_01b:0161b02_10	「文殊結集諸大乘經，亦皆先稱如是等五」，經論二文並生戀慕之善。	01b	 文 殊 結 集 諸 大 乘 經  亦 皆 先 稱 如 是 等 五   經 論 二 文 並 生 戀 慕 之 善  
ZH_T34_1719_01b:0161b03_6	諸阿羅漢戀慕之極，故皆隨去。	01b	諸 阿 羅 漢 戀 慕 之 極  故 皆 隨 去  
ZH_T34_1719_01b:0161b03_12	佛指闊二寸。	01b	佛 指 闊 二 寸  
ZH_T34_1719_01b:0161b04_3	三疑者，前眾疑已下文是。	01b	三 疑 者  前 眾 疑 已 下 文 是  
ZH_T34_1719_01b:0161b05_18	若此三，佛皆應自說，並不合云聞，是故云「聞三疑皆遣」，遣疑即破惡故也。	01b	若 此 三  佛 皆 應 自 說  並 不 合 云 聞  是 故 云  聞 三 疑 皆 遣   遣 疑 即 破 惡 故 也  
ZH_T34_1719_01b:0161b07_4	「第一義中無我無聞」者，如陳如云第一義諦無聲字等。	01b	 第 一 義 中 無 我 無 聞  者  如 陳 如 云 第一義諦 無 聲 字 等  
ZH_T34_1719_01b:0161b07_15	「古來」下，通斥舊也。	01b	 古 來  下  通 斥 舊 也  
ZH_T34_1719_01b:0161b08_17	於因緣中前三尚自不周，況第一義、況約教等三耶？	01b	於 因 緣 中 前 三 尚 自 不 周  況 第 一 義  況 約 教 等 三 耶  
ZH_T34_1719_01b:0161b09_13	「凡夫三種我」者，見我即利使中我。	01b	 凡 夫 三 種 我  者  見 我 即 利 使 中 我  
ZH_T34_1719_01b:0161b11_10	「慢我」者，雖通一切利鈍凡夫，然諸凡夫皆於己身以立宰主，雖非外計並屬見思。	01b	 慢 我  者  雖 通 一 切 利 鈍 凡 夫  然 諸 凡 夫 皆 於 己 身 以 立 宰 主  雖 非 外 計 並 屬 見 思  
ZH_T34_1719_01b:0161b12_16	若學人所伏唯屬鈍使，雖無見我思惟未盡，故云二種。	01b	若 學 人 所 伏 唯 屬 鈍 使  雖 無 見 我 思 惟 未 盡  故 云 二 種  
ZH_T34_1719_01b:0161b14_11	「世名我」者，世流布一凡聖共有，但聖無前二，今亦不暇辨見修相，付在餘文。	01b	 世 名 我  者  世 流 布 一 凡 聖 共 有  但 聖 無 前 二  今 亦 不 暇 辨 見 修 相  付 在 餘 文  
ZH_T34_1719_01b:0161b16_1	「十住婆沙四句稱我」者，即有等四句，故彼第一卷〈地相品〉「問云：	01b	 十 住 婆 沙 四 句 稱 我  者  即 有 等 四 句  故 彼 第 一 卷  地 相 品   問 云  
ZH_T34_1719_01b:0161b16_7	云何為無我？	01b	云 何 為 無 我  
ZH_T34_1719_01b:0161b19_14	」而說偈言，總有八行半偈，最後云「是故我非我，亦我亦無我，非我非無我，我所非我所，亦我亦我所，非我非我所，是皆為邪論」，故離四句方名無我。	01b	 而 說 偈 言  總 有 八 行 半 偈  最 後 云  是 故 我 非 我  亦 我 亦 無 我  非 我 非 無 我  我 所 非 我 所  亦 我 亦 我 所  非 我 非 我 所  是 皆 為 邪 論   故 離 四 句 方 名 無 我  
ZH_T34_1719_01b:0161b20_16	今但云無我乃是即我無我，不云析破故在通教。	01b	今 但 云 無 我 乃 是 即 我 無 我  不 云 析 破 故 在 通 教  
ZH_T34_1719_01b:0161b20_18	問：	01b	問  
ZH_T34_1719_01b:0161b21_4	論釋別地：	01b	論 釋 別 地  
ZH_T34_1719_01b:0161b21_9	何判屬通？	01b	何 判 屬 通  
ZH_T34_1719_01b:0161b21_11	答：	01b	答  
ZH_T34_1719_01b:0161b22_17	登地已去諸觀具足，但云即空義在通攝，況復地前義當通教。	01b	登 地 已 去 諸 觀 具 足  但 云 即 空 義 在 通 攝  況 復 地 前 義 當 通 教  
ZH_T34_1719_01b:0161b23_7	引大經者，經云：	01b	引 大 經 者  經 云  
ZH_T34_1719_01b:0161b24_17	「阿難多聞士自然能解了，是常與無常」，常無常義同我無我故也。	01b	 阿 難 多 聞 士 自 然 能 解 了  是 常 與 無 常   常 無 常 義 同 我 無 我 故 也  
ZH_T34_1719_01b:0161b27_7	不二登地雙照地前，照與分別名異義同，圓教極故義兼權實以勝攝劣，故望一代，五味既別所聞不同。	01b	不 二 登 地 雙 照 地 前  照 與 分 別 名 異 義 同  圓 教 極 故 義 兼 權 實 以 勝 攝 劣  故 望 一 代  五 味 既 別 所 聞 不 同  
ZH_T34_1719_01b:0161b28_7	「正法念中三阿難」者，與《集法傳》三人大同。	01b	 正 法 念 中 三 阿 難  者  與  集 法 傳  三 人 大 同  
ZH_T34_1719_01b:0161b28_9	問：	01b	問  
ZH_T34_1719_01b:0161b29_8	《正法念》與《阿含》二經並小，如何證四以傳四教？	01b	 正 法 念  與  阿 含  二 經 並 小  如 何 證 四 以 傳 四 教  
ZH_T34_1719_01b:0161b29_10	答：	01b	答  
ZH_T34_1719_01b:0161c01_15	小中一人既分四種，今演小令大、以大擬小，何不傳四？	01b	小 中 一 人 既 分 四 種  今 演 小 令 大  以 大 擬 小  何 不 傳 四  
ZH_T34_1719_01b:0161c02_8	況復名通義圓，於理無失。	01b	況 復 名 通 義 圓  於 理 無 失  
ZH_T34_1719_01b:0161c03_12	小在三藏，通乘共故亦名為雜，況通菩薩利鈍復雜？	01b	小 在 三 藏  通 乘 共 故 亦 名 為 雜  況 通 菩 薩 利 鈍 復 雜  
ZH_T34_1719_01b:0161c04_14	「云云」者，一人四德以用對教及開顯等，義如常說。	01b	 云 云  者  一 人 四 德 以 用 對 教 及 開 顯 等  義 如 常 說  
ZH_T34_1719_01b:0161c07_1	「空王」等者，於佛亦是迹中本迹，若於阿難或未是實本，主尚晦迹、弟子未彰，故亦不云空王劫數。	01b	 空 王  等 者  於 佛 亦 是 迹 中 本 迹  若 於 阿 難 或 未 是 實 本  主 尚 晦 迹  弟 子 未 彰  故 亦 不 云 空 王 劫 數  
ZH_T34_1719_01b:0161c09_14	言「云云」者，應具對上因緣等四以明我觀，亦應須寄因緣等四辨次不次，此文已當約教觀心，心境相對因緣觀也。	01b	言  云 云  者  應 具 對 上 因 緣 等 四 以 明 我 觀  亦 應 須 寄 因 緣 等 四 辨 次 不 次  此 文 已 當 約 教 觀 心  心 境 相 對 因 緣 觀 也  
ZH_T34_1719_01b:0161c10_4	真妙望餘，本迹觀也。	01b	真 妙 望 餘  本 迹 觀 也  
ZH_T34_1719_01b:0161c10_14	以心觀心，觀心觀也。	01b	以 心 觀 心  觀 心 觀 也  
ZH_T34_1719_01b:0161c11_11	釋聞因緣不分四悉，但通結云因緣。	01b	釋 聞 因 緣 不 分 四 悉  但 通 結 云 因 緣  
ZH_T34_1719_01b:0161c13_1	若欲分者，初是世界，「舊解」下為人，「報恩」下對治，「此文」下第一義。	01b	若 欲 分 者  初 是 世 界   舊 解  下 為 人   報 恩  下 對 治   此 文  下 第 一 義  
ZH_T34_1719_01b:0161c13_12	初問，次「大論」下答。	01b	初 問  次  大 論  下 答  
ZH_T34_1719_01b:0161c14_6	中言「集法」者，然結集之言通有三處：	01b	中 言  集 法  者  然 結 集 之 言 通 有 三 處  
ZH_T34_1719_01b:0161c14_16	謂一千、七百、五百。	01b	謂 一 千  七 百  五 百  
ZH_T34_1719_01b:0161c15_4	一千正當最初結集。	01b	一 千 正 當 最 初 結 集  
ZH_T34_1719_01b:0161c17_12	七百即是佛滅百年，因於跋闍擅行十事，舍那迦那白於七百，七百乃往毘舍離國，重結毘尼舉跋闍過。	01b	七 百 即 是 佛 滅 百 年  因 於 跋 闍 擅 行 十 事  舍 那 迦 那 白 於 七 百  七 百 乃 往 毘 舍 離 國  重 結 毘 尼 舉 跋 闍 過  
ZH_T34_1719_01b:0161c19_12	言五百者，四百年後，因迦昵吒王請僧供養論道不同，因此五百往王舍城更集三藏。	01b	言 五 百 者  四 百 年 後  因 迦 昵 吒 王 請 僧 供 養 論 道 不 同  因 此 五 百 往 王 舍 城 更 集 三 藏  
ZH_T34_1719_01b:0161c20_4	今此從初，廣如諸文。	01b	今 此 從 初  廣 如 諸 文  
ZH_T34_1719_01b:0161c20_19	展轉從他，自他別故，聞不聞異。	01b	展 轉 從 他  自 他 別 故  聞 不 聞 異  
ZH_T34_1719_01b:0161c21_17	未聞者樂欲，已得聞者生喜，並世界也。	01b	未 聞 者 樂 欲  已 得 聞 者 生 喜  並 世 界 也  
ZH_T34_1719_01b:0161c22_16	三昧是善及能聞力，新舊兩聞因聞善生。	01b	三 昧 是 善 及 能 聞 力  新 舊 兩 聞 因 聞 善 生  
ZH_T34_1719_01b:0161c23_19	言佛覺者，秖是佛加，覺力如佛，故名佛覺三昧。	01b	言 佛 覺 者  秖 是 佛 加  覺 力 如 佛  故 名 佛 覺 三 昧  
ZH_T34_1719_01b:0161c25_16	已證非從佛聞，故云自能，用本願力為持佛法生後代善，故舊解理當判屬為人。	01b	已 證 非 從 佛 聞  故 云 自 能  用 本 願 力 為 持 佛 法 生 後 代 善  故 舊 解 理 當 判 屬 為 人  
ZH_T34_1719_01b:0161c27_1	「報恩經」者，第六佛求其為侍者，許已，仍求四願：	01b	 報 恩 經  者  第 六 佛 求 其 為 侍 者  許 已  仍 求 四 願  
ZH_T34_1719_01b:0161c27_8	一、不受故衣；	01b	一  不 受 故 衣  
ZH_T34_1719_01b:0161c27_15	二、不受別請；	01b	二  不 受 別 請  
ZH_T34_1719_01b:0161c28_7	三、不同諸比丘，須見即見；	01b	三  不 同 諸 比 丘  須 見 即 見  
ZH_T34_1719_01b:0161c29_2	四、二十年中佛所說法重為我說。	01b	四  二 十 年 中 佛 所 說 法 重 為 我 說  
ZH_T34_1719_01b:0162a01_3	佛粗示言端阿難皆解，智速根利強持力故。	01b	佛 粗 示 言 端 阿 難 皆 解  智 速 根 利 強 持 力 故  
ZH_T34_1719_01b:0162a02_9	又「密說」者，辨異覺力及重說故，己知他不知，名之為密。	01b	又  密 說  者  辨 異 覺 力 及 重 說 故  己 知 他 不 知  名 之 為 密  
ZH_T34_1719_01b:0162a02_20	又《大經》「佛告文殊：	01b	又  大 經   佛 告 文 殊  
ZH_T34_1719_01b:0162a03_15	阿難事佛二十年，具足八種不可思議。	01b	阿 難 事 佛 二 十 年  具 足 八 種 不可思議  
ZH_T34_1719_01b:0162a04_3	一、不受別請；	01b	一  不 受 別 請  
ZH_T34_1719_01b:0162a04_10	二、不受故衣；	01b	二  不 受 故 衣  
ZH_T34_1719_01b:0162a04_18	三、不非時見佛；	01b	三  不 非 時 見 佛  
ZH_T34_1719_01b:0162a05_9	四、見一切女人不生欲心；	01b	四  見 一 切 女 人 不 生 欲 心  
ZH_T34_1719_01b:0162a06_11	五、持一切法不曾再問，唯除問於釋種被殺；	01b	五  持 一 切 法 不 曾 再 問  唯 除 問 於 釋 種 被 殺  
ZH_T34_1719_01b:0162a06_19	六、知佛所入定；	01b	六  知 佛 所 入 定  
ZH_T34_1719_01b:0162a07_11	七、知至佛所者受益不同；	01b	七  知 至 佛 所 者 受 益 不 同  
ZH_T34_1719_01b:0162a08_3	八、悉能了知佛祕密法。	01b	八  悉 能 了 知 佛 祕 密 法  
ZH_T34_1719_01b:0162a08_16	」「胎經」者，舉初況後也。	01b	  胎 經  者  舉 初 況 後 也  
ZH_T34_1719_01b:0162a09_3	胎相尚聞況後諸經？	01b	胎 相 尚 聞 況 後 諸 經  
ZH_T34_1719_01b:0162a10_13	「面如淨滿月」者，出《育王經》，此中亦用前之四名，及《大經》四句。	01b	 面 如 淨 滿 月  者  出  育 王 經   此 中 亦 用 前 之 四 名  及  大 經  四 句  
ZH_T34_1719_01b:0162a12_11	然《大經》顯圓，今乃義開豎約四教，隨名便故不復次第，亦應具消四聞所以令順教意。	01b	然  大 經  顯 圓  今 乃 義 開 豎 約 四 教  隨 名 便 故 不 復 次 第  亦 應 具 消 四 聞 所 以 令 順 教 意  
ZH_T34_1719_01b:0162a13_1	本迹末「云云」者：	01b	本 迹 末  云 云  者  
ZH_T34_1719_01b:0162a13_9	一、本事高難量；	01b	一  本 事 高 難 量  
ZH_T34_1719_01b:0162a13_17	二、本理深難思；	01b	二  本 理 深 難 思  
ZH_T34_1719_01b:0162a14_16	三、本迹化莫測，具如釋如是中，觀心中不聞。	01b	三  本 迹 化 莫 測  具 如 釋 如 是 中  觀 心 中 不 聞  
ZH_T34_1719_01b:0162a16_10	「不聞」下「云云」者，應具用上四，且對次第分屬四人，具如昔經我聞故也。	01b	 不 聞  下  云 云  者  應 具 用 上 四  且 對 次 第 分 屬 四 人  具 如 昔 經 我 聞 故 也  
ZH_T34_1719_01b:0162a17_1	若依今文，用妙觀故。	01b	若 依 今 文  用 妙 觀 故  
ZH_T34_1719_01b:0162a17_22	「妙觀」下注「云云」者，開麁顯妙以明絕待。	01b	 妙 觀  下 注  云 云  者  開 麁 顯 妙 以 明 絕 待  
ZH_T34_1719_01b:0162a18_6	次釋「一時」。	01b	次 釋  一 時   
ZH_T34_1719_01b:0162a18_19	初引肇意者，「啟」初開也。	01b	初 引 肇 意 者   啟  初 開 也  
ZH_T34_1719_01b:0162a19_1	「運」合宜也。	01b	 運  合 宜 也  
ZH_T34_1719_01b:0162a19_7	「嘉」善也。	01b	 嘉  善 也  
ZH_T34_1719_01b:0162a19_21	佛化大運必稱物機，故云善會。	01b	佛 化 大 運 必 稱 物 機  故 云 善 會  
ZH_T34_1719_01b:0162a20_17	稱機秖是因緣和合，稱機歡喜故云世界。	01b	稱 機 秖 是 因緣和合  稱 機 歡 喜 故 云 世 界  
ZH_T34_1719_01b:0162a21_17	此中世界即屬此經，不同餘文異餘時故。	01b	此 中 世 界 即 屬 此 經  不 同 餘 文 異 餘 時 故  
ZH_T34_1719_01b:0162a22_14	引《大論》文明生世善、治世惡。	01b	引  大 論  文 明 生 世 善  治 世 惡  
ZH_T34_1719_01b:0162a23_4	明二悉者，寄示相耳。	01b	明 二 悉 者  寄 示 相 耳  
ZH_T34_1719_01b:0162a23_18	復是論中釋一時文，故且引之。	01b	復 是 論 中 釋 一 時 文  故 且 引 之  
ZH_T34_1719_01b:0162a25_11	然此直云時，彼方兩解，若云迦羅即是實時，若云三摩耶即是假時。	01b	然 此 直 云 時  彼 方 兩 解  若 云 迦 羅 即 是 實 時  若 云 三 摩 耶 即 是 假 時  
ZH_T34_1719_01b:0162a25_17	《論》「問：	01b	 論   問  
ZH_T34_1719_01b:0162a26_3	天竺釋時凡幾種？	01b	天 竺 釋 時 凡 幾 種  
ZH_T34_1719_01b:0162a26_5	答：	01b	答  
ZH_T34_1719_01b:0162a28_7	凡有兩稱別者如向迦羅二字以淺易故，三摩耶三字重難說故，若除邪見不說二字，即是假時。	01b	凡 有 兩 稱 別 者 如 向 迦 羅 二 字 以 淺 易 故  三 摩 耶 三 字 重 難 說 故  若 除 邪 見 不 說 二 字  即 是 假 時  
ZH_T34_1719_01b:0162a29_4	若內弟子依時食護明相，即用實時。	01b	若 內 弟 子 依 時 食 護 明 相  即 用 實 時  
ZH_T34_1719_01b:0162a29_20	」當知秖是一時二別，故聲難易耳。	01b	 當 知 秖 是 一 時 二 別  故 聲 難 易 耳  
ZH_T34_1719_01b:0162b01_13	是故外人計時為實，而說偈云：	01b	是 故 外 人 計 時 為 實  而 說 偈 云  
ZH_T34_1719_01b:0162b02_19	「時來眾生熟，時去則催促，時能覺悟人，是故時為因。	01b	 時 來 眾 生 熟  時 去 則 催 促  時 能 覺 悟 人  是 故 時 為 因  
ZH_T34_1719_01b:0162b03_8	」故須破邪說三摩耶。	01b	 故 須 破 邪 說 三 摩 耶  
ZH_T34_1719_01b:0162b04_10	故今文中以實時示內生善，假時破外斷惡。	01b	故 今 文 中 以 實 時 示 內 生 善  假 時 破 外 斷 惡  
ZH_T34_1719_01b:0162b10_3	「第一義」下「云云」者，道合之言正當嘉會，所發善根言通意別，須約教味以判偏圓，則四味三教權人理等，雖有道合仍須開顯，故下約教仍存四別，此下中等亦如《大經》四因緣智，今經之言亦略開等，本時自行唯與圓合，化他不定亦有八教。	01b	 第 一 義  下  云 云  者  道 合 之 言 正 當 嘉 會  所 發 善 根 言 通 意 別  須 約 教 味 以 判 偏 圓  則 四 味 三 教 權 人 理 等  雖 有 道 合 仍 須 開 顯  故 下 約 教 仍 存 四 別  此 下 中 等 亦 如  大 經  四 因 緣 智  今 經 之 言 亦 略 開 等  本 時 自 行 唯 與 圓 合  化 他 不 定 亦 有 八 教  
ZH_T34_1719_01b:0162b10_19	言「前諸」者，指向四教皆在迹中。	01b	言  前 諸  者  指 向 四 教 皆 在 迹 中  
ZH_T34_1719_01b:0162b11_13	觀心下應注「云云」，文無者闕。	01b	觀 心 下 應 注  云 云   文 無 者 闕  
ZH_T34_1719_01b:0162b12_9	此之麁妙各有觀與境合，名為一時。	01b	此 之 麁 妙 各 有 觀 與 境 合  名 為 一 時  
ZH_T34_1719_01b:0162b12_19	相即觀者，今經觀也。	01b	相 即 觀 者  今 經 觀 也  
ZH_T34_1719_01b:0162b13_13	若將此觀約前三文，例說可知。	01b	若 將 此 觀 約 前 三 文  例 說 可 知  
ZH_T34_1719_01b:0162b13_20	次釋「佛」字。	01b	次 釋  佛  字  
ZH_T34_1719_01b:0162b15_8	因緣中亦秖應釋覺，而但云時處等者，明覺之感應時及處耳。	01b	因 緣 中 亦 秖 應 釋 覺  而 但 云 時 處 等 者  明 覺 之 感 應 時 及 處 耳  
ZH_T34_1719_01b:0162b16_8	非其時處不感佛興，時處異故當世界也。	01b	非 其 時 處 不 感 佛 興  時 處 異 故 當 世 界 也  
ZH_T34_1719_01b:0162b19_6	劫初劫盡是極長極短極苦極樂之時，餘三天下富壽無我，非感佛緣，多病是減極，三小災起謂刀、疾、飢，疾居其中故略云病。	01b	劫 初 劫 盡 是 極 長 極 短 極 苦 極 樂 之 時  餘 三 天 下 富 壽 無 我  非 感 佛 緣  多 病 是 減 極  三 小 災 起 謂 刀  疾  飢  疾 居 其 中 故 略 云 病  
ZH_T34_1719_01b:0162b19_12	《俱舍》云：	01b	 俱 舍  云  
ZH_T34_1719_01b:0162b21_4	「刀、疾、飢如次，七日月年止，長壽時樂重舉劫初，短壽時苦重舉劫盡」。	01b	 刀  疾  飢 如 次  七 日 月 年 止  長 壽 時 樂 重 舉 劫 初  短 壽 時 苦 重 舉 劫 盡   
ZH_T34_1719_01b:0162b21_17	「東天下」去，舉不興處也。	01b	 東 天 下  去  舉 不 興 處 也  
ZH_T34_1719_01b:0162b22_16	並由壽定樂定、保樂保常，不成機緣故不感佛。	01b	並 由 壽 定 樂 定  保 樂 保 常  不 成 機 緣 故 不 感 佛  
ZH_T34_1719_01b:0162b23_7	此仍且約人中處耳。	01b	此 仍 且 約 人 中 處 耳  
ZH_T34_1719_01b:0162b24_11	若論天上，小乘亦有得小果者，如梵王得三果等。	01b	若 論 天 上  小 乘 亦 有 得 小 果 者  如 梵 王 得 三 果 等  
ZH_T34_1719_01b:0162b25_13	若准《華嚴》，四天王及化樂天并無色處並不感佛；	01b	若 准  華 嚴   四 天 王 及 化 樂 天 并 無 色 處 並 不 感 佛  
ZH_T34_1719_01b:0162b26_4	餘經非無，但除難處。	01b	餘 經 非 無  但 除 難 處  
ZH_T34_1719_01b:0162b27_4	言「富壽」者，東名勝，身勝南洲，故富壽亦爾。	01b	言  富 壽  者  東 名 勝  身 勝 南 洲  故 富 壽 亦 爾  
ZH_T34_1719_01b:0162b28_2	西名牛貨，以牛為貨，故云多牛羊也。	01b	西 名 牛 貨  以 牛 為 貨  故 云 多 牛 羊 也  
ZH_T34_1719_01b:0162b29_10	北名俱盧，此云勝處，亦云勝生，於四洲中有情處貨皆最勝故。	01b	北 名 俱 盧  此 云 勝 處  亦 云 勝 生  於 四 洲 中 有 情 處 貨 皆 最 勝 故  
ZH_T34_1719_01b:0162c02_11	南名贍部，從樹為名，於南洲中但舉初後中間亦有六四二萬，且云八萬是減初也。	01b	南 名 贍 部  從 樹 為 名  於 南 洲 中 但 舉 初 後 中 間 亦 有 六 四 二 萬  且 云 八 萬 是 減 初 也  
ZH_T34_1719_01b:0162c03_3	百年是方極，故後減之。	01b	百 年 是 方 極  故 後 減 之  
ZH_T34_1719_01b:0162c03_18	初則彌勒也，今減方極則釋迦也。	01b	初 則 彌 勒 也  今 減 方 極 則 釋 迦 也  
ZH_T34_1719_01b:0162c04_18	「未見果」等，明感佛緣，雖略云地亦應云時。	01b	 未 見 果  等  明 感 佛 緣  雖 略 云 地 亦 應 云 時  
ZH_T34_1719_01b:0162c05_13	「離車」等者，《大經》二十六云：	01b	 離 車  等 者   大 經  二 十 六 云  
ZH_T34_1719_01b:0162c06_1	「佛為離車說不放逸。	01b	 佛 為 離 車 說 不 放 逸  
ZH_T34_1719_01b:0162c06_5	離車云：	01b	離 車 云  
ZH_T34_1719_01b:0162c06_14	我等自知是放逸人。	01b	我 等 自 知 是 放 逸 人  
ZH_T34_1719_01b:0162c06_18	何以故？	01b	何 以 故  
ZH_T34_1719_01b:0162c08_3	若不放逸，如來世尊應生我國，何故棄我出摩竭提？	01b	若 不 放 逸  如 來 世 尊 應 生 我 國  何 故 棄 我 出 摩 竭 提  
ZH_T34_1719_01b:0162c08_18	時婆羅門子名曰無勝，語離車言：	01b	時 婆 羅 門 子 名 曰 無 勝  語 離 車 言  
ZH_T34_1719_01b:0162c10_13	頻婆大王已獲大利，佛出其國，猶如大池生大蓮華，華雖在水水不能染。	01b	頻 婆 大 王 已 獲 大 利  佛 出 其 國  猶 如 大 池 生 大 蓮 華  華 雖 在 水 水 不 能 染  
ZH_T34_1719_01b:0162c11_9	佛亦如是，雖生彼國，世法不染。	01b	佛 亦 如 是  雖 生 彼 國  世 法 不 染  
ZH_T34_1719_01b:0162c12_21	汝迷五欲不知親近，名放逸人，非佛出彼名為放逸無勝者阿逸多。	01b	汝 迷 五 欲 不 知 親 近  名 放 逸 人  非 佛 出 彼 名 為 放 逸 無 勝 者 阿 逸 多  
ZH_T34_1719_01b:0162c13_14	汝耽五欲，縱生汝國，汝亦不見。	01b	汝 耽 五 欲  縱 生 汝 國  汝 亦 不 見  
ZH_T34_1719_01b:0162c14_13	」故此時處亦據多分，舍衛三億非關苦樂。	01b	 故 此 時 處 亦 據 多 分  舍 衛 三 億 非 關 苦 樂  
ZH_T34_1719_01b:0162c15_13	「摩竭提」者，此云不害，劫初已來無刑殺故；	01b	 摩 竭 提  者  此 云 不 害  劫 初 已 來 無 刑 殺 故  
ZH_T34_1719_01b:0162c16_15	至阿闍世截指為刑，後自齧指痛，復息此刑。	01b	至 阿 闍 世 截 指 為 刑  後 自 齧 指 痛  復 息 此 刑  
ZH_T34_1719_01b:0162c17_16	佛當生其地故吉兆預彰，所以先置不害之名。	01b	佛 當 生 其 地 故 吉 兆 預 彰  所 以 先 置 不 害 之 名  
ZH_T34_1719_01b:0162c18_12	「日若不出」等者，《大論》文也。	01b	 日 若 不 出  等 者   大 論  文 也  
ZH_T34_1719_01b:0162c19_4	日喻佛興，池喻摩竭，華喻物機。	01b	日 喻 佛 興  池 喻 摩 竭  華 喻 物 機  
ZH_T34_1719_01b:0162c19_18	佛若不出，已未二善皆悉不成。	01b	佛 若 不 出  已 未 二 善 皆 悉 不 成  
ZH_T34_1719_01b:0162c23_6	未者下種，已者熟脫，然合喻中且約世間有漏善法，故舉剎利等況出世善，故輕繫地獄尚因佛出，乃有一念厭惡之因，後方得離，況復人天？	01b	未 者 下 種  已 者 熟 脫  然 合 喻 中 且 約 世 間 有 漏 善 法  故 舉 剎 利 等 況 出 世 善  故 輕 繫 地 獄 尚 因 佛 出  乃 有 一 念 厭 惡 之 因  後 方 得 離  況 復 人 天  
ZH_T34_1719_01b:0162c23_10	故論云：	01b	故 論 云  
ZH_T34_1719_01b:0162c24_5	「若持五戒，釋迦文佛在汝家中」。	01b	 若 持 五 戒  釋 迦 文 佛 在 汝 家 中   
ZH_T34_1719_01b:0162c24_14	四姓舉二且從勝說。	01b	四 姓 舉 二 且 從 勝 說  
ZH_T34_1719_01b:0162c25_15	對治中斷有頂種，即斷三界惡故，故名破惡。	01b	對 治 中 斷 有 頂 種  即 斷 三 界 惡 故  故 名 破 惡  
ZH_T34_1719_01b:0162c25_17	問：	01b	問  
ZH_T34_1719_01b:0162c26_13	為人但至有頂，對治何故破三界惡？	01b	為 人 但 至 有 頂  對 治 何 故 破 三 界 惡  
ZH_T34_1719_01b:0162c26_15	答：	01b	答  
ZH_T34_1719_01b:0162c27_11	真諦事理，於中道理，俱名為事。	01b	真 諦 事 理  於 中 道 理  俱 名 為 事  
ZH_T34_1719_01b:0162c28_10	若前二教，不得用此以為破惡，以讓理故；	01b	若 前 二 教  不 得 用 此 以 為 破 惡  以 讓 理 故  
ZH_T34_1719_01b:0162c29_1	今此圓教，故得用之。	01b	今 此 圓 教  故 得 用 之  
ZH_T34_1719_01b:0163a01_2	言「三乘」者，即攝三教，以菩薩乘攝別教故。	01b	言  三 乘  者  即 攝 三 教  以 菩 薩 乘 攝 別 教 故  
ZH_T34_1719_01b:0163a03_6	言「餘不能感」者，約八相化，必出世機方能感佛，示九道身雖是感佛，不名佛化，故非感佛。	01b	言  餘 不 能 感  者  約 八 相 化  必 出 世 機 方 能 感 佛  示 九 道 身 雖 是 感 佛  不 名 佛 化  故 非 感 佛  
ZH_T34_1719_01b:0163a04_15	「善斷」之言在無漏智，「種」謂能生，垂盡非想復墮三惡，名為還生；	01b	 善 斷  之 言 在 無 漏 智   種  謂 能 生  垂 盡 非 想 復 墮 三 惡  名 為 還 生  
ZH_T34_1719_01b:0163a05_5	一去不來故名為永。	01b	一 去 不 來 故 名 為 永  
ZH_T34_1719_01b:0163a06_7	第一義中既云法性，煩惱即菩提，故云無動。	01b	第 一 義 中 既 云 法 性  煩 惱 即 菩 提  故 云 無 動  
ZH_T34_1719_01b:0163a06_18	生死即涅槃，故云無出。	01b	生 死 即 涅 槃  故 云 無 出  
ZH_T34_1719_01b:0163a08_13	佛無苦集已住法性，雖無動出，不動而動，動法性山示斷生因，故名為動；	01b	佛 無 苦 集 已 住 法 性  雖 無 動 出  不 動 而 動  動 法 性 山 示 斷 生 因  故 名 為 動  
ZH_T34_1719_01b:0163a09_13	不出而出，出生死海化九道生，故名為出。	01b	不 出 而 出  出 生 死 海 化 九 道 生  故 名 為 出  
ZH_T34_1719_01b:0163a12_2	此前皆謂實動實出，至此方知非生而生、無動而動，則前二教及別地前但屬三悉，引入今經第一義故。	01b	此 前 皆 謂 實 動 實 出  至 此 方 知 非 生 而 生  無 動 而 動  則 前 二 教 及 別 地 前 但 屬 三 悉  引 入 今 經 第 一 義 故  
ZH_T34_1719_01b:0163a12_19	約教中，先釋，次「故經云」下引證。	01b	約 教 中  先 釋  次  故 經 云  下 引 證  
ZH_T34_1719_01b:0163a14_5	前明因緣說感應相，今既約教，約四極果初成之相故並云覺。	01b	前 明 因 緣 說 感 應 相  今 既 約 教  約 四 極 果 初 成 之 相 故 並 云 覺  
ZH_T34_1719_01b:0163a15_4	又自覺覺滿則據於初，覺他通於初後。	01b	又 自 覺 覺 滿 則 據 於 初  覺 他 通 於 初 後  
ZH_T34_1719_01b:0163a16_16	西云佛陀，此云覺者知者，對迷名知、對愚說覺，名同對別並屬自覺；	01b	西 云 佛 陀  此 云 覺 者 知 者  對 迷 名 知  對 愚 說 覺  名 同 對 別 並 屬 自 覺  
ZH_T34_1719_01b:0163a17_16	故約四諦，即以自覺而能覺他，故云亦也。	01b	故 約 四 諦  即 以 自 覺 而 能 覺 他  故 云 亦 也  
ZH_T34_1719_01b:0163a19_16	「總相別相」者，總謂無非無常，別即觀四念處，謂三界繫及四聖諦，此別莫不皆觀無常。	01b	 總 相 別 相  者  總 謂 無 非 無 常  別 即 觀 四 念 處  謂 三 界 繫 及 四 聖 諦  此 別 莫 不 皆 觀 無 常  
ZH_T34_1719_01b:0163a22_8	「老比丘」者，從後異故，以通教佛亦可云老，而云帶者辨異前教，如《阿含》云「佛臨涅槃，如老比丘詣純陀舍」。	01b	 老 比 丘  者  從 後 異 故  以 通 教 佛 亦 可 云 老  而 云 帶 者 辨 異 前 教  如  阿 含  云  佛 臨 涅 槃  如 老 比 丘 詣 純 陀 舍   
ZH_T34_1719_01b:0163a24_26	「三十四心」者，八忍、八智斷見，九無礙、九解脫斷思，斷伏不同，具如《止觀》第三、第六記，具在《婆沙》、《俱舍》及諸《阿含》。	01b	 三 十 四 心  者  八 忍  八 智 斷 見  九 無 礙  九 解 脫 斷 思  斷 伏 不 同  具 如  止 觀  第 三  第 六 記  具 在  婆 沙    俱 舍  及 諸  阿 含   
ZH_T34_1719_01b:0163a26_19	此教求作餘釋，不得一念相應斷餘殘習，作三十四心釋終無其理，具如《大品》第十地。	01b	此 教 求 作 餘 釋  不 得 一 念 相 應 斷 餘 殘 習  作 三 十 四 心 釋 終 無 其 理  具 如  大 品  第 十 地  
ZH_T34_1719_01b:0163a28_4	「別佛」具如《瓔珞》及諸大乘五十二位初地斷無明者是。	01b	 別 佛  具 如  瓔 珞  及 諸 大 乘 五 十 二 位 初 地 斷 無 明 者 是  
ZH_T34_1719_01b:0163a29_1	「圓佛」具如《華嚴》初住斷無明者是。	01b	 圓 佛  具 如  華 嚴  初 住 斷 無 明 者 是  
ZH_T34_1719_01b:0163b02_1	然小乘中立二無知，染污無知無明為體，不染無知劣慧為體，謂味勢熟德數時量耳。	01b	然 小 乘 中 立 二 無 知  染 污 無 知 無 明 為 體  不染無知 劣 慧 為 體  謂 味 勢 熟 德 數 時 量 耳  
ZH_T34_1719_01b:0163b04_21	然四佛皆云自覺覺他者，秖是當教自行滿位，覺智不同化境寬狹，是則遍搜大小乘教，唯有此四成道之相，具如《玄》文因果兩妙。	01b	然 四 佛 皆 云 自覺覺他 者  秖 是 當 教 自 行 滿 位  覺 智 不 同 化 境 寬 狹  是 則 遍 搜 大 小 乘 教  唯 有 此 四 成 道 之 相  具 如  玄  文 因 果 兩 妙  
ZH_T34_1719_01b:0163b06_8	他釋但有自覺等三，既無四教各具三義，如何分別大小教主？	01b	他 釋 但 有 自 覺 等 三  既 無 四 教 各 具 三 義  如 何 分 別 大 小 教 主  
ZH_T34_1719_01b:0163b06_17	與而言之不出二教。	01b	與 而 言 之 不 出 二 教  
ZH_T34_1719_01b:0163b08_9	若云坐蓮華藏，或云三世諸佛，皆色究竟成無上道，並別佛相。	01b	若 云 坐 蓮 華 藏  或 云 三世諸佛  皆 色 究 竟 成 無 上 道  並 別 佛 相  
ZH_T34_1719_01b:0163b09_10	若隱前三相從勝而說，非謂太虛名為圓佛。	01b	若 隱 前 三 相 從 勝 而 說  非 謂 太 虛 名 為 圓 佛  
ZH_T34_1719_01b:0163b10_14	別佛既云單論，即是隱前二相，如目連不窮其聲等。	01b	別 佛 既 云 單 論  即 是 隱 前 二 相  如 目 連 不 窮 其 聲 等  
ZH_T34_1719_01b:0163b13_7	若《法華》已前三佛離明，隔偏小故，來至此經從劣辨勝即三而一，他迷一家所明四佛者，以棄舊譯經論故也。	01b	若  法 華  已 前 三 佛 離 明  隔 偏 小 故  來 至 此 經 從 劣 辨 勝 即 三 而 一  他 迷 一 家 所 明 四 佛 者  以 棄 舊 譯 經 論 故 也  
ZH_T34_1719_01b:0163b14_18	如四階成道，三乘共位，瓔珞賢聖，華嚴融門，此四成道不可孱齊。	01b	如 四 階 成 道  三 乘 共 位  瓔 珞 賢 聖  華 嚴 融 門  此 四 成 道 不 可 孱 齊  
ZH_T34_1719_01b:0163b16_4	以由設迹不同隱實覆本，故開權顯本方知不殊。	01b	以 由 設 迹 不 同 隱 實 覆 本  故 開 權 顯 本 方 知 不 殊  
ZH_T34_1719_01b:0163b17_3	又諸教中各有五人說經，如《大論》云：	01b	又 諸 教 中 各 有 五 人 說 經  如  大 論  云  
ZH_T34_1719_01b:0163b18_1	「佛及聲聞天仙化人」，及《華嚴》中加諸菩薩。	01b	 佛 及 聲 聞 天 仙 化 人   及  華 嚴  中 加 諸 菩 薩  
ZH_T34_1719_01b:0163b18_17	又有眾生器世，而皆以佛為教主也。	01b	又 有 眾 生 器 世  而 皆 以 佛 為 教 主 也  
ZH_T34_1719_01b:0163b19_14	然準《大論》下四印定，即名佛說。	01b	然 準  大 論  下 四 印 定  即 名 佛 說  
ZH_T34_1719_01b:0163b21_17	又《華嚴》中剎說塵說，菩薩被加亦無印述，餘三佛力通得名經，故《大論》中所破并能通具四教。	01b	又  華 嚴  中 剎 說 塵 說  菩 薩 被 加 亦 無 印 述  餘 三 佛 力 通 得 名 經  故  大 論  中 所 破 并 能 通 具 四 教  
ZH_T34_1719_01b:0163b22_11	若得實意，方知四佛體同用殊。	01b	若 得 實 意  方 知 四 佛 體 同 用 殊  
ZH_T34_1719_01b:0163b23_2	講《華嚴》者，皆云我佛。	01b	講  華 嚴  者  皆 云 我 佛  
ZH_T34_1719_01b:0163b24_12	讀《唯識》者，不許他經，故至今經乃知指昔，唯佛究盡斯言有在。	01b	讀  唯 識  者  不 許 他 經  故 至 今 經 乃 知 指 昔  唯 佛 究 盡 斯 言 有 在  
ZH_T34_1719_01b:0163b26_3	次引經者，《像法決疑》中通佛云大身小身者，以云帶老比丘故。	01b	次 引 經 者   像 法 決 疑  中 通 佛 云 大 身 小 身 者  以 云 帶 老 比 丘 故  
ZH_T34_1719_01b:0163b27_3	約本迹中初寄本中體用，故云本一迹三。	01b	約 本 迹 中 初 寄 本 中 體 用  故 云 本 一 迹 三  
ZH_T34_1719_01b:0163b27_18	「中間」下，次明迹中應化勝劣。	01b	 中 間  下  次 明 迹 中 應 化 勝 劣  
ZH_T34_1719_01b:0163b29_5	他受用報皆在迹也，但生滅之言多在應化，唯本地四佛皆本者。	01b	他 受 用 報 皆 在 迹 也  但 生 滅 之 言 多 在 應 化  唯 本 地 四 佛 皆 本 者  
ZH_T34_1719_01b:0163c02_1	準例而言，則迹中體用俱迹，本地體用俱本，具如《玄》文本因果妙等料簡中說。	01b	準 例 而 言  則 迹 中 體 用 俱 迹  本 地 體 用 俱 本  具 如  玄  文 本 因 果 妙 等 料 簡 中 說  
ZH_T34_1719_01b:0163c02_14	觀心中覺秖是智，六即判之。	01b	觀 心 中 覺 秖 是 智  六 即 判 之  
ZH_T34_1719_01b:0163c03_6	有本無「云云」者，或是脫落。	01b	有 本 無  云 云  者  或 是 脫 落  
ZH_T34_1719_01b:0163c05_7	應先辨藏通至別圓中，方乃得云偏圓二覺，然次第中亦可攝得藏通二佛，或略之耳。	01b	應 先 辨 藏 通 至 別 圓 中  方 乃 得 云 偏 圓 二 覺  然 次 第 中 亦 可 攝 得 藏 通 二 佛  或 略 之 耳  
ZH_T34_1719_01b:0163c05_19	若望前三境智，因緣佛也。	01b	若 望 前 三 境 智  因 緣 佛 也  
ZH_T34_1719_01b:0163c06_9	藏等四觀，四教佛也。	01b	藏 等 四 觀  四 教 佛 也  
ZH_T34_1719_01b:0163c06_19	中望空假，本迹佛也。	01b	中 望 空 假  本 迹 佛 也  
ZH_T34_1719_01b:0163c07_7	己心即是觀心佛也。	01b	己 心 即 是 觀 心 佛 也  
ZH_T34_1719_01b:0163c09_11	次釋「住」中全用《大論》，恐他不曉，故初標云能住所住，若但身土但成世界，心法相依方成三悉。	01b	次 釋  住  中 全 用  大 論   恐 他 不 曉  故 初 標 云 能 住 所 住  若 但 身 土 但 成 世 界  心 法 相 依 方 成 三 悉  
ZH_T34_1719_01b:0163c10_11	他人唯許身依於土，乃成佛心無所依法。	01b	他 人 唯 許 身 依 於 土  乃 成 佛 心 無 所 依 法  
ZH_T34_1719_01b:0163c11_2	忍土者，《悲華》第五云：	01b	忍 土 者   悲 華  第 五 云  
ZH_T34_1719_01b:0163c11_12	「何因緣故名曰娑婆？	01b	 何 因 緣 故 名 曰 娑 婆  
ZH_T34_1719_01b:0163c12_7	是諸眾生忍受三毒及諸煩惱故也。	01b	是 諸 眾 生 忍 受 三 毒 及 諸 煩 惱 故 也  
ZH_T34_1719_01b:0163c12_17	」能所異故名為世界。	01b	 能 所 異 故 名 為 世 界  
ZH_T34_1719_01b:0163c13_3	故《大論》云：	01b	故  大 論  云  
ZH_T34_1719_01b:0163c13_16	「住者四儀住世今文世界」。	01b	 住 者 四 儀 住 世 今 文 世 界   
ZH_T34_1719_01b:0163c13_21	復有三種：	01b	復 有 三 種  
ZH_T34_1719_01b:0163c14_11	一者天住，謂欲天，今云十善；	01b	一 者 天 住  謂 欲 天  今 云 十 善  
ZH_T34_1719_01b:0163c15_13	二者梵住，即色天，今云四禪，但名異耳今文為人；	01b	二 者 梵 住  即 色 天  今 云 四 禪  但 名 異 耳 今 文 為 人  
ZH_T34_1719_01b:0163c16_9	三者淨住，即三果已去，今云三三昧者。	01b	三 者 淨 住  即 三 果 已 去  今 云 三 三 昧 者  
ZH_T34_1719_01b:0163c16_12	論云：	01b	論 云  
ZH_T34_1719_01b:0163c17_3	「入三三昧即得初果」。	01b	 入 三 三 昧 即 得 初 果   
ZH_T34_1719_01b:0163c18_11	三三昧為對治者，以為三明近對治門，具如《止觀》第七記。	01b	三 三 昧 為 對 治 者  以 為 三 明 近 對 治 門  具 如  止 觀  第 七 記  
ZH_T34_1719_01b:0163c18_17	《論》又云：	01b	 論  又 云  
ZH_T34_1719_01b:0163c20_10	「布施持戒善心為天住，四無量心為梵住，前從果、此修因三三昧為聖住，聖住秖是淨住耳。	01b	 布 施 持 戒 善 心 為 天 住  四無量心 為 梵 住  前 從 果  此 修 因 三 三 昧 為 聖 住  聖 住 秖 是 淨 住 耳  
ZH_T34_1719_01b:0163c21_1	」論又有四住，天、梵、聖、佛。	01b	 論 又 有 四 住  天  梵  聖  佛  
ZH_T34_1719_01b:0163c22_4	更加佛住，即今文中《首楞嚴》是，故今四住收論文盡。	01b	更 加 佛 住  即 今 文 中  首 楞 嚴  是  故 今 四 住 收 論 文 盡  
ZH_T34_1719_01b:0163c23_8	若以教收，四教並有前四悉義，四佛並為第一義天；	01b	若 以 教 收  四 教 並 有 前 四 悉 義  四 佛 並 為 第 一 義 天  
ZH_T34_1719_01b:0163c24_6	但前二佛不得云用《首楞嚴》耳。	01b	但 前 二 佛 不 得 云 用  首 楞 嚴  耳  
ZH_T34_1719_01b:0163c24_8	問：	01b	問  
ZH_T34_1719_01b:0163c25_16	若爾，今釋佛住，何以三悉但約欲色及以三果，能住所住俱非佛耶？	01b	若 爾  今 釋 佛 住  何 以 三 悉 但 約 欲 色 及 以 三 果  能 住 所 住 俱 非 佛 耶  
ZH_T34_1719_01b:0163c25_18	答：	01b	答  
ZH_T34_1719_01b:0163c26_12	一從通以趣別，二將勝以攝劣。	01b	一 從 通 以 趣 別  二 將 勝 以 攝 劣  
ZH_T34_1719_01b:0163c27_4	言從通者，從廣之狹。	01b	言 從 通 者  從 廣 之 狹  
ZH_T34_1719_01b:0163c28_5	言從勝者，佛依王城必攝欲色及以三果。	01b	言 從 勝 者  佛 依 王 城 必 攝 欲 色 及 以 三 果  
ZH_T34_1719_01b:0163c28_10	有人斥云：	01b	有 人 斥 云  
ZH_T34_1719_01b:0163c29_6	今釋住王城，何以引於天梵等住？	01b	今 釋 住 王 城  何 以 引 於 天 梵 等 住  
ZH_T34_1719_01b:0164a01_6	此人不曾讀《大智論》，此是彼論釋住正文。	01b	此 人 不 曾 讀  大 智 論   此 是 彼 論 釋 住 正 文  
ZH_T34_1719_01b:0164a03_11	論具二意如向所述，若秖以色身住土以釋住名，則大菩薩神無方所，便無所住，況復佛耶？	01b	論 具 二 意 如 向 所 述  若 秖 以 色 身 住 土 以 釋 住 名  則 大 菩 薩 神 無 方 所  便 無 所 住  況 復 佛 耶  
ZH_T34_1719_01b:0164a04_10	故《普賢觀》常寂光土是佛住處，豈王城耶？	01b	故  普 賢 觀  常 寂 光 土 是 佛 住 處  豈 王 城 耶  
ZH_T34_1719_01b:0164a06_5	故下約教皆以涅槃而為所住，次約教中涅槃皆是所住之法，並約第一義也。	01b	故 下 約 教 皆 以 涅 槃 而 為 所 住  次 約 教 中 涅 槃 皆 是 所 住 之 法  並 約 第 一 義 也  
ZH_T34_1719_01b:0164a07_17	釋前二佛皆云有餘無餘者，巧拙雖殊所滅不異，後兩祕藏證道亦一。	01b	釋 前 二 佛 皆 云 有 餘 無 餘 者  巧 拙 雖 殊 所 滅 不 異  後 兩 祕 藏 證 道 亦 一  
ZH_T34_1719_01b:0164a09_3	「前三佛」下判麁妙者，別教證道雖妙，從教道故判麁。	01b	 前 三 佛  下 判 麁 妙 者  別 教 證 道 雖 妙  從 教 道 故 判 麁  
ZH_T34_1719_01b:0164a10_17	言「能所」者，若約理判如向所說，若約事判秖是依正他受用土，故判為麁。	01b	言  能 所  者  若 約 理 判 如 向 所 說  若 約 事 判 秖 是 依 正 他 受 用 土  故 判 為 麁  
ZH_T34_1719_01b:0164a11_12	若約中理，雖俱祕藏亦是從教。	01b	若 約 中 理  雖 俱 祕 藏 亦 是 從 教  
ZH_T34_1719_01b:0164a12_8	今經是圓復須開顯，故名妙住。	01b	今 經 是 圓 復 須 開 顯  故 名 妙 住  
ZH_T34_1719_01b:0164a14_2	本迹中言「三藏佛應涅槃」者，應字平聲，若據灰斷即應入滅，入滅本也。	01b	本 迹 中 言  三 藏 佛 應 涅 槃  者  應 字 平 聲  若 據 灰 斷 即 應 入 滅  入 滅 本 也  
ZH_T34_1719_01b:0164a17_12	由慈悲故所以住世，秖名住世以為垂迹，此佛報生無別理本，通佛扶習此從因說，以六七地入空為本，以誓扶習利他為迹，果同三藏故從因說。	01b	由 慈 悲 故 所 以 住 世  秖 名 住 世 以 為 垂 迹  此 佛 報 生 無 別 理 本  通 佛 扶 習 此 從 因 說  以 六 七 地 入 空 為 本  以 誓 扶 習 利 他 為 迹  果 同 三 藏 故 從 因 說  
ZH_T34_1719_01b:0164a20_3	別圓同云「熏法性」者，教證小殊，然皆因時起四弘誓冥熏法性，但明法性即離不同，智斷雖殊法性無別。	01b	別 圓 同 云  熏 法 性  者  教 證 小 殊  然 皆 因 時 起 四 弘 誓 冥 熏 法 性  但 明 法 性 即 離 不 同  智 斷 雖 殊 法 性 無 別  
ZH_T34_1719_01b:0164a20_18	「當知」下，總判前文以明本迹。	01b	 當 知  下  總 判 前 文 以 明 本 迹  
ZH_T34_1719_01b:0164a22_2	本迹莫不皆由慈悲，前四俱迹故須更云本佛住也。	01b	本 迹 莫 不 皆 由 慈 悲  前 四 俱 迹 故 須 更 云 本 佛 住 也  
ZH_T34_1719_01b:0164a22_19	「以慈悲」下，判既開迹已豈別有本。	01b	 以 慈 悲  下  判 既 開 迹 已 豈 別 有 本  
ZH_T34_1719_01b:0164a24_7	次約觀中以智為佛，智住無常及空假中，前直相對故四觀不同。	01b	次 約 觀 中 以 智 為 佛  智 住 無 常 及 空 假 中  前 直 相 對 故 四 觀 不 同  
ZH_T34_1719_01b:0164a25_16	次約住意，故云「以無住法住於境中」，故無住之言通於四教。	01b	次 約 住 意  故 云  以 無 住 法 住 於 境 中   故 無 住 之 言 通 於 四 教  
ZH_T34_1719_01b:0164a26_16	麁智謂住，於理實無，若在圓中便成絕待。	01b	麁 智 謂 住  於 理 實 無  若 在 圓 中 便 成 絕 待  
ZH_T34_1719_01b:0164b02_8	「王城」者，準《西域記》，此城崇山四周以為外郭，東西長南北狹，周一百五十里，子城三十里，宮城北門是調達放醉象處，東北是身子逢馬勝得初果處，東北十四五里至鷲峯山，是說《法華》等經處。	01b	 王 城  者  準  西 域 記   此 城 崇 山 四 周 以 為 外 郭  東 西 長 南 北 狹  周 一 百 五 十 里  子 城 三 十 里  宮 城 北 門 是 調 達 放 醉 象 處  東 北 是 身 子 逢 馬 勝 得 初 果 處  東 北 十 四 五 里 至 鷲 峯 山  是 說  法 華  等 經 處  
ZH_T34_1719_01b:0164b03_3	斑足緣亦出《仁王》，論中又有異釋。	01b	斑 足 緣 亦 出  仁 王   論 中 又 有 異 釋  
ZH_T34_1719_01b:0164b03_7	論「問：	01b	論  問  
ZH_T34_1719_01b:0164b04_12	如王舍城，迦毘羅、波羅奈並有王舍，何故此城獨得名耶？	01b	如 王 舍 城  迦 毘 羅  波 羅 奈 並 有 王 舍  何 故 此 城 獨 得 名 耶  
ZH_T34_1719_01b:0164b04_14	答：	01b	答  
ZH_T34_1719_01b:0164b06_10	有人云，是摩伽陀國王子一頭兩面四臂，時人以為不祥，裂其身首棄之曠野。	01b	有 人 云  是 摩伽陀國 王 子 一 頭 兩 面 四 臂  時 人 以 為 不 祥  裂 其 身 首 棄 之 曠 野  
ZH_T34_1719_01b:0164b07_10	有羅剎女名曰闍羅，拾取合之而乳養之。	01b	有 羅 剎 女 名 曰 闍 羅  拾 取 合 之 而 乳 養 之  
ZH_T34_1719_01b:0164b08_15	後大成人能兼諸國，乃取諸王八萬人下去同今疏文。	01b	後 大 成 人 能 兼 諸 國  乃 取 諸 王 八 萬 人 下 去 同 今 疏 文  
ZH_T34_1719_01b:0164b08_23	」《楞伽》又云：	01b	  楞 伽  又 云  
ZH_T34_1719_01b:0164b12_8	「昔有王遊獵，馬驚入險乃絕居人，共㹀師子居而行醜行，生息長大名曰斑足，後紹王位領七億眾，食肉餘習非肉不餐，後乃食人，所生皆是羅剎。	01b	 昔 有 王 遊 獵  馬 驚 入 險 乃 絕 居 人  共 㹀 師 子 居 而 行 醜 行  生 息 長 大 名 曰 斑 足  後 紹 王 位 領 七 億 眾  食 肉 餘 習 非 肉 不 餐  後 乃 食 人  所 生 皆 是 羅 剎  
ZH_T34_1719_01b:0164b12_16	」餘與今文大同。	01b	 餘 與 今 文 大 同  
ZH_T34_1719_01b:0164b13_20	四非常偈者，秖是四無常偈，具如《止觀》第七卷記。	01b	四 非 常 偈 者  秖 是 四 無 常 偈  具 如  止 觀  第 七 卷 記  
ZH_T34_1719_01b:0164b16_6	言「得空平等」即是初地者，彼既共教，小即初果，大即乾慧或在見地，別即歡喜，與《大經》梵行意同。	01b	言  得 空 平 等  即 是 初 地 者  彼 既 共 教  小 即 初 果  大 即 乾 慧 或 在 見 地  別 即 歡 喜  與  大 經  梵 行 意 同  
ZH_T34_1719_01b:0164b16_19	若爾，何故聞無常而悟大耶？	01b	若 爾  何 故 聞 無 常 而 悟 大 耶  
ZH_T34_1719_01b:0164b17_1	答：	01b	答  
ZH_T34_1719_01b:0164b18_5	已聞般若復聞非常，恐其吝國，正助合行因得大益。	01b	已 聞 般 若 復 聞 非 常  恐 其 吝 國  正 助 合 行 因 得 大 益  
ZH_T34_1719_01b:0164b18_16	此約斑足緣異故屬世界。	01b	此 約 斑 足 緣 異 故 屬 世 界  
ZH_T34_1719_01b:0164b20_2	千王取血等，雖失小國迭知大國，生善屬為人也。	01b	千 王 取 血 等  雖 失 小 國 迭 知 大 國  生 善 屬 為 人 也  
ZH_T34_1719_01b:0164b20_16	百姓排舍以免燒惡，即對治也。	01b	百 姓 排 舍 以 免 燒 惡  即 對 治 也  
ZH_T34_1719_01b:0164b21_7	斑足得道，第一義也。	01b	斑 足 得 道  第 一 義 也  
ZH_T34_1719_01b:0164b24_5	注「云云」者，《大論》與諸經所出既多不可盡具，雖多不出四悉，約教中四見，然辨土橫豎具在《淨名疏》，即如下文純諸菩薩等。	01b	注  云 云  者   大 論  與 諸 經 所 出 既 多 不 可 盡 具  雖 多 不 出 四 悉  約 教 中 四 見  然 辨 土 橫 豎 具 在  淨 名 疏   即 如 下 文 純 諸 菩 薩 等  
ZH_T34_1719_01b:0164b24_19	「例知」者，以娑羅例王城也。	01b	 例 知  者  以 娑 羅 例 王 城 也  
ZH_T34_1719_01b:0164b26_7	本迹、觀心在後者，後與山文合明觀心，後文仍略俱不出本迹；	01b	本 迹  觀 心 在 後 者  後 與 山 文 合 明 觀 心  後 文 仍 略 俱 不 出 本 迹  
ZH_T34_1719_01b:0164b27_15	若例上，下應云本住王三昧三德之城，迹居忍土之王城耳。	01b	若 例 上  下 應 云 本 住 王 三 昧 三 德 之 城  迹 居 忍 土 之 王 城 耳  
ZH_T34_1719_01b:0164b29_1	「梁武」等者，字應作睢，其鳥似鷹，云似鴟者，或恐誤。	01b	 梁 武  等 者  字 應 作 睢  其 鳥 似 鷹  云 似 鴟 者  或 恐 誤  
ZH_T34_1719_01b:0164c01_11	樂而不淫哀而不傷，雌雄各居欲交俱鳴，交已各去故以之類皇妃也。	01b	樂 而 不 淫 哀 而 不 傷  雌 雄 各 居 欲 交 俱 鳴  交 已 各 去 故 以 之 類 皇 妃 也  
ZH_T34_1719_01b:0164c01_16	《詩》云：	01b	 詩  云  
ZH_T34_1719_01b:0164c02_16	「關關睢鳩，在河之洲，窈窕淑女，君子好逑。	01b	 關 關 睢 鳩  在 河 之 洲  窈 窕 淑 女  君 子 好 逑  
ZH_T34_1719_01b:0164c03_8	」今江東人呼為鶚，好在江洲。	01b	 今 江 東 人 呼 為 鶚  好 在 江 洲  
ZH_T34_1719_01b:0164c04_3	梁武意謂睢形近鷲，故引之耳。	01b	梁 武 意 謂 睢 形 近 鷲  故 引 之 耳  
ZH_T34_1719_01b:0164c04_9	此屬世界也。	01b	此 屬 世 界 也  
ZH_T34_1719_01b:0164c05_5	又解「山峯」下，為人，覩者生悅故也。	01b	又 解  山 峯  下  為 人  覩 者 生 悅 故 也  
ZH_T34_1719_01b:0164c06_2	又云去對治，能藏惡故亦當治惡。	01b	又 云 去 對 治  能 藏 惡 故 亦 當 治 惡  
ZH_T34_1719_01b:0164c06_18	又解去第一義，三乘聖居是第一義。	01b	又 解 去 第 一 義  三 乘 聖 居 是 第 一 義  
ZH_T34_1719_01b:0164c08_9	次辨五峯及後問答，但是第一義中釋疑及分別山相，非四悉攝。	01b	次 辨 五 峯 及 後 問 答  但 是 第 一 義 中 釋 疑 及 分 別 山 相  非 四 悉 攝  
ZH_T34_1719_01b:0164c08_19	又《增一》三十一云：	01b	又  增 一  三 十 一 云  
ZH_T34_1719_01b:0164c10_6	「佛在靈鷲告諸比丘，久遠同名靈鷲，更有別名，汝等知不？	01b	 佛 在 靈 鷲 告 諸 比 丘  久 遠 同 名 靈 鷲  更 有 別 名  汝 等 知 不  
ZH_T34_1719_01b:0164c12_6	亦名廣普山、負重山、仙人窟山，恒有羅漢菩薩得道，及神通諸仙所居，有五百辟支佛住。	01b	亦 名 廣 普 山  負 重 山  仙 人 窟 山  恒 有 羅 漢 菩 薩 得 道  及 神 通 諸 仙 所 居  有 五 百 辟 支 佛 住  
ZH_T34_1719_01b:0164c13_8	如來欲下，先令淨居天子來此告令，令此土淨。	01b	如 來 欲 下  先 令 淨 居 天 子 來 此 告 令  令 此 土 淨  
ZH_T34_1719_01b:0164c14_7	却後二年佛現此間，支佛聞已燒身入滅。	01b	却 後 二 年 佛 現 此 間  支 佛 聞 已 燒 身 入 滅  
ZH_T34_1719_01b:0164c14_11	何以故？	01b	何 以 故  
ZH_T34_1719_01b:0164c15_11	世無二佛、國無二王，一佛境界無二尊號。	01b	世 無 二 佛  國 無 二 王  一 佛 境 界 無 二 尊 號  
ZH_T34_1719_01b:0164c16_1	」此山高下亦復不等。	01b	 此 山 高 下 亦 復 不 等  
ZH_T34_1719_01b:0164c16_6	四十七云：	01b	四 十 七 云  
ZH_T34_1719_01b:0164c18_15	「俱留孫佛四日四夜行至山頂，那舍佛三日三夜，迦葉佛二日二夜，釋迦牟尼須臾至頂，並以羅閱祇人行也。	01b	 俱 留 孫 佛 四 日 四 夜 行 至 山 頂  那 舍 佛 三 日 三 夜  迦 葉 佛 二 日 二 夜  釋 迦 牟 尼 須 臾 至 頂  並 以 羅 閱 祇 人 行 也  
ZH_T34_1719_01b:0164c19_6	時漸末，山漸下故。	01b	時 漸 末  山 漸 下 故  
ZH_T34_1719_01b:0164c20_8	」文闕本迹，應云本住三德大涅槃山，迹居靈鷲。	01b	 文 闕 本 迹  應 云 本 住 三 德 大 涅 槃 山  迹 居 靈 鷲  
ZH_T34_1719_01b:0164c21_1	又本迹各有靈鷲，〈壽量〉云：	01b	又 本 迹 各 有 靈 鷲   壽 量  云  
ZH_T34_1719_01b:0164c21_12	「常在靈鷲山」，本也。	01b	 常 在 靈 鷲 山   本 也  
ZH_T34_1719_01b:0164c24_11	約觀中，先解王舍中初立觀境，言「心王造舍」者，識陰為王，造業諸心必有心所，今欲消王，且以善惡心王以對無記之舍，故云王造。	01b	約 觀 中  先 解 王 舍 中 初 立 觀 境  言  心 王 造 舍  者  識 陰 為 王  造 業 諸 心 必 有 心 所  今 欲 消 王  且 以 善 惡 心 王 以 對 無 記 之 舍  故 云 王 造  
ZH_T34_1719_01b:0164c26_10	「若析」下，四觀，此示觀解異於他經，應如《止觀》十乘十境，下去皆爾，故注「云云」。	01b	 若 析  下  四 觀  此 示 觀 解 異 於 他 經  應 如  止 觀  十 乘 十 境  下 去 皆 爾  故 注  云 云   
ZH_T34_1719_01b:0164c27_2	後兩重云「若觀」，即後二教觀也。	01b	後 兩 重 云  若 觀   即 後 二 教 觀 也  
ZH_T34_1719_01b:0164c28_2	亦須分別相別不同，具如《止觀》，不可即具。	01b	亦 須 分 別 相 別 不 同  具 如  止 觀   不 可 即 具  
ZH_T34_1719_01b:0164c29_9	約山作觀亦先立觀境，正當觀陰，具如《止觀》第五去文。	01b	約 山 作 觀 亦 先 立 觀 境  正 當 觀 陰  具 如  止 觀  第 五 去 文  
ZH_T34_1719_01b:0165a02_4	別圓觀中既云山即法性，正因法身餘之二德準諸文說，故知此觀不同他見。	01b	別 圓 觀 中 既 云 山 即 法 性  正 因 法 身 餘 之 二 德 準 諸 文 說  故 知 此 觀 不 同 他 見  
ZH_T34_1719_01b:0165a03_13	所以又約山為觀者，山城雖殊同是依報，是故約之以觀正報。	01b	所 以 又 約 山 為 觀 者  山 城 雖 殊 同 是 依 報  是 故 約 之 以 觀 正 報  
ZH_T34_1719_01b:0165a05_3	又諸觀境不出五陰，今此山等約陰便故，以諸文中直云境智。	01b	又 諸 觀 境 不 出 五 陰  今 此 山 等 約 陰 便 故  以 諸 文 中 直 云 境 智  
ZH_T34_1719_01b:0165a07_8	「自住其中」等者，以《大經》及此經意共為自他，定慧力莊嚴即自住其中，以此度眾生即安置諸子。	01b	 自 住 其 中  等 者  以  大 經  及 此 經 意 共 為 自 他  定 慧 力 莊 嚴 即 自 住 其 中  以 此 度 眾 生 即 安 置 諸 子  
ZH_T34_1719_01b:0165a10_2	「云云」者，亦應於此以辨二觀同異之相，方便正修簡境及心，并對前二以辨權實等，乃至四觀亦須開顯等也。	01b	 云 云  者  亦 應 於 此 以 辨 二 觀 同 異 之 相  方 便 正 修 簡 境 及 心  并 對 前 二 以 辨 權 實 等  乃 至 四 觀 亦 須 開 顯 等 也  
ZH_T34_1719_01b:0165a11_14	次釋「中」字，既在山城之中，因緣等四具如彼釋，今但消「中」字義耳。	01b	次 釋  中  字  既 在 山 城 之 中  因 緣 等 四 具 如 彼 釋  今 但 消  中  字 義 耳  
ZH_T34_1719_01b:0165a12_7	欲更說之，先約所表以具四悉：	01b	欲 更 說 之  先 約 所 表 以 具 四 悉  
ZH_T34_1719_01b:0165a12_16	常好中道，赴欲也；	01b	常 好 中 道  赴 欲 也  
ZH_T34_1719_01b:0165a13_9	升中天、中日降，為人也；	01b	升 中 天  中 日 降  為 人 也  
ZH_T34_1719_01b:0165a13_17	中夜滅，對治也；	01b	中 夜 滅  對 治 也  
ZH_T34_1719_01b:0165a14_4	說中道，第一義也。	01b	說 中 道  第 一 義 也  
ZH_T34_1719_01b:0165a15_1	諸教皆有中道，但有有體無體之殊。	01b	諸 教 皆 有 中 道  但 有 有 體 無 體 之 殊  
ZH_T34_1719_01b:0165a16_1	本迹者，觀圓理本中也，示離斷常迹中也。	01b	本 迹 者  觀 圓 理 本 中 也  示 離 斷 常 迹 中 也  
ZH_T34_1719_01b:0165a17_4	今經是開顯之中，若約觀者，即空即中，具二中也。	01b	今 經 是 開 顯 之 中  若 約 觀 者  即 空 即 中  具 二 中 也  
ZH_T34_1719_01b:0165a18_100	法華文句記卷第一中	01b	法 華 文 句 記 卷 第 一 中 
