segmentnr	original	folio	analyzed
ZH_X72_1435_035:0378a20	無異禪師廣錄卷第三十五	035	無 異 禪 師 廣 錄 卷 第 三 十 五 
ZH_X72_1435_035:0378a21	博山和尚傳	035	博 山 和 尚 傳 
ZH_X72_1435_035:0378a22	弟子　智達劉日杲　撰	035	弟 子  智 達 劉 日 杲  撰 
ZH_X72_1435_035:0378a23	博山和尚者。舒城人也。諱大艤。字無異。人咸稱為無	035	博 山 和 尚 者  舒 城 人 也  諱 大 艤  字 無 異  人 咸 稱 為 無 
ZH_X72_1435_035:0378a24	異禪師云。族姓沙。其父太公取姚氏。生和尚也。輙不	035	異 禪 師 云  族 姓 沙  其 父 太 公 取 姚 氏  生 和 尚 也  輙 不 
ZH_X72_1435_035:0378b01	得食酒肉乳和尚。否則不為食。越七月而母死。使它	035	得 食 酒 肉 乳 和 尚  否 則 不 為 食  越 七 月 而 母 死  使 它 
ZH_X72_1435_035:0378b02	人婦有子者乳之。易數人皆不肯食。太公日糜榛栗	035	人 婦 有 子 者 乳 之  易 數 人 皆 不 肯 食  太 公 日 糜 榛 栗 
ZH_X72_1435_035:0378b03	食和尚。和尚得不死。葢神異焉。少長能飲食。更不飲	035	食 和 尚  和 尚 得 不 死  葢 神 異 焉  少 長 能 飲 食  更 不 飲 
ZH_X72_1435_035:0378b04	酒及肉食也。嘗與鄰兒嬉戲。為一兒所撲仆折齒。太	035	酒 及 肉 食 也  嘗 與 鄰 兒 嬉 戲  為 一 兒 所 撲 仆 折 齒  太 
ZH_X72_1435_035:0378b05	公性故嚴毅。和尚懼其詬。鄰兒也遂噀血。歸而詳告	035	公 性 故 嚴 毅  和 尚 懼 其 詬  鄰 兒 也 遂 噀 血  歸 而 詳 告 
ZH_X72_1435_035:0378b06	它故。太公得不怒。慈惠葢天性云。年十六。矢志出家。	035	它 故  太 公 得 不 怒  慈 惠 葢 天 性 云  年 十 六  矢 志 出 家  
ZH_X72_1435_035:0378b07	之金陵瓦棺寺。聽講法華。慨然曰。求之在我。豈可循	035	之 金 陵 瓦 棺 寺  聽 講 法 華  慨 然 曰  求 之 在 我  豈 可 循 
ZH_X72_1435_035:0378b08	文逐句哉。遂去。之建武禮五臺通法師。薙髮受業。脩	035	文 逐 句 哉  遂 去  之 建 武 禮 五 臺 通 法 師  薙 髮 受 業  脩 
ZH_X72_1435_035:0378b09	智者止觀之道。甞露坐松下。不知晨夜蚊蚋集軀。如	035	智 者 止 觀 之 道  甞 露 坐 松 下  不 知 晨 夜 蚊 蚋 集 軀  如 
ZH_X72_1435_035:0378b10	唼槁木。內焉不知有血肉身心。外焉不見有山河大	035	唼 槁 木  內 焉 不 知 有 血 肉 身 心  外 焉 不 見 有 山 河 大 
ZH_X72_1435_035:0378b11	地也。如是五年。寒暑罔輟已。而詣超華山。從洪法師	035	地 也  如 是 五 年  寒 暑 罔 輟 已  而 詣 超 華 山  從 洪 法 師 
ZH_X72_1435_035:0378b12	受比丘律。是時壽昌經大師。方居峩峯。揚曹洞之法。	035	受 比 丘 律  是 時 壽 昌 經 大 師  方 居 峩 峯  揚 曹 洞 之 法  
ZH_X72_1435_035:0378b13	和尚聞其名。往謁焉。見壽昌。荷鋤戴笠。狀類田父。輙	035	和 尚 聞 其 名  往 謁 焉  見 壽 昌  荷 鋤 戴 笠  狀 類 田 父  輙 
ZH_X72_1435_035:0378b14	心疑之。遂入閩光澤。居白雲峯三年。以所得著書。呈	035	心 疑 之  遂 入 閩 光 澤  居 白 雲 峯 三 年  以 所 得 著 書  呈 
ZH_X72_1435_035:0378b15	壽昌。壽昌以書報之。謂其非第一義。和尚始爽然自	035	壽 昌  壽 昌 以 書 報 之  謂 其 非 第 一 義  和 尚 始 爽 然 自 
ZH_X72_1435_035:0378b16	失也。遂焚香禮拜。毀其藁。不復示人。益潛心宗乘。閱	035	失 也  遂 焚 香 禮 拜  毀 其 藁  不 復 示 人  益 潛 心 宗 乘  閱 
ZH_X72_1435_035:0378b17	船子藏身語。疑情頓發。至忘寢食。居歲餘。忽見趙州	035	船 子 藏 身 語  疑 情 頓 發  至 忘 寢 食  居 歲 餘  忽 見 趙 州 
ZH_X72_1435_035:0378b18	囑僧語。恍然有得。走見壽昌。時壽昌。已從峩峯徙寶	035	囑 僧 語  恍 然 有 得  走 見 壽 昌  時 壽 昌  已 從 峩 峯 徙 寶 
ZH_X72_1435_035:0378b19	方矣。語次頗離微不合。遂居寶方。力求道要。幾至委	035	方 矣  語 次 頗 離 微 不 合  遂 居 寶 方  力 求 道 要  幾 至 委 
ZH_X72_1435_035:0378b20	頓。面目黧黑。膚僅支骨。而精進不衰。一日壽昌受玉	035	頓  面 目 黧 黑  膚 僅 支 骨  而 精 進 不 衰  一 日 壽 昌 受 玉 
ZH_X72_1435_035:0378b21	山請。欲與和尚偕行。和尚不肯往。曰暑甚安事僕僕	035	山 請  欲 與 和 尚 偕 行  和 尚 不 肯 往  曰 暑 甚 安 事 僕 僕 
ZH_X72_1435_035:0378b22	也。壽昌曰。今日當有人為女說法。令女疾悟。遂行。途	035	也  壽 昌 曰  今 日 當 有 人 為 女 說 法  令 女 疾 悟  遂 行  途 
ZH_X72_1435_035:0378b23	次論君臣五位之旨。和尚語刺刺不休。壽昌皆然之。	035	次 論 君 臣 五 位 之 旨  和 尚 語 刺 刺 不 休  壽 昌 皆 然 之  
ZH_X72_1435_035:0378b24	既而謂和尚曰。佛印螘尋腥蠅逐臭語。為君位事臣	035	既 而 謂 和 尚 曰  佛 印 螘 尋 腥 蠅 逐 臭 語  為 君 位 事 臣 
ZH_X72_1435_035:0378c01	位事。和尚曰。臣邊事。壽昌呵之曰。大有人笑女在。至	035	位 事  和 尚 曰  臣 邊 事  壽 昌 呵 之 曰  大 有 人 笑 女 在  至 
ZH_X72_1435_035:0378c02	玉山和尚。趺坐石上。忽聞神像仆地。中心豁然。急作	035	玉 山 和 尚  趺 坐 石 上  忽 聞 神 像 仆 地  中 心 豁 然  急 作 
ZH_X72_1435_035:0378c03	頌呈壽昌。(頌曰。玉山誘一言。心灰語路絕。幾多玄解會。如沸湯澆雪。沒巴鼻金針。好因緣時節。	035	頌 呈 壽 昌   頌 曰  玉 山 誘 一 言  心 灰 語 路 絕  幾 多 玄 解 會  如 沸 湯 澆 雪  沒 巴 鼻 金 針  好 因 緣 時 節  
ZH_X72_1435_035:0378c04	梅蕋綻枯枝。桃花開九月。觸目如休辨。別急水灘頭。拋探篙溺殺。無數英雄客)壽昌曰。子一	035	梅 蕋 綻 枯 枝  桃 花 開 九 月  觸 目 如 休 辨  別 急 水 灘 頭  拋 探 篙 溺 殺  無 數 英 雄 客  壽 昌 曰  子 一 
ZH_X72_1435_035:0378c05	到多門又到門。和尚益自厲。歸坐一小樓。朝夕不寐。	035	到 多 門 又 到 門  和 尚 益 自 厲  歸 坐 一 小 樓  朝 夕 不 寐  
ZH_X72_1435_035:0378c06	復居歲餘。一日如廁。見人緣木。遂悟至道。疾走見壽	035	復 居 歲 餘  一 日 如 廁  見 人 緣 木  遂 悟 至 道  疾 走 見 壽 
ZH_X72_1435_035:0378c07	昌和尚。所居去寶方寺數十里。須臾而至。幾不知足	035	昌 和 尚  所 居 去 寶 方 寺 數 十 里  須 臾 而 至  幾 不 知 足 
ZH_X72_1435_035:0378c08	之蹈之也。入門。壽昌方當戶而坐。見和尚至狀異平	035	之 蹈 之 也  入 門  壽 昌 方 當 戶 而 坐  見 和 尚 至 狀 異 平 
ZH_X72_1435_035:0378c09	日。因迎問曰。子近日如何。和尚曰。有條活路。不許人	035	日  因 迎 問 曰  子 近 日 如 何  和 尚 曰  有 條 活 路  不 許 人 
ZH_X72_1435_035:0378c10	知。壽昌曰。因甚不許人知。和尚曰。不知不知。壽昌曰。	035	知  壽 昌 曰  因 甚 不 許 人 知  和 尚 曰  不 知 不 知  壽 昌 曰  
ZH_X72_1435_035:0378c11	婆子云何燒菴逐僧。和尚曰。黃金增色耳。昌壽因舉	035	婆 子 云 何 燒 菴 逐 僧  和 尚 曰  黃 金 增 色 耳  昌 壽 因 舉 
ZH_X72_1435_035:0378c12	龍吟虎嘯語。命和尚頌。和尚援筆疾書以呈。(頌曰。殺活爭雄	035	龍 吟 虎 嘯 語  命 和 尚 頌  和 尚 援 筆 疾 書 以 呈   頌 曰  殺 活 爭 雄 
ZH_X72_1435_035:0378c13	各有奇。模糊肉眼曷能知。吐光不遂時流意。依舊春風逐馬蹄)壽昌笑曰。子今日始	035	各 有 奇  模 糊 肉 眼 曷 能 知  吐 光 不 遂 時 流 意  依 舊 春 風 逐 馬 蹄  壽 昌 笑 曰  子 今 日 始 
ZH_X72_1435_035:0378c14	信吾不女欺也。和尚曰。向後還有事也無。壽昌曰。老	035	信 吾 不 女 欺 也  和 尚 曰  向 後 還 有 事 也 無  壽 昌 曰  老 
ZH_X72_1435_035:0378c15	僧祇知二時粥飯。不復知有向後事。又問。壽昌曰。女	035	僧 祇 知 二 時 粥 飯  不 復 知 有 向 後 事  又 問  壽 昌 曰  女 
ZH_X72_1435_035:0378c16	後得坐披衣。幸無籌策足矣。遂命秉拂。贈之以偈。(偈曰。	035	後 得 坐 披 衣  幸 無 籌 策 足 矣  遂 命 秉 拂  贈 之 以 偈   偈 曰  
ZH_X72_1435_035:0378c17	本然清淨更如然。契證多生值有緣。觸目渾融皆至妙。通身作用總虛玄。五宗極則機齊貫。三藏精微理共圓。	035	本 然 清 淨 更 如 然  契 證 多 生 值 有 緣  觸 目 渾 融 皆 至 妙  通 身 作 用 總 虛 玄  五 宗 極 則 機 齊 貫  三 藏 精 微 理 共 圓  
ZH_X72_1435_035:0378c18	不礙古今凡聖事。如來禪合祖師禪)時和尚方二十七歲。聞鵞湖心大	035	不 礙 古 今 凡 聖 事  如 來 禪 合 祖 師 禪  時 和 尚 方 二 十 七 歲  聞 鵞 湖 心 大 
ZH_X72_1435_035:0378c19	師。以雲棲宏大師神足。授律鵞湖。往受菩薩毗尼。鵞	035	師  以 雲 棲 宏 大 師 神 足  授 律 鵞 湖  往 受 菩 薩 毗 尼  鵞 
ZH_X72_1435_035:0378c20	湖興者十年。弟子三百餘人。初不置首座也。和尚至。	035	湖 興 者 十 年  弟 子 三 百 餘 人  初 不 置 首 座 也  和 尚 至  
ZH_X72_1435_035:0378c21	即留為首座。作偈贈之。(偈曰。鵞湖十載虛元位。一旦緣何立少年。兩個眉毛八個	035	即 留 為 首 座  作 偈 贈 之   偈 曰  鵞 湖 十 載 虛 元 位  一 旦 緣 何 立 少 年  兩 個 眉 毛 八 個 
ZH_X72_1435_035:0378c22	繓。須知佛祖不容前)厥後三禮雲棲。雲棲遇和尚殊優至。因書	035	繓  須 知 佛 祖 不 容 前  厥 後 三 禮 雲 棲  雲 棲 遇 和 尚 殊 優 至  因 書 
ZH_X72_1435_035:0378c23	演暢真乘數字贈之。居鵞湖者六月。即還入閩。圓上	035	演 暢 真 乘 數 字 贈 之  居 鵞 湖 者 六 月  即 還 入 閩  圓 上 
ZH_X72_1435_035:0378c24	座與從父廣文君崇慶。因于鵞湖。見和尚也。輙心折	035	座 與 從 父 廣 文 君 崇 慶  因 于 鵞 湖  見 和 尚 也  輙 心 折 
ZH_X72_1435_035:0379a01	之。因謀所以致和尚者。圓上座遂重繭入閩。請和尚。	035	之  因 謀 所 以 致 和 尚 者  圓 上 座 遂 重 繭 入 閩  請 和 尚  
ZH_X72_1435_035:0379a02	和尚乃與照監院正首座等八人。至信州。初遊西巖。	035	和 尚 乃 與 照 監 院 正 首 座 等 八 人  至 信 州  初 遊 西 巖  
ZH_X72_1435_035:0379a03	居四十餘日。嘗無所得。食則采野蔌為羮。怡然甚樂。	035	居 四 十 餘 日  嘗 無 所 得  食 則 采 野 蔌 為 羮  怡 然 甚 樂  
ZH_X72_1435_035:0379a04	既而居祖印院者七月。乃遷博山。博山故韶國師道	035	既 而 居 祖 印 院 者 七 月  乃 遷 博 山  博 山 故 韶 國 師 道 
ZH_X72_1435_035:0379a05	場。荒廢日久。寺僧皆肉食者流。廣文君倡諸縉紳。偕	035	場  荒 廢 日 久  寺 僧 皆 肉 食 者 流  廣 文 君 倡 諸 縉 紳  偕 
ZH_X72_1435_035:0379a06	寺僧請和尚。和尚至。則誅茅為屋。僅足容[邱-丘+黍]。而禪律	035	寺 僧 請 和 尚  和 尚 至  則 誅 茅 為 屋  僅 足 容 [邱丘黍]  而 禪 律 
ZH_X72_1435_035:0379a07	並行。蹶然興起。鵞湖聞和尚居博山。即以授戒儀軌	035	並 行  蹶 然 興 起  鵞 湖 聞 和 尚 居 博 山  即 以 授 戒 儀 軌 
ZH_X72_1435_035:0379a08	[田/廾]之。是時沈大參蒸趙司李士禎。俱從事佛乘。交重	035	[田廾] 之  是 時 沈 大 參 蒸 趙 司 李 士 禎  俱 從 事 佛 乘  交 重 
ZH_X72_1435_035:0379a09	和尚也。而和尚道日隆。旋入邵武。葺廣福寶安二蘭	035	和 尚 也  而 和 尚 道 日 隆  旋 入 邵 武  葺 廣 福 寶 安 二 蘭 
ZH_X72_1435_035:0379a10	若。受化者各數百人。和尚乃使正首座居廣福。而自	035	若  受 化 者 各 數 百 人  和 尚 乃 使 正 首 座 居 廣 福  而 自 
ZH_X72_1435_035:0379a11	歸博山。闢草建剎。漸成精藍。居亡何。壽昌以應董巖	035	歸 博 山  闢 草 建 剎  漸 成 精 藍  居 亡 何  壽 昌 以 應 董 巖 
ZH_X72_1435_035:0379a12	請。不暇往。遂以書趣和尚。為升座說法。和尚乃往。大	035	請  不 暇 往  遂 以 書 趣 和 尚  為 升 座 說 法  和 尚 乃 往  大 
ZH_X72_1435_035:0379a13	闡宗風。辯才無礙。趙文學光孚歎曰。此真壽昌兒也。	035	闡 宗 風  辯才無礙  趙 文 學 光 孚 歎 曰  此 真 壽 昌 兒 也  
ZH_X72_1435_035:0379a14	繼登仰山。再轉法輪。還博山。而弟子益進。朔既燕都。	035	繼 登 仰 山  再 轉 法 輪  還 博 山  而 弟 子 益 進  朔 既 燕 都  
ZH_X72_1435_035:0379a15	南盡交趾。望風而至者。歲以千計。和尚垂四問。以騐	035	南 盡 交 趾  望 風 而 至 者  歲 以 千 計  和 尚 垂 四 問  以 騐 
ZH_X72_1435_035:0379a16	四方。禪那多如枘鑿。又誾首座至。和尚見其機頴不	035	四 方  禪 那 多 如 枘 鑿  又 誾 首 座 至  和 尚 見 其 機 頴 不 
ZH_X72_1435_035:0379a17	凡。遂令閉關。時加警策。居六年。以偈呈和尚。和尚曰。	035	凡  遂 令 閉 關  時 加 警 策  居 六 年  以 偈 呈 和 尚  和 尚 曰  
ZH_X72_1435_035:0379a18	是將師子吼者。乃令出關。以偈贈之。(偈曰。始行大事六年雪。頓入圓	035	是 將 師 子 吼 者  乃 令 出 關  以 偈 贈 之   偈 曰  始 行 大 事 六 年 雪  頓 入 圓 
ZH_X72_1435_035:0379a19	明一片冰。今日幸親無縫塔。掣開關鎻萬千層)置為首座。(偈曰。匡扶大法賴吾儕。正眼從茲觸	035	明 一 片 冰  今 日 幸 親 無 縫 塔  掣 開 關 鎻 萬 千 層  置 為 首 座   偈 曰  匡 扶 大 法 賴 吾 儕  正 眼 從 茲 觸 
ZH_X72_1435_035:0379a20	處開。肯信座元一具地。一花端有一如來)嗣是登壇說法時。參揚扢。如見	035	處 開  肯 信 座 元 一 具 地  一 花 端 有 一 如 來  嗣 是 登 壇 說 法 時  參 揚 扢  如 見 
ZH_X72_1435_035:0379a21	微笑之風。和尚嘗教從父廣文君。參船子藏身語。忽	035	微 笑 之 風  和 尚 嘗 教 從 父 廣 文 君  參 船 子 藏 身 語  忽 
ZH_X72_1435_035:0379a22	病中有得。拈唐人詩為頌。和尚笑頷之。(頌曰。雨前初見花間蕋。雨	035	病 中 有 得  拈 唐 人 詩 為 頌  和 尚 笑 頷 之   頌 曰  雨 前 初 見 花 間 蕋  雨 
ZH_X72_1435_035:0379a23	後全無葉底花。蜂蝶紛紛過墻去。却疑春色在鄰家)太末詹觀察在泮。聞和尚	035	後 全 無 葉 底 花  蜂 蝶 紛 紛 過 墻 去  却 疑 春 色 在 鄰 家  太 末 詹 觀 察 在 泮  聞 和 尚 
ZH_X72_1435_035:0379a24	名。請和尚。居惠安寺。和尚曰。予與劉君。為布衣交。奈	035	名  請 和 尚  居 惠 安 寺  和 尚 曰  予 與 劉 君  為 布 衣 交  奈 
ZH_X72_1435_035:0379b01	何舍就公乎。觀察知不可彊。乃請圓上座居之。和尚	035	何 舍 就 公 乎  觀 察 知 不 可 彊  乃 請 圓 上 座 居 之  和 尚 
ZH_X72_1435_035:0379b02	既出家。與太公不相聞。及和尚名大著。太公始知和	035	既 出 家  與 太 公 不 相 聞  及 和 尚 名 大 著  太 公 始 知 和 
ZH_X72_1435_035:0379b03	尚尚在。因至博山相見。悲喜交集。曰詎意。公至是者	035	尚 尚 在  因 至 博 山 相 見  悲 喜 交 集  曰 詎 意  公 至 是 者 
ZH_X72_1435_035:0379b04	和尚因孝養備至。且宛為勸諭太公。得斷肉食。歲餘	035	和 尚 因 孝 養 備 至  且 宛 為 勸 諭 太 公  得 斷 肉 食  歲 餘 
ZH_X72_1435_035:0379b05	而歸。時郡侯故和尚弟子。為具舟送之。至累月而太	035	而 歸  時 郡 侯 故 和 尚 弟 子  為 具 舟 送 之  至 累 月 而 太 
ZH_X72_1435_035:0379b06	公卒。和尚因歸展墓。道懷寧人人。焚香導迎。瞻禮恐	035	公 卒  和 尚 因 歸 展 墓  道 懷 寧 人 人  焚 香 導 迎  瞻 禮 恐 
ZH_X72_1435_035:0379b07	後。劉太史若宰。時方為諸生。偕其兄弟。禮和尚為師	035	後  劉 太 史 若 宰  時 方 為 諸 生  偕 其 兄 弟  禮 和 尚 為 師 
ZH_X72_1435_035:0379b08	求度。和尚曰。公神氣凝靜。當得上第。為法苑干城。出	035	求 度  和 尚 曰  公 神 氣 凝 靜  當 得 上 第  為 法 苑 干 城  出 
ZH_X72_1435_035:0379b09	家須異日爾。因為授菩薩戒。太史著十問。論宗教異	035	家 須 異 日 爾  因 為 授 菩 薩 戒  太 史 著 十 問  論 宗 教 異 
ZH_X72_1435_035:0379b10	同之旨。和尚憑几裁答。慧辯雲興。語具書中。明年太	035	同 之 旨  和 尚 憑 几 裁 答  慧 辯 雲 興  語 具 書 中  明 年 太 
ZH_X72_1435_035:0379b11	史舉進士第。一一如和尚語。其它學士大夫文學布	035	史 舉 進 士 第  一 一 如 和 尚 語  其 它 學 士 大 夫 文 學 布 
ZH_X72_1435_035:0379b12	衣。禮足求戒者。動至數萬。過桐城。幢葢迎者倍。懷寧	035	衣  禮 足 求 戒 者  動 至 數 萬  過 桐 城  幢 葢 迎 者 倍  懷 寧 
ZH_X72_1435_035:0379b13	道路。駢闐至有不得見者。吳庶子應賓。夙參雲棲。自	035	道 路  駢 闐 至 有 不 得 見 者  吳 庶 子 應 賓  夙 參 雲 棲  自 
ZH_X72_1435_035:0379b14	負知識。來參和尚請益。和尚曰。覩公所著頌。深入禪	035	負 知 識  來 參 和 尚 請 益  和 尚 曰  覩 公 所 著 頌  深 入 禪 
ZH_X72_1435_035:0379b15	理。第解耳語。于悟猶未也。庶子曰。云何。和尚曰。燒菴	035	理  第 解 耳 語  于 悟 猶 未 也  庶 子 曰  云 何  和 尚 曰  燒 菴 
ZH_X72_1435_035:0379b16	頌云爾。(頌曰。寒巖枯木太僧生。說道無情却有情。煙滅。灰飛成露地。閒花野草任縱橫)得無	035	頌 云 爾   頌 曰  寒 巖 枯 木 太 僧 生  說 道 無 情 却 有 情  煙 滅  灰 飛 成 露 地  閒 花 野 草 任 縱 橫  得 無 
ZH_X72_1435_035:0379b17	不肯是僧邪。庶子曰。然。和尚曰。吾故謂公乃解也。庶	035	不 肯 是 僧 邪  庶 子 曰  然  和 尚 曰  吾 故 謂 公 乃 解 也  庶 
ZH_X72_1435_035:0379b18	子始心服。願廁弟子列。受菩薩毗尼焉。鞭影頻加。絕	035	子 始 心 服  願 廁 弟 子 列  受 菩 薩 毗 尼 焉  鞭 影 頻 加  絕 
ZH_X72_1435_035:0379b19	塵而犇矣。是時縉紳先生。雲集景附。方太史拱乾數	035	塵 而 犇 矣  是 時 縉 紳 先 生  雲 集 景 附  方 太 史 拱 乾 數 
ZH_X72_1435_035:0379b20	十輩。皆皈蓮座。深[(歹*又)/食]法喜。因請登浮山說法也。至舒	035	十 輩  皆 皈 蓮 座  深 [歹又食] 法 喜  因 請 登 浮 山 說 法 也  至 舒 
ZH_X72_1435_035:0379b21	城謁太公墓。吳庶子及其同輩。具蔬果。為太公設祭。	035	城 謁 太 公 墓  吳 庶 子 及 其 同 輩  具 蔬 果  為 太 公 設 祭  
ZH_X72_1435_035:0379b22	諸文學多從。和尚至舒城者。舒城人且競奔。墓次瞻	035	諸 文 學 多 從  和 尚 至 舒 城 者  舒 城 人 且 競 奔  墓 次 瞻 
ZH_X72_1435_035:0379b23	禮和尚。墓前僅餘席地。和尚得成禮而已。一時蹂踐。	035	禮 和 尚  墓 前 僅 餘 席 地  和 尚 得 成 禮 而 已  一 時 蹂 踐  
ZH_X72_1435_035:0379b24	墓為不封。和尚歸道。桐城懷寧。其導迎益倍。昔時葢	035	墓 為 不 封  和 尚 歸 道  桐 城 懷 寧  其 導 迎 益 倍  昔 時 葢 
ZH_X72_1435_035:0379c01	苾蒭白衣。皈心受戒者。無慮千萬人。天啟丁卯冬。余	035	苾 蒭 白 衣  皈 心 受 戒 者  無 慮 千 萬 人  天 啟 丁 卯 冬  余 
ZH_X72_1435_035:0379c02	冏卿大成。來博山參和尚。冏卿固夙窺禪理。輙維摩	035	冏 卿 大 成  來 博 山 參 和 尚  冏 卿 固 夙 窺 禪 理  輙 維 摩 
ZH_X72_1435_035:0379c03	自居。初見猶不肯下。迨與語信宿。冏卿如醉醍醐。始	035	自 居  初 見 猶 不 肯 下  迨 與 語 信 宿  冏 卿 如 醉 醍 醐  始 
ZH_X72_1435_035:0379c04	求為弟子。繾綣倍至。及去和尚曰。此真具隻眼人也。	035	求 為 弟 子  繾 綣 倍 至  及 去 和 尚 曰  此 真 具 隻 眼 人 也  
ZH_X72_1435_035:0379c05	先時閩中曹大參學佺數十人。請和尚至鼓山。和尚	035	先 時 閩 中 曹 大 參 學 佺 數 十 人  請 和 尚 至 鼓 山  和 尚 
ZH_X72_1435_035:0379c06	謝不行。是歲固請。乃[遄-而+王]過劒州道路。爭為參禮。不殊	035	謝 不 行  是 歲 固 請  乃 [遄而王] 過 劒 州 道 路  爭 為 參 禮  不 殊 
ZH_X72_1435_035:0379c07	往舒城時。去鼓山三十里許。有洲。常暵涸船為不通。	035	往 舒 城 時  去 鼓 山 三 十 里 許  有 洲  常 暵 涸 船 為 不 通  
ZH_X72_1435_035:0379c08	必海潮至。船始得過。和尚乃以冬月行。又非潮期。水	035	必 海 潮 至  船 始 得 過  和 尚 乃 以 冬 月 行  又 非 潮 期  水 
ZH_X72_1435_035:0379c09	遽漲溢。和尚船既度。仍涸如故。既至。揮麈據席。音如	035	遽 漲 溢  和 尚 船 既 度  仍 涸 如 故  既 至  揮 麈 據 席  音 如 
ZH_X72_1435_035:0379c10	潮吼。來集者。數千餘人歸。而博山名。益著于天下。故	035	潮 吼  來 集 者  數 千 餘 人 歸  而 博 山 名  益 著 于 天 下  故 
ZH_X72_1435_035:0379c11	壽昌弟子黃司李端伯。久習禪要。壽昌入滅。即皈禮	035	壽 昌 弟 子 黃 司 李 端 伯  久 習 禪 要  壽 昌 入 滅  即 皈 禮 
ZH_X72_1435_035:0379c12	和尚也。別數年。走博山謁和尚。與之語幾超乘焉。余	035	和 尚 也  別 數 年  走 博 山 謁 和 尚  與 之 語 幾 超 乘 焉  余 
ZH_X72_1435_035:0379c13	冏卿既歸。知正法有在。欲得和尚之金陵。乃糾合徐	035	冏 卿 既 歸  知 正 法 有 在  欲 得 和 尚 之 金 陵  乃 糾 合 徐 
ZH_X72_1435_035:0379c14	魏公弘基及諸薦紳。以書幣介陳文學。丹衷來迎。和	035	魏 公 弘 基 及 諸 薦 紳  以 書 幣 介 陳 文 學  丹 衷 來 迎  和 
ZH_X72_1435_035:0379c15	尚道所經處。導迎之儀。益倍桐城。至金陵居天界寺。	035	尚 道 所 經 處  導 迎 之 儀  益 倍 桐 城  至 金 陵 居 天 界 寺  
ZH_X72_1435_035:0379c16	寺故廣袤數十里。可容數百萬人。是時冠履相趾。寺	035	寺 故 廣 袤 數 十 里  可 容 數 百 萬 人  是 時 冠 履 相 趾  寺 
ZH_X72_1435_035:0379c17	為之小。香積之費。日至鉅萬。人各一蔬一飯而已。魏	035	為 之 小  香 積 之 費  日 至 鉅 萬  人 各 一 蔬 一 飯 而 已  魏 
ZH_X72_1435_035:0379c18	公初度日。禮和尚。登座說法。是日金陵人。皆見白玉	035	公 初 度 日  禮 和 尚  登 座 說 法  是 日 金 陵 人  皆 見 白 玉 
ZH_X72_1435_035:0379c19	光映天界寺處。甚有見四天王現身雲端者。姑蘇劉	035	光 映 天 界 寺 處  甚 有 見 四 天 王 現 身 雲 端 者  姑 蘇 劉 
ZH_X72_1435_035:0379c20	監軍錫玄。素慕和尚。聞和尚在金陵。走謁焉。詢以台	035	監 軍 錫 玄  素 慕 和 尚  聞 和 尚 在 金 陵  走 謁 焉  詢 以 台 
ZH_X72_1435_035:0379c21	教。辯如懸河。和尚為剖疑義。更示以別傳之道。監軍	035	教  辯 如 懸 河  和 尚 為 剖 疑 義  更 示 以 別 傳 之 道  監 軍 
ZH_X72_1435_035:0379c22	窅然自喪。和尚歸。送至蕪湖始還。余冏卿留連江干	035	窅 然 自 喪  和 尚 歸  送 至 蕪 湖 始 還  余 冏 卿 留 連 江 干 
ZH_X72_1435_035:0379c23	不忍去。和尚笑曰。此別何足惜。明年秋乃別公耳。壽	035	不 忍 去  和 尚 笑 曰  此 別 何 足 惜  明 年 秋 乃 別 公 耳  壽 
ZH_X72_1435_035:0379c24	昌入滅者十年。和尚往禮墖。過董巖。趙文學子來謁。	035	昌 入 滅 者 十 年  和 尚 往 禮 墖  過 董 巖  趙 文 學 子 來 謁  
ZH_X72_1435_035:0380a01	請和尚再至董巖。和尚低徊良久曰。曩非先和尚及	035	請 和 尚 再 至 董 巖  和 尚 低 徊 良 久 曰  曩 非 先 和 尚 及 
ZH_X72_1435_035:0380a02	乃公促余說法。尚須十年。一旦見迫。遂至登座。往來	035	乃 公 促 余 說 法  尚 須 十 年  一 旦 見 迫  遂 至 登 座  往 來 
ZH_X72_1435_035:0380a03	吳越江閩間。三十年于茲矣。出世太早。謝世亦應爾。	035	吳 越 江 閩 間  三 十 年 于 茲 矣  出 世 太 早  謝 世 亦 應 爾  
ZH_X72_1435_035:0380a04	吾其逝乎。語訖長笑而別。還山則與彭博士份楊太	035	吾 其 逝 乎  語 訖 長 笑 而 別  還 山 則 與 彭 博 士 份 楊 太 
ZH_X72_1435_035:0380a05	守聞中謀建浮屠。為身後計。結夏著宗教通說一卷。	035	守 聞 中 謀 建 浮 屠  為 身 後 計  結 夏 著 宗 教 通 說 一 卷  
ZH_X72_1435_035:0380a06	盡抒玄蘊。九月初書成。遂示疾。至十七日。有星大如	035	盡 抒 玄 蘊  九 月 初 書 成  遂 示 疾  至 十 七 日  有 星 大 如 
ZH_X72_1435_035:0380a07	盤。霣方丈鴟吻間。中夜和尚召誾首座。至榻前。反覆	035	盤  霣 方 丈 鴟 吻 間  中 夜 和 尚 召 誾 首 座  至 榻 前  反 覆 
ZH_X72_1435_035:0380a08	宗乘奧義。因相與大笑。次首座問疾語已。(和尚示疾次首座問。	035	宗 乘 奧 義  因 相 與 大 笑  次 首 座 問 疾 語 已   和 尚 示 疾 次 首 座 問  
ZH_X72_1435_035:0380a09	和尚四大安樂否。和尚曰。儘著些受用。問。和尚病誰是不病底。曰熱大作麼。又問。末後一段光明如何垂示。曰。	035	和 尚 四 大 安 樂 否  和 尚 曰  儘 著 些 受 用  問  和 尚 病 誰 是 不 病 底  曰 熱 大 作 麼  又 問  末 後 一 段 光 明 如 何 垂 示  曰  
ZH_X72_1435_035:0380a10	問者事作麼)進問和尚。去來自在云何。和尚索筆大書曰。	035	問 者 事 作 麼  進 問 和 尚  去 來 自 在 云 何  和 尚 索 筆 大 書 曰  
ZH_X72_1435_035:0380a11	歷歷分明。擲筆趺坐而逝。世壽五十有六。法臘四十	035	歷 歷 分 明  擲 筆 趺 坐 而 逝  世 壽 五 十 有 六  法 臘 四 十 
ZH_X72_1435_035:0380a12	有一。嵩上座集其語。為賸錄若干卷。行于世。大弟子	035	有 一  嵩 上 座 集 其 語  為 賸 錄 若 干 卷  行 于 世  大 弟 子 
ZH_X72_1435_035:0380a13	智誾。飫餐法乳。堪稱入室。成正德業。夙著鈞足。為後	035	智 誾  飫 餐 法 乳  堪 稱 入 室  成 正 德 業  夙 著 鈞 足  為 後 
ZH_X72_1435_035:0380a14	來模範。大忠道柔海納道舟等。皆洪冶之利器。法廐	035	來 模 範  大 忠 道 柔 海 納 道 舟 等  皆 洪 冶 之 利 器  法 廐 
ZH_X72_1435_035:0380a15	之良駒。道恒道嵩弘恩。辭榮入道。精修禪寂。幾幾乎	035	之 良 駒  道 恒 道 嵩 弘 恩  辭 榮 入 道  精 修 禪 寂  幾 幾 乎 
ZH_X72_1435_035:0380a16	截流之香象焉。同居者七百餘人。葢人盡旃檀云。	035	截 流 之 香 象 焉  同 居 者 七 百 餘 人  葢 人 盡 旃 檀 云  
ZH_X72_1435_035:0380a17	贊曰。余小子日杲。得從諸從兄椷栻樾槻。及友人鄭	035	贊 曰  余 小 子 日 杲  得 從 諸 從 兄 椷 栻 樾 槻  及 友 人 鄭 
ZH_X72_1435_035:0380a18	大球大瑗徐植之潘巘楊鳳翥鵬舉之屬。師事和尚	035	大 球 大 瑗 徐 植 之 潘 巘 楊 鳳 翥 鵬 舉 之 屬  師 事 和 尚 
ZH_X72_1435_035:0380a19	也。見其貌甚偉異。如世所圖慈氏少林像。豈其後身	035	也  見 其 貌 甚 偉 異  如 世 所 圖 慈 氏 少 林 像  豈 其 後 身 
ZH_X72_1435_035:0380a20	與。明興二百餘年。宗乘寥寥。得和尚而丕振。猗與盛	035	與  明 興 二 百 餘 年  宗 乘 寥 寥  得 和 尚 而 丕 振  猗 與 盛 
ZH_X72_1435_035:0380a21	哉。禪律不相謀。宗教不相為也。而和尚法嗣壽昌。律	035	哉  禪 律 不 相 謀  宗 教 不 相 為 也  而 和 尚 法 嗣 壽 昌  律 
ZH_X72_1435_035:0380a22	傳鵞湖。殆兼之矣。宜其徧坐名剎。為世仰止聲。且與	035	傳 鵞 湖  殆 兼 之 矣  宜 其 徧 坐 名 剎  為 世 仰 止 聲  且 與 
ZH_X72_1435_035:0380a23	大鑒爭烈也。	035	大 鑒 爭 烈 也  
ZH_X72_1435_035:0380a24	博山和尚傳。	035	博 山 和 尚 傳  
ZH_X72_1435_035:0380b02	中興信州博山能仁禪寺無異大師墖銘并序	035	中 興 信 州 博 山 能 仁 禪 寺 無 異 大 師 墖 銘 并 序 
ZH_X72_1435_035:0380b03	大法垂東。而般若祖翁。有卜世之讖。少之嫩桂林曰。	035	大 法 垂 東  而 般 若 祖 翁  有 卜 世 之 讖  少 之 嫩 桂 林 曰  
ZH_X72_1435_035:0380b04	二株去之。千有餘祀。而我博山無異大師。以壽昌钁	035	二 株 去 之  千 有 餘 祀  而 我 博 山 無 異 大 師  以 壽 昌 钁 
ZH_X72_1435_035:0380b05	頭禪。入于洞山寶鏡三昧。漆園有言。萬世而下。知其	035	頭 禪  入 于 洞 山 寶 鏡 三 昧  漆 園 有 言  萬 世 而 下  知 其 
ZH_X72_1435_035:0380b06	解者。旦暮遇之也。嗣黃檗者。不妨親見馬祖。稟龍樹	035	解 者  旦 暮 遇 之 也  嗣 黃 檗 者  不 妨 親 見 馬 祖  稟 龍 樹 
ZH_X72_1435_035:0380b07	者。復能光啟台宗。誰謂壽昌口生。定非船子法化耶。	035	者  復 能 光 啟 台 宗  誰 謂 壽 昌 口 生  定 非 船 子 法 化 耶  
ZH_X72_1435_035:0380b08	少林記莂。非其地之謂。其人之謂也。師龍舒沙氏子。	035	少 林 記 莂  非 其 地 之 謂  其 人 之 謂 也  師 龍 舒 沙 氏 子  
ZH_X72_1435_035:0380b09	法諱大艤。一諱元來。學者稱無異和尚。生而白衣重	035	法 諱 大 艤  一 諱 元 來  學 者 稱 無 異 和 尚  生 而 白 衣 重 
ZH_X72_1435_035:0380b10	包。[卄/暈]血酒漿。不入于口。夙熏慈忍。兒時匿墮齒。于厥	035	包  [卄暈] 血 酒 漿  不 入 于 口  夙 熏 慈 忍  兒 時 匿 墮 齒  于 厥 
ZH_X72_1435_035:0380b11	翁隣子無恐。而蚤為閔氏孤子舍圉若僧舍悠若。十	035	翁 隣 子 無 恐  而 蚤 為 閔 氏 孤 子 舍 圉 若 僧 舍 悠 若  十 
ZH_X72_1435_035:0380b12	六遊金陵。聞法華于雪浪座下。喟然嘆曰。是法非思	035	六 遊 金 陵  聞 法 華 于 雪 浪 座 下  喟 然 嘆 曰  是 法 非 思 
ZH_X72_1435_035:0380b13	量分別之所能解。聲分別心。何有教外別傳。天牖之	035	量 分 別 之 所 能 解  聲 分 別 心  何 有 教 外 別 傳  天 牖 之 
ZH_X72_1435_035:0380b14	矣。遂禮五臺靜菴通和尚。為出家兒。求智者旋陀羅	035	矣  遂 禮 五 臺 靜 菴 通 和 尚  為 出 家 兒  求 智 者 旋 陀 羅 
ZH_X72_1435_035:0380b15	尼落處。觀心露坐。身土湛如。不知其顙之為噆膚者	035	尼 落 處  觀 心 露 坐  身 土 湛 如  不 知 其 顙 之 為 噆 膚 者 
ZH_X72_1435_035:0380b16	酒也。如是五年。永嘉空相應法。暖相現前。而師根力	035	酒 也  如 是 五 年  永 嘉 空 相 應 法  暖 相 現 前  而 師 根 力 
ZH_X72_1435_035:0380b17	自勸。使為壽昌老人作德雲妙高想。初至峨峰。覩簑	035	自 勸  使 為 壽 昌 老 人 作 德 雲 妙 高 想  初 至 峨 峰  覩 簑 
ZH_X72_1435_035:0380b18	笠翁爾。入閩止光澤之白雲峯。著心經指南。洋洋乎	035	笠 翁 爾  入 閩 止 光 澤 之 白 雲 峯  著 心 經 指 南  洋 洋 乎 
ZH_X72_1435_035:0380b19	幾于兩涯不辨。得峨峰報書。直待飲光破顏。別出相	035	幾 于 兩 涯 不 辨  得 峨 峰 報 書  直 待 飲 光 破 顏  別 出 相 
ZH_X72_1435_035:0380b20	見。始信為過量人。炷香遙禮。矢志宗乘。而船子沒蹤	035	見  始 信 為 過 量 人  炷 香 遙 禮  矢 志 宗 乘  而 船 子 沒 蹤 
ZH_X72_1435_035:0380b21	跡話。從印宗法友。舌端為師門鼓吹。猶未有以難也。	035	跡 話  從 印 宗 法 友  舌 端 為 師 門 鼓 吹  猶 未 有 以 難 也  
ZH_X72_1435_035:0380b22	馳贈伽陀。有低頭始見月孤明之句。而師更念。船子	035	馳 贈 伽 陀  有 低 頭 始 見 月 孤 明 之 句  而 師 更 念  船 子 
ZH_X72_1435_035:0380b23	在藥山之門。何以二十年始得。瞥地疑情頓發。七聖	035	在 藥 山 之 門  何 以 二 十 年 始 得  瞥 地 疑 情 頓 發  七 聖 
ZH_X72_1435_035:0380b24	皆迷。兀兀騰騰。五十旬有半。而於趙州有佛無佛。機	035	皆 迷  兀 兀 騰 騰  五 十 旬 有 半  而 於 趙 州 有佛無佛  機 
ZH_X72_1435_035:0380c01	緣如釋重負。謁壽昌于寶方。多乎呈簡。曾不得其一	035	緣 如 釋 重 負  謁 壽 昌 于 寶 方  多 乎 呈 簡  曾 不 得 其 一 
ZH_X72_1435_035:0380c02	頷。居再閱月。形色枯瘁。望之似木雞矣。從赴玉山。揚	035	頷  居 再 閱 月  形 色 枯 瘁  望 之 似 木 雞 矣  從 赴 玉 山  揚 
ZH_X72_1435_035:0380c03	扢洞宗。時得印可。昌問。佛印偈云。蟻子解尋腥處走。	035	扢 洞 宗  時 得 印 可  昌 問  佛 印 偈 云  蟻 子 解 尋 腥 處 走  
ZH_X72_1435_035:0380c04	青蠅偏向臭邊飛。君耶臣耶。師云。臣邊事。昌呵之曰。	035	青 蠅 偏 向 臭 邊 飛  君 耶 臣 耶  師 云  臣 邊 事  昌 呵 之 曰  
ZH_X72_1435_035:0380c05	大有人咲汝在。師云。前何以是。今何以非。昌云。一非	035	大 有 人 咲 汝 在  師 云  前 何 以 是  今 何 以 非  昌 云  一 非 
ZH_X72_1435_035:0380c06	一切非矣。既達。辟人端居。食頃聞護法神倒地。不覺	035	一 切 非 矣  既 達  辟 人 端 居  食 頃 聞 護 法 神 倒 地  不 覺 
ZH_X72_1435_035:0380c07	心開。呈偈云。玉山誘一言。心灰語路絕。幾多玄解會。	035	心 開  呈 偈 云  玉 山 誘 一 言  心 灰 語 路 絕  幾 多 玄 解 會  
ZH_X72_1435_035:0380c08	如沸湯澆雪。沒巴鼻金鍼。好因緣時節。梅蘃綻枯枝。	035	如 沸 湯 澆 雪  沒 巴 鼻 金 鍼  好 因 緣 時 節  梅 蘃 綻 枯 枝  
ZH_X72_1435_035:0380c09	桃花開九月。觸目如休辨別。急水灘頭拋探篙。溺殺	035	桃 花 開 九 月  觸 目 如 休 辨 別  急 水 灘 頭 拋 探 篙  溺 殺 
ZH_X72_1435_035:0380c10	無限英雄客。昌曰。一到多門又到門。葢解心絕矣。而	035	無 限 英 雄 客  昌 曰  一 到 多 門 又 到 門  葢 解 心 絕 矣  而 
ZH_X72_1435_035:0380c11	命根未斷。別居宗乘堂。又五十旬有半。覩登樹人而	035	命 根 未 斷  別 居 宗 乘 堂  又 五 十 旬 有 半  覩 登 樹 人 而 
ZH_X72_1435_035:0380c12	悟。乃徹源底也。趣謁寶方。入門便拜。昌問。近日如何。	035	悟  乃 徹 源 底 也  趣 謁 寶 方  入 門 便 拜  昌 問  近 日 如 何  
ZH_X72_1435_035:0380c13	師曰。有個活路。不許人知。昌云。因甚不許人知。師曰。	035	師 曰  有 個 活 路  不 許 人 知  昌 云  因 甚 不 許 人 知  師 曰  
ZH_X72_1435_035:0380c14	不知不知。昌舉燒庵趂僧話。問婆子作麼生手眼。師	035	不 知 不 知  昌 舉 燒 庵 趂 僧 話  問 婆 子 作 麼 生 手 眼  師 
ZH_X72_1435_035:0380c15	曰。黃金增色爾。又舉僧問玄則禪師。龍吟霧起虎嘯	035	曰  黃 金 增 色 爾  又 舉 僧 問 玄 則 禪 師  龍 吟 霧 起 虎 嘯 
ZH_X72_1435_035:0380c16	風生公案。命頌之。師援筆立就曰。殺活爭雄各有奇。	035	風 生 公 案  命 頌 之  師 援 筆 立 就 曰  殺 活 爭 雄 各 有 奇  
ZH_X72_1435_035:0380c17	模糊肉眼曷能知。吐光不遂時流意。依舊春風逐馬	035	模 糊 肉 眼 曷 能 知  吐 光 不 遂 時 流 意  依 舊 春 風 逐 馬 
ZH_X72_1435_035:0380c18	啼。昌笑云。子今日始知吾不汝欺也。師問。向後還有	035	啼  昌 笑 云  子 今 日 始 知 吾 不 汝 欺 也  師 問  向 後 還 有 
ZH_X72_1435_035:0380c19	事也無。昌云。老僧只知穿衣喫飯。師曰。豈無方便。昌	035	事 也 無  昌 云  老 僧 只 知 穿 衣 喫 飯  師 曰  豈 無 方 便  昌 
ZH_X72_1435_035:0380c20	云。子後得坐披衣。幸無籌策足矣。因命秉拂。贈以偈	035	云  子 後 得 坐 披 衣  幸 無 籌 策 足 矣  因 命 秉 拂  贈 以 偈 
ZH_X72_1435_035:0380c21	言。本然清淨亘如然。契證多生值有緣。觸目混融皆	035	言  本 然 清 淨 亘 如 然  契 證 多 生 值 有 緣  觸 目 混 融 皆 
ZH_X72_1435_035:0380c22	至妙。通身作用總虗玄。五宗極則機齊貫。三藏精微	035	至 妙  通 身 作 用 總 虗 玄  五 宗 極 則 機 齊 貫  三 藏 精 微 
ZH_X72_1435_035:0380c23	理共圓。不礙古今凡聖事。如來禪合祖師禪。更囑之	035	理 共 圓  不 礙 古 今 凡 聖 事  如 來 禪 合 祖 師 禪  更 囑 之 
ZH_X72_1435_035:0380c24	曰。當以無心。相續正用。盡法行持。詶無報之慈恩。利	035	曰  當 以 無 心  相 續 正 用  盡 法 行 持  詶 無 報 之 慈 恩  利 
ZH_X72_1435_035:0381a01	有緣之正信。而師自是佩離文字印。入正徧知海。香	035	有 緣 之 正 信  而 師 自 是 佩 離 文 字 印  入 正 徧 知 海  香 
ZH_X72_1435_035:0381a02	幢剎土。湧沒毫端。多聞總持。得大無畏。正偏妙挾。圓	035	幢 剎 土  湧 沒 毫 端  多 聞 總 持  得 大 無 畏  正 偏 妙 挾  圓 
ZH_X72_1435_035:0381a03	頓雙銷。不得知五位之為十玄。六相之非三墮矣。宋	035	頓 雙 銷  不 得 知 五 位 之 為 十 玄  六 相 之 非 三 墮 矣  宋 
ZH_X72_1435_035:0381a04	薦福本禪師。甞說法于信州博山之能仁寺。人亡政	035	薦 福 本 禪 師  甞 說 法 于 信 州 博 山 之 能 仁 寺  人 亡 政 
ZH_X72_1435_035:0381a05	熄。剎有典刑。萬曆壬寅。師年二十有八。受豐邑劉孝	035	熄  剎 有 典 刑  萬 曆 壬 寅  師 年 二 十 有 八  受 豐 邑 劉 孝 
ZH_X72_1435_035:0381a06	廉崇慶鄭節推維城楊別駕時芳上足萬融圓輩請。	035	廉 崇 慶 鄭 節 推 維 城 楊 別 駕 時 芳 上 足 萬 融 圓 輩 請  
ZH_X72_1435_035:0381a07	偕八弟子成正等玠等融等處焉。雖草昧乎禪律。威	035	偕 八 弟 子 成 正 等 玠 等 融 等 處 焉  雖 草 昧 乎 禪 律  威 
ZH_X72_1435_035:0381a08	儀居然。三代禮樂。壽昌度于己事而辦。自建陽董巖。	035	儀 居 然  三 代 禮 樂  壽 昌 度 于 己 事 而 辦  自 建 陽 董 巖  
ZH_X72_1435_035:0381a09	遣書者三。屬以代座。師不得已。勉為一眾。舉似家珍。	035	遣 書 者 三  屬 以 代 座  師 不 得 已  勉 為 一 眾  舉 似 家 珍  
ZH_X72_1435_035:0381a10	而博山宗風。遂擅天下。閩越吳楚間。惟一月真無與	035	而 博 山 宗 風  遂 擅 天 下  閩 越 吳 楚 間  惟 一 月 真 無 與 
ZH_X72_1435_035:0381a11	等者。以故六和麋至。四事雲興。久之金碧熒煌。園林	035	等 者  以 故 六 和 麋 至  四 事 雲 興  久 之 金 碧 熒 煌  園 林 
ZH_X72_1435_035:0381a12	葱菁。而踞燈王師子。稱八百人善知識矣。或謂波羅	035	葱 菁  而 踞 燈 王 師 子  稱 八 百 人 善 知 識 矣  或 謂 波 羅 
ZH_X72_1435_035:0381a13	提木叉。不為宗通者說。而師自打落鼻孔。身心羯磨。	035	提 木 叉  不 為 宗 通 者 說  而 師 自 打 落 鼻 孔  身 心 羯 磨  
ZH_X72_1435_035:0381a14	次第具足性遮。皆淨持犯。兼忘甞之。卒然窺以閴爾。	035	次 第 具 足 性 遮  皆 淨 持 犯  兼 忘 甞 之  卒 然 窺 以 閴 爾  
ZH_X72_1435_035:0381a15	鬼神不得見其隙矣。故師於超華極菴洪公鵞湖養	035	鬼 神 不 得 見 其 隙 矣  故 師 於 超 華 極 菴 洪 公 鵞 湖 養 
ZH_X72_1435_035:0381a16	菴心公。皆用和尚禮。而鵞湖虗座元者十載。亟以屬	035	菴 心 公  皆 用 和 尚 禮  而 鵞 湖 虗 座 元 者 十 載  亟 以 屬 
ZH_X72_1435_035:0381a17	焉。師是以三覲雲棲祖翁。得其殊目。特書演暢真乘	035	焉  師 是 以 三 覲 雲 棲 祖 翁  得 其 殊 目  特 書 演 暢 真 乘 
ZH_X72_1435_035:0381a18	之牓。而師念戒為師故。徙五臺之派。繫籍雲棲。其後	035	之 牓  而 師 念 戒 為 師 故  徙 五 臺 之 派  繫 籍 雲 棲  其 後 
ZH_X72_1435_035:0381a19	又以得法因緣。兼為壽昌衍嗣故。出師門者。源一而	035	又 以 得 法 因 緣  兼 為 壽 昌 衍 嗣 故  出 師 門 者  源 一 而 
ZH_X72_1435_035:0381a20	委二。鋒頴則開之。眼藏惇龐。而茂以香光。禪土交參。	035	委 二  鋒 頴 則 開 之  眼 藏 惇 龐  而 茂 以 香 光  禪 土 交 參  
ZH_X72_1435_035:0381a21	銷歸不二。而一片熱腸。視寐者力負夜趨。愀然沸然。	035	銷 歸 不 二  而 一 片 熱 腸  視 寐 者 力 負 夜 趨  愀 然 沸 然  
ZH_X72_1435_035:0381a22	不啻赤子之將入井。悲心普運。愛見都忘。第二峯頭。	035	不 啻 赤 子 之 將 入 井  悲 心 普 運  愛 見 都 忘  第 二 峯 頭  
ZH_X72_1435_035:0381a23	對緣施攝。苟不至一闡提。則昧谷之於高山。蒙茸之	035	對 緣 施 攝  苟 不 至 一 闡 提  則 昧 谷 之 於 高 山  蒙 茸 之 
ZH_X72_1435_035:0381a24	於寬博。信進念熏。得未曾有一也。至於就父朝君如	035	於 寬 博  信 進 念 熏  得未曾有 一 也  至 於 就 父 朝 君 如 
ZH_X72_1435_035:0381b01	奉節度符印。乃至無有一剎那際瞥起。傷他余小子	035	奉 節 度 符 印  乃 至 無 有 一 剎 那 際 瞥 起  傷 他 余 小 子 
ZH_X72_1435_035:0381b02	瀹。亦竊於日用中少分覰著。壽昌謂殺佛活祖人。尚	035	瀹  亦 竊 於 日 用 中 少 分 覰 著  壽 昌 謂 殺 佛 活 祖 人  尚 
ZH_X72_1435_035:0381b03	不敢縱心生滅。師可謂拳拳服膺。薙染以來。正勤匪	035	不 敢 縱 心 生 滅  師 可 謂 拳 拳 服 膺  薙 染 以 來  正 勤 匪 
ZH_X72_1435_035:0381b04	懈。白衣丈室。坑塹自遮。郡邑宰官。來而不往。沈觀察	035	懈  白 衣 丈 室  坑 塹 自 遮  郡 邑 宰 官  來 而 不 往  沈 觀 察 
ZH_X72_1435_035:0381b05	蒸季任之義。殷勤三請。始克遘遇。禮於招提。而蕭使	035	蒸 季 任 之 義  殷 勤 三 請  始 克 遘 遇  禮 於 招 提  而 蕭 使 
ZH_X72_1435_035:0381b06	君思似趙節推士禎謝邑令邦薦輩。嚴座白椎。先生	035	君 思 似 趙 節 推 士 禎 謝 邑 令 邦 薦 輩  嚴 座 白 椎  先 生 
ZH_X72_1435_035:0381b07	之門。無執政矣。南湧北沒。則閩之鼓山諸剎。鞭影頻	035	之 門  無 執 政 矣  南 湧 北 沒  則 閩 之 鼓 山 諸 剎  鞭 影 頻 
ZH_X72_1435_035:0381b08	垂。博山雨笠。煙包強半。海濵鄒魯。宇內名流。載自綸	035	垂  博 山 雨 笠  煙 包 強 半  海 濵 鄒 魯  宇 內 名 流  載 自 綸 
ZH_X72_1435_035:0381b09	扉圭弁。洎乎墨綬銅符。西面而咨。北面而禮。多至不	035	扉 圭 弁  洎 乎 墨 綬 銅 符  西 面 而 咨  北 面 而 禮  多 至 不 
ZH_X72_1435_035:0381b10	可殫述。述其先後左右。師于一大事者。余小子瀹。得	035	可 殫 述  述 其 先 後 左 右  師 于 一 大 事 者  余 小 子 瀹  得 
ZH_X72_1435_035:0381b11	師親繫衣珠。從雲棲優婆塞。稱博山菩薩弟子。曹山	035	師 親 繫 衣 珠  從 雲 棲 優 婆 塞  稱 博 山 菩 薩 弟 子  曹 山 
ZH_X72_1435_035:0381b12	孝滿。將不在茲。葢師充充於色身之父。而皇皇於慧	035	孝 滿  將 不 在 茲  葢 師 充 充 於 色 身 之 父  而 皇 皇 於 慧 
ZH_X72_1435_035:0381b13	身之母。寶方一悟。自以子職無愆。更二十餘年。從故	035	身 之 母  寶 方 一 悟  自 以 子 職 無 愆  更 二 十 餘 年  從 故 
ZH_X72_1435_035:0381b14	鄉人。得生父耗亟致之伊蒲之餐。以脩法喜。而孕珠	035	鄉 人  得 生 父 耗 亟 致 之 伊 蒲 之 餐  以 脩 法 喜  而 孕 珠 
ZH_X72_1435_035:0381b15	九品之臺。所需雖鉢鐼之自出。必請於眾。明年天啟	035	九 品 之 臺  所 需 雖 鉢 鐼 之 自 出  必 請 於 眾  明 年 天 啟 
ZH_X72_1435_035:0381b16	丁卯。尋訃而至。取道桐鄉。慈社法檀厥名。錫類盍簪	035	丁 卯  尋 訃 而 至  取 道 桐 鄉  慈 社 法 檀 厥 名  錫 類 盍 簪 
ZH_X72_1435_035:0381b17	盈缶實蕃。有徒小子。妄引其端。攀附有心。步趨無足。	035	盈 缶 實 蕃  有 徒 小 子  妄 引 其 端  攀 附 有 心  步 趨 無 足  
ZH_X72_1435_035:0381b18	而浮山密邇。桑梓賴師。右掌遙擎。永言孝思。緣熏增	035	而 浮 山 密 邇  桑 梓 賴 師  右 掌 遙 擎  永 言 孝 思  緣 熏 增 
ZH_X72_1435_035:0381b19	上。寂光與力。庶幾究竟莊嚴。崇禎己巳。金陵之遊。則	035	上  寂 光 與 力  庶 幾 究 竟 莊 嚴  崇 禎 己 巳  金 陵 之 遊  則 
ZH_X72_1435_035:0381b20	余開府大成。聞所聞而來。見所見而慕。惠徼	035	余 開 府 大 成  聞 所 聞 而 來  見 所 見 而 慕  惠 徼 
ZH_X72_1435_035:0381b21	二祖徧啟羣蒙。天界法幢。所謂無大無小。從公于邁	035	二 祖 徧 啟 羣 蒙  天 界 法 幢  所 謂 無 大 無 小  從 公 于 邁 
ZH_X72_1435_035:0381b22	狂奔[目*匿]就。號為四輩弟子者。指以億萬計。而師圓音	035	狂 奔 [目匿] 就  號 為 四 輩 弟 子 者  指 以 億 萬 計  而 師 圓 音 
ZH_X72_1435_035:0381b23	曲唱。乘言會宗。不落思惟。法爾回互。真不啻覩影。闍	035	曲 唱  乘 言 會 宗  不 落 思 惟  法 爾 回 互  真 不 啻 覩 影  闍 
ZH_X72_1435_035:0381b24	黎從涅槃起。一時干鳴瓜印之。徒往往竊臨濟後架	035	黎 從 涅 槃 起  一 時 干 鳴 瓜 印 之  徒 往 往 竊 臨 濟 後 架 
ZH_X72_1435_035:0381c01	禪。作日下孤燈伎倆。劍揮巢破。露布全彰。而歸正一	035	禪  作 日 下 孤 燈 伎 倆  劍 揮 巢 破  露 布 全 彰  而 歸 正 一 
ZH_X72_1435_035:0381c02	編。足使法門五衰頓還。魯陽三舍。功成名遂。意在斯	035	編  足 使 法 門 五 衰 頓 還  魯 陽 三 舍  功 成 名 遂  意 在 斯 
ZH_X72_1435_035:0381c03	乎。師慈容淨滿。道骨堅凝。眉采燁然。春秋在顙。法筵	035	乎  師 慈 容 淨 滿  道 骨 堅 凝  眉 采 燁 然  春 秋 在 顙  法 筵 
ZH_X72_1435_035:0381c04	清眾不肅而嚴。刈麥負薪。無不人人委蛇詳敘。若有	035	清 眾 不 肅 而 嚴  刈 麥 負 薪  無 不 人 人 委 蛇 詳 敘  若 有 
ZH_X72_1435_035:0381c05	深湛之思者。師云。吾功令雲栖而未之逮耳。初發悟	035	深 湛 之 思 者  師 云  吾 功 令 雲 栖 而 未 之 逮 耳  初 發 悟 
ZH_X72_1435_035:0381c06	時。常坐一小樓。日惟一餐。手不釋卷。脇不置席者累	035	時  常 坐 一 小 樓  日 惟 一 餐  手 不 釋 卷  脇 不 置 席 者 累 
ZH_X72_1435_035:0381c07	月。偶嬰憊疾。巍坐終宵。瞷其室者。排闥而投五體。葢	035	月  偶 嬰 憊 疾  巍 坐 終 宵  瞷 其 室 者  排 闥 而 投 五 體  葢 
ZH_X72_1435_035:0381c08	那伽之定。戒與之俱。無作悉檀。不住於相。酬機應供。	035	那 伽 之 定  戒 與 之 俱  無 作 悉 檀  不 住 於 相  酬 機 應 供  
ZH_X72_1435_035:0381c09	可日食三兩金。而師滴水同餐。寸絲不掛。追憶昔者	035	可 日 食 三 兩 金  而 師 滴 水 同 餐  寸 絲 不 掛  追 憶 昔 者 
ZH_X72_1435_035:0381c10	自閩嶠出。向鐵山折脚。鐺邊飽四旬瓔珞粥。香厨狼	035	自 閩 嶠 出  向 鐵 山 折 脚  鐺 邊 飽 四 旬 瓔 珞 粥  香 厨 狼 
ZH_X72_1435_035:0381c11	籍。了不作濃淡觀。而檀波之別。注于師者。宿于蘧廬。	035	籍  了 不 作 濃 淡 觀  而 檀 波 之 別  注 于 師 者  宿 于 蘧 廬  
ZH_X72_1435_035:0381c12	如時而布皆僧物也。壽昌並畊三剎。雲棲移粟諸方。	035	如 時 而 布 皆 僧 物 也  壽 昌 並 畊 三 剎  雲 棲 移 粟 諸 方  
ZH_X72_1435_035:0381c13	師其二之中乎。請轉法輪。藉手為壽。則氷之投石矣。	035	師 其 二 之 中 乎  請 轉 法 輪  藉 手 為 壽  則 氷 之 投 石 矣  
ZH_X72_1435_035:0381c14	雲棲之役普陀。是瞻颶風蕩舟。眾乃大恐。遊目於斯。	035	雲 棲 之 役 普 陀  是 瞻 颶 風 蕩 舟  眾 乃 大 恐  遊 目 於 斯  
ZH_X72_1435_035:0381c15	儼若空生。晏坐曰。正恁麼時。送却皮袋子便休。而天	035	儼 若 空 生  晏 坐 曰  正 恁 麼 時  送 却 皮 袋 子 便 休  而 天 
ZH_X72_1435_035:0381c16	界拈椎。博山返錫。小子聞其度越者兩事。不動智無	035	界 拈 椎  博 山 返 錫  小 子 聞 其 度 越 者 兩 事  不 動 智 無 
ZH_X72_1435_035:0381c17	緣慈。皆非有心人境界。用師家法語。忌十成。此以知	035	緣 慈  皆 非 有 心 人 境 界  用 師 家 法 語  忌 十 成  此 以 知 
ZH_X72_1435_035:0381c18	師之能為主中主也。為法求人。婆心徹困。有請益者。	035	師 之 能 為 主 中 主 也  為 法 求 人  婆 心 徹 困  有 請 益 者  
ZH_X72_1435_035:0381c19	示以一息不來。句歸何處。猛令提撕。不徹不止。而師	035	示 以 一 息 不 來  句 歸 何 處  猛 令 提 撕  不 徹 不 止  而 師 
ZH_X72_1435_035:0381c20	高懸祖印。把斷要津。相似悟頭推入活埋坑裏。痛與	035	高 懸 祖 印  把 斷 要 津  相 似 悟 頭 推 入 活 埋 坑 裏  痛 與 
ZH_X72_1435_035:0381c21	鉗鎚。登其門者。龍象如雲。未卜他時。阿誰道個何必。	035	鉗 鎚  登 其 門 者  龍 象 如 雲  未 卜 他 時  阿 誰 道 個 何 必  
ZH_X72_1435_035:0381c22	以故三十年間。不少當機。罕聞付法。甞與余開府。激	035	以 故 三 十 年 間  不 少 當 機  罕 聞 付 法  甞 與 余 開 府  激 
ZH_X72_1435_035:0381c23	揚此事。大有徑庭。苟非向上一路。乘悟併鎖。寧與不	035	揚 此 事  大 有 徑 庭  苟 非 向 上 一 路  乘 悟 併 鎖  寧 與 不 
ZH_X72_1435_035:0381c24	可傳者。俱往以需後覺。或見而知之。或聞而知之。及	035	可 傳 者  俱 往 以 需 後 覺  或 見 而 知 之  或 聞 而 知 之  及 
ZH_X72_1435_035:0382a01	其知之一也。終不以如來慧命。博禪雛手中。瓣香佛	035	其 知 之 一 也  終 不 以 如 來 慧 命  博 禪 雛 手 中  瓣 香 佛 
ZH_X72_1435_035:0382a02	事矣。辯驗龍蛇。三垂影草。一曰。古澗寒泉。水作何色。	035	事 矣  辯 驗 龍 蛇  三 垂 影 草  一 曰  古 澗 寒 泉  水 作 何 色  
ZH_X72_1435_035:0382a03	二曰。不萌之草。為甚麼能藏香象。三曰。徹底無依。向	035	二 曰  不 萌 之 草  為 甚 麼 能 藏 香 象  三 曰  徹 底 無 依  向 
ZH_X72_1435_035:0382a04	甚處安身立命。洞上之玄。全提徧吼。薦之言下。何處	035	甚 處 安 身 立 命  洞 上 之 玄  全 提 徧 吼  薦 之 言 下  何 處 
ZH_X72_1435_035:0382a05	不是。博山歸自金陵。輙營窣堵。苾蒭分乞。亦未之前	035	不 是  博 山 歸 自 金 陵  輙 營 窣 堵  苾 蒭 分 乞  亦 未 之 前 
ZH_X72_1435_035:0382a06	聞也。經始子來。忽命簡錄方丈。察及秋毫。若遠行之	035	聞 也  經 始 子 來  忽 命 簡 錄 方 丈  察 及 秋 毫  若 遠 行 之 
ZH_X72_1435_035:0382a07	戒處守。居未幾。而大悲之疾示矣。慰諭經旬。遂有遺	035	戒 處 守  居 未 幾  而 大 悲 之 疾 示 矣  慰 諭 經 旬  遂 有 遺 
ZH_X72_1435_035:0382a08	教。衲僧衣線下事。嘔心衝口。刺刺不休。首座智誾問	035	教  衲 僧 衣 線 下 事  嘔 心 衝 口  刺 刺 不 休  首 座 智 誾 問 
ZH_X72_1435_035:0382a09	和尚。安樂否。師曰。儘著些子受用。問還有不病者無。	035	和 尚  安 樂 否  師 曰  儘 著 些 子 受 用  問 還 有 不 病 者 無  
ZH_X72_1435_035:0382a10	師曰。熱大作麼。問來去自繇。請道一句。師為書歷歷	035	師 曰  熱 大 作 麼  問 來 去 自 繇  請 道 一 句  師 為 書 歷 歷 
ZH_X72_1435_035:0382a11	分明四字。漏當子夜。坐脫翛然。崇禎庚午季秋之十	035	分 明 四 字  漏 當 子 夜  坐 脫 翛 然  崇 禎 庚 午 季 秋 之 十 
ZH_X72_1435_035:0382a12	有八日也。却顧來時。萬曆乙亥仲冬之廿有九日。僧	035	有 八 日 也  却 顧 來 時  萬 曆 乙 亥 仲 冬 之 廿 有 九 日  僧 
ZH_X72_1435_035:0382a13	臘四十有一。復更四稔。而世壽之甲始周。踰年辛未	035	臘 四 十 有 一  復 更 四 稔  而 世 壽 之 甲 始 周  踰 年 辛 未 
ZH_X72_1435_035:0382a14	孟冬廿有一日。奉全身。墖於寺西棲鳳嶺之陽。師所	035	孟 冬 廿 有 一 日  奉 全 身  墖 於 寺 西 棲 鳳 嶺 之 陽  師 所 
ZH_X72_1435_035:0382a15	筮也。天之將喪。民之無援。法梁崩摧。慧日滅沒。緇白	035	筮 也  天 之 將 喪  民 之 無 援  法 梁 崩 摧  慧 日 滅 沒  緇 白 
ZH_X72_1435_035:0382a16	遐邇。愴地籲天。而最初代座董巖。迫於三命。早榮之	035	遐 邇  愴 地 籲 天  而 最 初 代 座 董 巖  迫 於 三 命  早 榮 之 
ZH_X72_1435_035:0382a17	木。未獲後凋。師甞為建陽檀越趙居士。晏如言之矣。	035	木  未 獲 後 凋  師 甞 為 建 陽 檀 越 趙 居 士  晏 如 言 之 矣  
ZH_X72_1435_035:0382a18	方網出入。一身多身。真性廓然。不借而借。仰山老子。	035	方 網 出 入  一 身 多 身  真 性 廓 然  不 借 而 借  仰 山 老 子  
ZH_X72_1435_035:0382a19	已於千載之上。邈得師真。所留言說法身。別為九種。	035	已 於 千 載 之 上  邈 得 師 真  所 留 言 說 法 身  別 為 九 種  
ZH_X72_1435_035:0382a20	回源之錄。肇起博山通說之錫。實開雙樹闡信地。則	035	回 源 之 錄  肇 起 博 山 通 說 之 錫  實 開 雙 樹 闡 信 地  則 
ZH_X72_1435_035:0382a21	毗耶下座作拈古。而天童喪機。禪警語為發最上乘	035	毗 耶 下 座 作 拈 古  而 天 童 喪 機  禪 警 語 為 發 最 上 乘 
ZH_X72_1435_035:0382a22	者。痛處加錐。滑時與杖。可當換骨神丹。淨土偈橫陳	035	者  痛 處 加 錐  滑 時 與 杖  可 當 換 骨 神 丹  淨 土 偈 橫 陳 
ZH_X72_1435_035:0382a23	清泰。四華再發。頭陀一粲。永明料揀。光影重重。而宗	035	清 泰  四 華 再 發  頭 陀 一 粲  永 明 料 揀  光 影 重 重  而 宗 
ZH_X72_1435_035:0382a24	教答響。所謂三根普被。四教均談。不壞今時。全超古	035	教 答 響  所 謂 三 根 普 被  四 教 均 談  不 壞 今 時  全 超 古 
ZH_X72_1435_035:0382b01	路。竺乾四十九年。震旦千七百則。只者些子。師可謂	035	路  竺 乾 四 十 九 年  震 旦 千 七 百 則  只 者 些 子  師 可 謂 
ZH_X72_1435_035:0382b02	得法自在三昧矣。智誾是師尊重弟子。齒光心印。具	035	得 法 自 在 三 昧 矣  智 誾 是 師 尊重弟子  齒 光 心 印  具 
ZH_X72_1435_035:0382b03	體而微。諸監院次及于事。夾輔門庭。咸正無缺。博山	035	體 而 微  諸 監 院 次 及 于 事  夾 輔 門 庭  咸 正 無 缺  博 山 
ZH_X72_1435_035:0382b04	營勳區宇。成照為魁。別治邵武二藍。曰廣福。曰寶安。	035	營 勳 區 宇  成 照 為 魁  別 治 邵 武 二 藍  曰 廣 福  曰 寶 安  
ZH_X72_1435_035:0382b05	則成正為師。分身揚化。台州道嵩。洞明因果。勇棄葢	035	則 成 正 為 師  分 身 揚 化  台 州 道 嵩  洞 明 因 果  勇 棄 葢 
ZH_X72_1435_035:0382b06	纏苦。到禮首楞嚴王。得肉眼淨。欲明祖意。但辦肯心。	035	纏 苦  到 禮 首 楞 嚴 王  得 肉 眼 淨  欲 明 祖 意  但 辦 肯 心  
ZH_X72_1435_035:0382b07	與誾公鞭弭周旋。故是博山二玅。還觀高足其數甚	035	與 誾 公 鞭 弭 周 旋  故 是 博 山 二 玅  還 觀 高 足 其 數 甚 
ZH_X72_1435_035:0382b08	多。了因時至。必有與師代興。而叶久昌之讖者。居士	035	多  了 因 時 至  必 有 與 師 代 興  而 叶 久 昌 之 讖 者  居 士 
ZH_X72_1435_035:0382b09	之及門者。劉孝廉最為莫逆。初繫念準提陀羅尼。機	035	之 及 門 者  劉 孝 廉 最 為 莫 逆  初 繫 念 準 提 陀 羅 尼  機 
ZH_X72_1435_035:0382b10	緣僅熟。被師以船子公案鈍寘八年。忽發輕安。借昔	035	緣 僅 熟  被 師 以 船 子 公 案 鈍 寘 八 年  忽 發 輕 安  借 昔 
ZH_X72_1435_035:0382b11	人韻語頌之。雨前初見花間蘂。雨後全無葉底花。蜂	035	人 韻 語 頌 之  雨 前 初 見 花 間 蘂  雨 後 全 無 葉 底 花  蜂 
ZH_X72_1435_035:0382b12	蝶紛紛過墻去。却疑春色在鄰家。師擊節稱善。臨終	035	蝶 紛 紛 過 墻 去  却 疑 春 色 在 鄰 家  師 擊 節 稱 善  臨 終 
ZH_X72_1435_035:0382b13	感大士現身。詰所希望。對以成佛度生。而沒今也。披	035	感 大 士 現 身  詰 所 希 望  對 以 成 佛 度 生  而 沒 今 也  披 
ZH_X72_1435_035:0382b14	誓願鎧。究涅槃心。雄峙金湯。必余開府大成徐魏公	035	誓 願 鎧  究 涅 槃 心  雄 峙 金 湯  必 余 開 府 大 成 徐 魏 公 
ZH_X72_1435_035:0382b15	弘基之為巨擘。劉監軍錫玄。以中興台教為己任。勞	035	弘 基 之 為 巨 擘  劉 監 軍 錫 玄  以 中 興 台 教 為 己 任  勞 
ZH_X72_1435_035:0382b16	師就機落草引入。曹源彭廣文份楊史君聞中般若	035	師 就 機 落 草 引 入  曹 源 彭 廣 文 份 楊 史 君 聞 中 般 若 
ZH_X72_1435_035:0382b17	根銛。參求志篤。尤師所屬目也。至如廣瀹。無論天下	035	根 銛  參 求 志 篤  尤 師 所 屬 目 也  至 如 廣 瀹  無 論 天 下 
ZH_X72_1435_035:0382b18	事。即書于錫類。篇者於冶為鍮。於稼為莠。醍醐在握。	035	事  即 書 于 錫 類  篇 者 於 冶 為 鍮  於 稼 為 莠  醍 醐 在 握  
ZH_X72_1435_035:0382b19	竟作餓夫。恩大難詶。付在祇劫。誾公率先耆舊。勒狀	035	竟 作 餓 夫  恩 大 難 詶  付 在 祇 劫  誾 公 率 先 耆 舊  勒 狀 
ZH_X72_1435_035:0382b20	徵辭。拙指妙音。誰當側耳。博山拄杖。躍出墖廟東頭。	035	徵 辭  拙 指 妙 音  誰 當 側 耳  博 山 拄 杖  躍 出 墖 廟 東 頭  
ZH_X72_1435_035:0382b21	過百由旬。打教髓出有分在。銘曰。	035	過 百 由 旬  打 教 髓 出 有 分 在  銘 曰  
ZH_X72_1435_035:0382b22	　儒聖之統　　歷年五百　　聞而知之　　與見無別	035	 儒 聖 之 統   歷 年 五 百   聞 而 知 之   與 見 無 別 
ZH_X72_1435_035:0382b23	　迦文眼藏　　一祖無宗　　覿面傳心　　曰在爾躬	035	 迦 文 眼 藏   一 祖 無 宗   覿 面 傳 心   曰 在 爾 躬 
ZH_X72_1435_035:0382b24	　將心與傳　　了不可得　　不可得中　　剎那塵劫	035	 將 心 與 傳   了 不 可 得   不 可 得 中   剎 那 塵 劫 
ZH_X72_1435_035:0382c01	　塵劫剎那　　非去來今　　等無間緣　　異世同神	035	 塵 劫 剎 那   非 去 來 今   等無間緣   異 世 同 神 
ZH_X72_1435_035:0382c02	　諸識猶爾　　況真如性　　古鏡新磨　　明明祖印	035	 諸 識 猶 爾   況 真 如 性   古 鏡 新 磨   明 明 祖 印 
ZH_X72_1435_035:0382c03	　所以洞宗　　集于壽昌　　大好山下　　五位全彰	035	 所 以 洞 宗   集 于 壽 昌   大 好 山 下   五 位 全 彰 
ZH_X72_1435_035:0382c04	　即彰即藏　　無跡亦跡　　黑白交參　　綿綿密密	035	 即 彰 即 藏   無 跡 亦 跡   黑 白 交 參   綿 綿 密 密 
ZH_X72_1435_035:0382c05	　峩峯非住　　寶方不來　　樹頭雲破　　池面天開	035	 峩 峯 非 住   寶 方 不 來   樹 頭 雲 破   池 面 天 開 
ZH_X72_1435_035:0382c06	　不許人知　　聊通一線　　壽昌所聞　　博山所見	035	 不 許 人 知   聊 通 一 線   壽 昌 所 聞   博 山 所 見 
ZH_X72_1435_035:0382c07	　殺活縱橫　　鳥道不行　　全身歸父　　退位朝君	035	 殺 活 縱 橫   鳥 道 不 行   全 身 歸 父   退 位 朝 君 
ZH_X72_1435_035:0382c08	　從平等慈　　流差別智　　海墨書空　　解脫文字	035	 從 平 等 慈   流 差 別 智   海 墨 書 空   解 脫 文 字 
ZH_X72_1435_035:0382c09	　和寡彌頭　　惜得眉毛　　盡法行持　　令嚴寂寥	035	 和 寡 彌 頭   惜 得 眉 毛   盡 法 行 持   令 嚴 寂 寥 
ZH_X72_1435_035:0382c10	　到處垂綸　　逢場栽竹　　長者馳求　　醫王付囑	035	 到 處 垂 綸   逢 場 栽 竹   長 者 馳 求   醫 王 付 囑 
ZH_X72_1435_035:0382c11	　星隕告符　　仰此頺山　　日面月面　　前三後三	035	 星 隕 告 符   仰 此 頺 山   日 面 月 面   前 三 後 三 
ZH_X72_1435_035:0382c12	　不涉虗玄　　重談至妙　　起坐啜茗　　莞爾而笑	035	 不 涉 虗 玄   重 談 至 妙   起 坐 啜 茗   莞 爾 而 笑 
ZH_X72_1435_035:0382c13	　師所住處　　即名少林　　桂子飄香　　其聚如雲	035	 師 所 住 處   即 名 少 林   桂 子 飄 香   其 聚 如 雲 
ZH_X72_1435_035:0382c14	　迷中倍人　　咄哉廣瀹　　湛然十虗　　徒勞執捉	035	 迷 中 倍 人   咄 哉 廣 瀹   湛 然 十 虗   徒 勞 執 捉 
ZH_X72_1435_035:0382c15	　師無身度　　何墖何銘　　威音那畔　　石女彈琴	035	 師 無 身 度   何 墖 何 銘   威 音 那 畔   石 女 彈 琴 
ZH_X72_1435_035:0382c16	崇禎四年歲次辛未十月。	035	崇 禎 四 年 歲 次 辛 未 十 月  
ZH_X72_1435_035:0382c17	賜進士出身奉直大夫左春坊左諭德兼翰林院侍	035	賜 進 士 出 身 奉 直 大 夫 左 春 坊 左 諭 德 兼 翰 林 院 侍 
ZH_X72_1435_035:0382c18	讀	035	讀 
ZH_X72_1435_035:0382c19	覃恩進階奉政大夫菩薩十戒弟子皖舒廣瀹吳應	035	覃 恩 進 階 奉 政 大 夫 菩 薩 十 戒 弟 子 皖 舒 廣 瀹 吳 應 
ZH_X72_1435_035:0382c20	賓謹撰	035	賓 謹 撰 
ZH_X72_1435_035:0382c22	無異禪師廣錄墖銘卷之三十五(終)	035	無 異 禪 師 廣 錄 墖 銘 卷 之 三 十 五  終  
ZH_X72_1435_035:0383a03	募刻	035	募 刻 
ZH_X72_1435_035:0383a04	祖翁異和尚廣錄序	035	祖 翁 異 和 尚 廣 錄 序 
ZH_X72_1435_035:0383a06	洞水溯曹溪。源深流遠。龍峯連鳳嶺。山好風高。障	035	洞 水 溯 曹 溪  源 深 流 遠  龍 峯 連 鳳 嶺  山 好 風 高  障 
ZH_X72_1435_035:0383a07	迴末法狂瀾。直指祖師玄奧。驚人活句。韵出清霄。	035	迴 末 法 狂 瀾  直 指 祖 師 玄 奧  驚 人 活 句  韵 出 清 霄  
ZH_X72_1435_035:0383a08	炤世明燈。光騰碧漢。此	035	炤 世 明 燈  光 騰 碧 漢  此 
ZH_X72_1435_035:0383a09	祖翁。揭開寶鏡。掉盡老婆舌頭者也。不謂。丙丁奪燄。	035	祖 翁  揭 開 寶 鏡  掉 盡 老 婆 舌 頭 者 也  不 謂  丙 丁 奪 燄  
ZH_X72_1435_035:0383a10	致螢耀以彌空。溪壑亂流。赴海門而失所。磵本師	035	致 螢 耀 以 彌 空  溪 壑 亂 流  赴 海 門 而 失 所  磵 本 師 
ZH_X72_1435_035:0383a11	每將舊譜。示我弟兄。欲展弘慈。阻於阿堵。或以初	035	每 將 舊 譜  示 我 弟 兄  欲 展 弘 慈  阻 於 阿 堵  或 以 初 
ZH_X72_1435_035:0383a12	機葢障。遂使方冊缺文。(瀚)用是不揣因緣。惟觀時	035	機 葢 障  遂 使 方 冊 缺 文   瀚  用 是 不 揣 因 緣  惟 觀 時 
ZH_X72_1435_035:0383a13	節。冀先聲之不墜。令後學之有從。遠乞諸檀徧聯	035	節  冀 先 聲 之 不 墜  令 後 學 之 有 從  遠 乞 諸 檀 徧 聯 
ZH_X72_1435_035:0383a14	法屬捐貲彚梓。非但慧炬重明。附藏流通。且令昏	035	法 屬 捐 貲 彚 梓  非 但 慧 炬 重 明  附 藏 流 通  且 令 昏 
ZH_X72_1435_035:0383a15	迷頓起。益世多矣。厥功偉歟。住博山法孫(弘瀚)稽	035	迷 頓 起  益 世 多 矣  厥 功 偉 歟  住 博 山 法 孫  弘 瀚  稽 
ZH_X72_1435_035:0383a16	首百拜謹題。	035	首 百 拜 謹 題  
