segmentnr	original	folio	analyzed
ZH_X65_1281_002:0200c14	御製揀魔辨異錄卷二	002	御 製 揀 魔 辨 異 錄 卷 二 
ZH_X65_1281_002:0200c16	魔忍曰。祖有信心銘近千言。其略曰。至道無難。惟嫌	002	魔 忍 曰  祖 有 信 心 銘 近 千 言  其 略 曰  至 道 無 難  惟 嫌 
ZH_X65_1281_002:0200c17	揀擇。但莫憎愛。洞然明白。毫釐有差。天地懸隔。欲得	002	揀 擇  但 莫 憎 愛  洞 然 明 白  毫 釐 有 差  天 地 懸 隔  欲 得 
ZH_X65_1281_002:0200c18	現前。莫存順逆。要知臨濟德山千奇百怪處。不過驅	002	現 前  莫 存 順 逆  要 知 臨 濟 德 山 千 奇 百 怪 處  不 過 驅 
ZH_X65_1281_002:0200c19	學者喪盡心智。與此數語符合耳。彼義學之徒解曰。	002	學 者 喪 盡 心 智  與 此 數 語 符 合 耳  彼 義 學 之 徒 解 曰  
ZH_X65_1281_002:0200c20	至道本無難易。但不揀擇即是。譬夫畫龍。頭角牙眼	002	至 道 本 無 難 易  但 不 揀 擇 即 是  譬 夫 畫 龍  頭 角 牙 眼 
ZH_X65_1281_002:0200c21	一一相似。惟不能行雨。所謂毫釐有差。天地懸隔。非	002	一 一 相 似  惟 不 能 行 雨  所 謂 毫 釐 有 差  天 地 懸 隔  非 
ZH_X65_1281_002:0200c22	宗旨何以辨之。	002	宗 旨 何 以 辨 之  
ZH_X65_1281_002:0200c23	魔忍謂臨濟德山千奇百怪處。不過驅學者喪盡心	002	魔 忍 謂 臨 濟 德 山 千 奇 百 怪 處  不 過 驅 學 者 喪 盡 心 
ZH_X65_1281_002:0200c24	智。與此教語符合。夫喪盡心智。尚未知曾得箇大死	002	智  與 此 教 語 符 合  夫 喪 盡 心 智  尚 未 知 曾 得 箇 大 死 
ZH_X65_1281_002:0200c25	大活否。曷由即與此數語符合。然雖大死大活。慧命	002	大 活 否  曷 由 即 與 此 數 語 符 合  然 雖 大 死 大 活  慧 命 
ZH_X65_1281_002:0200c26	既續之後。洞山云。相續也大難。涌泉云。我四十九年	002	既 續 之 後  洞 山 云  相 續 也 大 難  涌 泉 云  我 四 十 九 年 
ZH_X65_1281_002:0201a01	在這裏。尚自有時走作。汝等諸人莫開大口。見解人	002	在 這 裏  尚 自 有 時 走 作  汝 等 諸 人 莫 開 大 口  見 解 人 
ZH_X65_1281_002:0201a02	多。行解人。萬中無一箇。古德言語切實如此。親甞甘	002	多  行 解 人  萬 中 無 一 箇  古 德 言 語 切 實 如 此  親 甞 甘 
ZH_X65_1281_002:0201a03	露味人。出口自是不同。豈若魔忍輩輕談般若。雖曰	002	露 味 人  出 口 自 是 不 同  豈 若 魔 忍 輩 輕 談 般 若  雖 曰 
ZH_X65_1281_002:0201a04	此中豈有階級漸次。然而無漸次中。大有漸次。沒階	002	此 中 豈 有 階 級 漸 次  然 而 無 漸 次 中  大 有 漸 次  沒 階 
ZH_X65_1281_002:0201a05	級處。大有階級。唯證乃知。談何容易。魔忍之論。譬如	002	級 處  大 有 階 級  唯 證 乃 知  談 何 容 易  魔 忍 之 論  譬 如 
ZH_X65_1281_002:0201a06	書生紙上談兵。數行之間。便身經大小百餘戰。闢土	002	書 生 紙 上 談 兵  數 行 之 間  便 身 經 大 小 百 餘 戰  闢 土 
ZH_X65_1281_002:0201a07	開疆十萬里矣。還當得實事否。且臨濟德山。門庭施	002	開 疆 十 萬 里 矣  還 當 得 實 事 否  且 臨 濟 德 山  門 庭 施 
ZH_X65_1281_002:0201a08	設。原不過接引初機。所以欲令學人喪盡心智者。欲	002	設  原 不 過 接 引 初 機  所 以 欲 令 學 人 喪 盡 心 智 者  欲 
ZH_X65_1281_002:0201a09	令學人自悟自性也。即其入門便棒。兩堂同喝等。覿	002	令 學 人 自 悟 自 性 也  即 其 入 門 便 棒  兩 堂 同 喝 等  覿 
ZH_X65_1281_002:0201a10	面相呈。當陽指示處。尚屬光影邊事。較璨大師銘語	002	面 相 呈  當 陽 指 示 處  尚 屬 光 影 邊 事  較 璨 大 師 銘 語 
ZH_X65_1281_002:0201a11	落處。猶是望長安而西笑。何況三元三要等一串絡	002	落 處  猶 是 望 長 安 而 西 笑  何 況 三 元 三 要 等 一 串 絡 
ZH_X65_1281_002:0201a12	索。且古德豈喋喋利口勝人者。特欲人於言思絕處。	002	索  且 古 德 豈 喋 喋 利 口 勝 人 者  特 欲 人 於 言 思 絕 處  
ZH_X65_1281_002:0201a13	一念迴光。即同本得耳。若魔忍輩所說三元三要等。	002	一 念 迴 光  即 同 本 得 耳  若 魔 忍 輩 所 說 三 元 三 要 等  
ZH_X65_1281_002:0201a14	不過欲天下後世。推伊為明宗旨人。欲人向伊邊討	002	不 過 欲 天 下 後 世  推 伊 為 明 宗 旨 人  欲 人 向 伊 邊 討 
ZH_X65_1281_002:0201a15	箇宗旨的關節。顯得伊是善知識。如此心行。縱使說	002	箇 宗 旨 的 關 節  顯 得 伊 是 善 知 識  如 此 心 行  縱 使 說 
ZH_X65_1281_002:0201a16	得天雨㬅陀羅華。亦是子不語怪。何況不過烏焉成	002	得 天 雨 㬅 陀 羅 華  亦 是 子 不 語 怪  何 況 不 過 烏 焉 成 
ZH_X65_1281_002:0201a17	馬。有甚了期。一羣盲驢。聚頭打謎而已。且陳爛葛藤	002	馬  有 甚 了 期  一 羣 盲 驢  聚 頭 打 謎 而 已  且 陳 爛 葛 藤 
ZH_X65_1281_002:0201a18	中。尋出什麼宗旨來。又將這箇宗旨去辨別那陳爛	002	中  尋 出 什 麼 宗 旨 來  又 將 這 箇 宗 旨 去 辨 別 那 陳 爛 
ZH_X65_1281_002:0201a19	葛藤中打之遶者。此為揀擇耶。不揀擇耶。此不過斥	002	葛 藤 中 打 之 遶 者  此 為 揀 擇 耶  不 揀 擇 耶  此 不 過 斥 
ZH_X65_1281_002:0201a20	密雲一棒到底。為貌似璨大師之不揀擇而非真龍。	002	密 雲 一 棒 到 底  為 貌 似 璨 大 師 之 不 揀 擇 而 非 真 龍  
ZH_X65_1281_002:0201a21	其頭角牙鬣雖似。不能行雨。不如他得了宗旨。是箇	002	其 頭 角 牙 鬣 雖 似  不 能 行 雨  不 如 他 得 了 宗 旨  是 箇 
ZH_X65_1281_002:0201a22	真龍。分得出青黃皂白。人有向伊開口者。與他宗旨	002	真 龍  分 得 出 青 黃 皂 白  人 有 向 伊 開 口 者  與 他 宗 旨 
ZH_X65_1281_002:0201a23	合。則是善知識。與他宗旨不合。便是學人。將此誑惑	002	合  則 是 善 知 識  與 他 宗 旨 不 合  便 是 學 人  將 此 誑 惑 
ZH_X65_1281_002:0201a24	閭閻耳。如此。先未曾發箇淨信。又說甚信心銘。璨大	002	閭 閻 耳  如 此  先 未 曾 發 箇 淨 信  又 說 甚 信 心 銘  璨 大 
ZH_X65_1281_002:0201b01	師明明說箇唯嫌揀擇。而伊則專事揀擇。明明說箇	002	師 明 明 說 箇 唯 嫌 揀 擇  而 伊 則 專 事 揀 擇  明 明 說 箇 
ZH_X65_1281_002:0201b02	但莫憎愛。伊則全是憎愛。只就語言文字邊會取。其	002	但 莫 憎 愛  伊 則 全 是 憎 愛  只 就 語 言 文 字 邊 會 取  其 
ZH_X65_1281_002:0201b03	為魔外。已是自己供招確鑿。	002	為 魔 外  已 是 自 己 供 招 確 鑿  
ZH_X65_1281_002:0201b04	魔忍曰。五祖觀六祖偈畢。乃云亦未見性在。及其三	002	魔 忍 曰  五 祖 觀 六 祖 偈 畢  乃 云 亦 未 見 性 在  及 其 三 
ZH_X65_1281_002:0201b05	鼓入室。徵至應無所住。言下大徹。則亦未見性之語。	002	鼓 入 室  徵 至 應 無 所 住  言 下 大 徹  則 亦 未 見 性 之 語  
ZH_X65_1281_002:0201b06	皎然明白。後世裝點云。故意不許以息其爭。而謂袈	002	皎 然 明 白  後 世 裝 點 云  故 意 不 許 以 息 其 爭  而 謂 袈 
ZH_X65_1281_002:0201b07	裟遮圍。不欲人見。非以世俗流布。誣謗祖師耶。夫既	002	裟 遮 圍  不 欲 人 見  非 以 世 俗 流 布  誣 謗 祖 師 耶  夫 既 
ZH_X65_1281_002:0201b08	曰入室。閉門足矣。何至遮遮掩掩。欲隱彌露乎。此無	002	曰 入 室  閉 門 足 矣  何 至 遮 遮 掩 掩  欲 隱 彌 露 乎  此 無 
ZH_X65_1281_002:0201b09	他。只欲於本來無一物上作解會。而袈裟遮圍處。注	002	他  只 欲 於 本 來 無 一 物 上 作 解 會  而 袈 裟 遮 圍 處  注 
ZH_X65_1281_002:0201b10	脚不行。強作此語耳。可發千古一笑。	002	脚 不 行  強 作 此 語 耳  可 發 千 古 一 笑  
ZH_X65_1281_002:0201b11	密雲悟。據大藏中壇經所載。謂五祖一日忽見六祖。	002	密 雲 悟  據 大 藏 中 壇 經 所 載  謂 五 祖 一 日 忽 見 六 祖  
ZH_X65_1281_002:0201b12	曰。吾思汝之見可用。恐有惡人害汝。遂不與言。汝知	002	曰  吾 思 汝 之 見 可 用  恐 有 惡 人 害 汝  遂 不 與 言  汝 知 
ZH_X65_1281_002:0201b13	之否。六祖曰。弟子亦知此意。不敢行至堂前。令人知	002	之 否  六 祖 曰  弟 子 亦 知 此 意  不 敢 行 至 堂 前  令 人 知 
ZH_X65_1281_002:0201b14	覺。後五祖見法眾總驚。無不嗟訝。遂將鞵擦了偈。曰	002	覺  後 五 祖 見 法 眾 總 驚  無 不 嗟 訝  遂 將 鞵 擦 了 偈  曰 
ZH_X65_1281_002:0201b15	亦未見性在。眾人疑息等語。闢魔忍。後世裝點云。故	002	亦 未 見 性 在  眾 人 疑 息 等 語  闢 魔 忍  後 世 裝 點 云  故 
ZH_X65_1281_002:0201b16	意不許以息其爭之語。亦是釘樁搖櫓。古今傳記。不	002	意 不 許 以 息 其 爭 之 語  亦 是 釘 樁 搖 櫓  古 今 傳 記  不 
ZH_X65_1281_002:0201b17	可信者甚多。雖史家載筆。尚多譌傳。況空山衲子。得	002	可 信 者 甚 多  雖 史 家 載 筆  尚 多 譌 傳  況 空 山 衲 子  得 
ZH_X65_1281_002:0201b18	諸往昔之傳聞者乎。本來無一物。何處惹塵埃。亦未	002	諸 往 昔 之 傳 聞 者 乎  本 來 無 一 物  何 處 惹 塵 埃  亦 未 
ZH_X65_1281_002:0201b19	見性在。自屬鐵案。但魔忍稟伊師魔藏之說。謂落空	002	見 性 在  自 屬 鐵 案  但 魔 忍 稟 伊 師 魔 藏 之 說  謂 落 空 
ZH_X65_1281_002:0201b20	亡外道。必待袈裟遮圍。五五二十五。細宗密旨。入室	002	亡 外 道  必 待 袈 裟 遮 圍  五 五 二 十 五  細 宗 密 旨  入 室 
ZH_X65_1281_002:0201b21	傳示之後。然後盧行者於黃梅邊得箇宗旨。如此塗	002	傳 示 之 後  然 後 盧 行 者 於 黃 梅 邊 得 箇 宗 旨  如 此 塗 
ZH_X65_1281_002:0201b22	污。不但未了黃梅亦未見性之旨。實於曹溪本來無	002	污  不 但 未 了 黃 梅 亦 未 見 性 之 旨  實 於 曹 溪 本 來 無 
ZH_X65_1281_002:0201b23	一物。未曾夢見。則雖說得袈裟遮圍處。與多子塔前	002	一 物  未 曾 夢 見  則 雖 說 得 袈 裟 遮 圍 處  與 多 子 塔 前 
ZH_X65_1281_002:0201b24	因緣。毫釐無差。亦是學語之流。何況伊所謂袈裟自	002	因 緣  毫 釐 無 差  亦 是 學 語 之 流  何 況 伊 所 謂 袈 裟 自 
ZH_X65_1281_002:0201b25	一條至二十五條。每條各五。各各四長一短。顛倒參	002	一 條 至 二 十 五 條  每 條 各 五  各 各 四 長 一 短  顛 倒 參 
ZH_X65_1281_002:0201b26	錯。開闔變化。默印吾人本具之廣大心體。種種魔說。	002	錯  開 闔 變 化  默 印 吾 人 本 具 之 廣 大 心 體  種 種 魔 說  
ZH_X65_1281_002:0201c01	駕虗鑿空。作為實法乎。伊師魔藏。既斥本來無一物	002	駕 虗 鑿 空  作 為 實 法 乎  伊 師 魔 藏  既 斥 本 來 無 一 物 
ZH_X65_1281_002:0201c02	為空亡外道。伊又斥為著在淨邊。殊不思曹溪初見	002	為 空 亡 外 道  伊 又 斥 為 著 在 淨 邊  殊 不 思 曹 溪 初 見 
ZH_X65_1281_002:0201c03	黃梅時。黃梅令隨眾作務。曹溪曰。弟子自性常生智	002	黃 梅 時  黃 梅 令 隨 眾 作 務  曹 溪 曰  弟 子 自 性 常 生 智 
ZH_X65_1281_002:0201c04	慧。不離自性即是福田。未審和尚教作何務。黃梅曰。	002	慧  不 離 自 性 即 是 福 田  未 審 和 尚 教 作 何 務  黃 梅 曰  
ZH_X65_1281_002:0201c05	這獦獠根性太利。著槽廠去。經八月。乃有各述心偈	002	這 獦 獠 根 性 太 利  著 槽 廠 去  經 八 月  乃 有 各 述 心 偈 
ZH_X65_1281_002:0201c06	之事。八月以前。曹溪之言具在。何得又有落空著淨。	002	之 事  八 月 以 前  曹 溪 之 言 具 在  何 得 又 有 落 空 著 淨  
ZH_X65_1281_002:0201c07	種種狐疑耶。總為欲證其三鼓入室。別有細宗密旨	002	種 種 狐 疑 耶  總 為 欲 證 其 三 鼓 入 室  別 有 細 宗 密 旨 
ZH_X65_1281_002:0201c08	之魔說。遂不顧謗祖之罪。肆無忌憚耳。	002	之 魔 說  遂 不 顧 謗 祖 之 罪  肆 無 忌 憚 耳  
ZH_X65_1281_002:0201c09	魔忍曰。夫拈花一宗之始入震旦也。不契於君。不甚	002	魔 忍 曰  夫 拈 花 一 宗 之 始 入 震 旦 也  不 契 於 君  不 甚 
ZH_X65_1281_002:0201c10	信於緇素。不著聞於朝野。是故達摩以之而受毒。二	002	信 於 緇 素  不 著 聞 於 朝 野  是 故 達 摩 以 之 而 受 毒  二 
ZH_X65_1281_002:0201c11	祖斃於刑。璨大師混跡於潛山。兢兢業業。與道自匿。	002	祖 斃 於 刑  璨 大 師 混 跡 於 潛 山  兢 兢 業 業  與 道 自 匿  
ZH_X65_1281_002:0201c12	故曰慎勿言自我所得法來也。	002	故 曰 慎 勿 言 自 我 所 得 法 來 也  
ZH_X65_1281_002:0201c13	拈花一宗四字。即是魔說。釋迦以四十九年所說。誠	002	拈 花 一 宗 四 字  即 是 魔 說  釋 迦 以 四 十 九 年 所 說  誠 
ZH_X65_1281_002:0201c14	恐恒河沙世界。盡未來際。一切諸眾生。迷頭認影。以	002	恐 恒 河 沙 世 界  盡未來際  一 切 諸 眾 生  迷 頭 認 影  以 
ZH_X65_1281_002:0201c15	心意識測其所說。各封己見。自立為宗。於是拈出一	002	心 意 識 測 其 所 說  各 封 己 見  自 立 為 宗  於 是 拈 出 一 
ZH_X65_1281_002:0201c16	花。於百萬人天中。直捷提持。迦葉尊者。亦是忍俊不	002	花  於 百 萬 人 天 中  直 捷 提 持  迦 葉 尊 者  亦 是 忍 俊 不 
ZH_X65_1281_002:0201c17	禁。破顏微笑。豈曰這便是箇宗。相與誑嚇閭閻。只為	002	禁  破 顏 微 笑  豈 曰 這 便 是 箇 宗  相 與 誑 嚇 閭 閻  只 為 
ZH_X65_1281_002:0201c18	多此一舉。留下許多絡索。直至於今。如魔忍輩不了	002	多 此 一 舉  留 下 許 多 絡 索  直 至 於 今  如 魔 忍 輩 不 了 
ZH_X65_1281_002:0201c19	漢。又在花邊拈邊。成箇不快漆桶。韓大伯有云。一兔	002	漢  又 在 花 邊 拈 邊  成 箇 不 快 漆 桶  韓 大 伯 有 云  一 兔 
ZH_X65_1281_002:0201c20	橫身當古路。蒼鷹纔見便生擒。後來獵犬無靈性。空	002	橫 身 當 古 路  蒼 鷹 纔 見 便 生 擒  後 來 獵 犬 無 靈 性  空 
ZH_X65_1281_002:0201c21	向枯樁舊處尋。然則提箇宗字。釋迦早為皺眉。何況	002	向 枯 樁 舊 處 尋  然 則 提 箇 宗 字  釋 迦 早 為 皺 眉  何 況 
ZH_X65_1281_002:0201c22	說一說二。豈捨此別有。故曰拈花一宗耶。柳自有此	002	說 一 說 二  豈 捨 此 別 有  故 曰 拈 花 一 宗 耶  柳 自 有 此 
ZH_X65_1281_002:0201c23	拈花一宗後。子孫蕃衍。別子為祖。繼別為宗。遂有二	002	拈 花 一 宗 後  子 孫 蕃 衍  別 子 為 祖  繼 別 為 宗  遂 有 二 
ZH_X65_1281_002:0201c24	宗三宗。以至五宗耶。其去達摩所破之六宗。得毋更	002	宗 三 宗  以 至 五 宗 耶  其 去 達 摩 所 破 之 六 宗  得 毋 更 
ZH_X65_1281_002:0201c25	不堪也。又謂始來震旦。不契於君。不信於緇素。不著	002	不 堪 也  又 謂 始 來 震 旦  不 契 於 君  不 信 於 緇 素  不 著 
ZH_X65_1281_002:0202a01	聞於朝野。是故達摩以之受毒。二祖斃於刑。璨大師	002	聞 於 朝 野  是 故 達 摩 以 之 受 毒  二 祖 斃 於 刑  璨 大 師 
ZH_X65_1281_002:0202a02	混跡於潛山。兢兢業業。與道自匿。此等語句。真成世	002	混 跡 於 潛 山  兢 兢 業 業  與 道 自 匿  此 等 語 句  真 成 世 
ZH_X65_1281_002:0202a03	諦流布矣。魔忍好以世典附會禪宗。然即以儒門論	002	諦 流 布 矣  魔 忍 好 以 世 典 附 會 禪 宗  然 即 以 儒 門 論 
ZH_X65_1281_002:0202a04	之。如史記孔子世家。載顏子曰。夫子之道大。故天下	002	之  如 史 記 孔 子 世 家  載 顏 子 曰  夫 子 之 道 大  故 天 下 
ZH_X65_1281_002:0202a05	莫能容。其語即不可信。不似顏子之言。其問答亦不	002	莫 能 容  其 語 即 不 可 信  不 似 顏 子 之 言  其 問 答 亦 不 
ZH_X65_1281_002:0202a06	似孔顏心行。論語中。便不得有此種議論。道者。人之	002	似 孔 顏 心 行  論 語 中  便 不 得 有 此 種 議 論  道 者  人 之 
ZH_X65_1281_002:0202a07	所共由。千萬世之所同具。豈得在一人為獨大。而天	002	所 共 由  千 萬 世 之 所 同 具  豈 得 在 一 人 為 獨 大  而 天 
ZH_X65_1281_002:0202a08	下莫容哉。況乎宗門。益為可發一大笑。達摩未來震	002	下 莫 容 哉  況 乎 宗 門  益 為 可 發 一 大 笑  達 摩 未 來 震 
ZH_X65_1281_002:0202a09	旦。震旦遂無佛法耶。若然。則達摩實實將得箇佛法	002	旦  震 旦 遂 無 佛 法 耶  若 然  則 達 摩 實 實 將 得 箇 佛 法 
ZH_X65_1281_002:0202a10	來也。且如世尊所拈之花。達摩未來震旦以前。為有	002	來 也  且 如 世 尊 所 拈 之 花  達 摩 未 來 震 旦 以 前  為 有 
ZH_X65_1281_002:0202a11	花耶。為無花耶。震旦之花。不因達磨來而始有。則佛	002	花 耶  為 無 花 耶  震 旦 之 花  不 因 達 磨 來 而 始 有  則 佛 
ZH_X65_1281_002:0202a12	法豈是達摩來而始有耶。若於世尊所拈之花。生殊	002	法 豈 是 達 摩 來 而 始 有 耶  若 於 世 尊 所 拈 之 花  生 殊 
ZH_X65_1281_002:0202a13	特想。不信即是震旦所有種種諸花。不見人問青原。	002	特 想  不 信 即 是 震 旦 所 有 種 種 諸 花  不 見 人 問 青 原  
ZH_X65_1281_002:0202a14	如何是禪。曰碌磚。又問如何是道。曰木頭。青原之碌	002	如 何 是 禪  曰 碌 磚  又 問 如 何 是 道  曰 木 頭  青 原 之 碌 
ZH_X65_1281_002:0202a15	磚木頭。又是達摩從西天帶來。一種禪碌磚道木頭	002	磚 木 頭  又 是 達 摩 從 西 天 帶 來  一 種 禪 碌 磚 道 木 頭 
ZH_X65_1281_002:0202a16	耶。若謂碌磚非禪。木頭非道。青原不應造大妄語。如	002	耶  若 謂 碌 磚 非 禪  木 頭 非 道  青 原 不 應 造 大 妄 語  如 
ZH_X65_1281_002:0202a17	謂青原是實語者。則震旦之人。與碌磚木頭相安久	002	謂 青 原 是 實 語 者  則 震 旦 之 人  與 碌 磚 木 頭 相 安 久 
ZH_X65_1281_002:0202a18	矣。碌磚木頭。伊亦無欠無餘。不見碌磚木頭。有甚兢	002	矣  碌 磚 木 頭  伊 亦 無 欠 無 餘  不 見 碌 磚 木 頭  有 甚 兢 
ZH_X65_1281_002:0202a19	兢業業。與道自匿之處。何得無端謗毀達摩。及可璨	002	兢 業 業  與 道 自 匿 之 處  何 得 無 端 謗 毀 達 摩  及 可 璨 
ZH_X65_1281_002:0202a20	兩大師。得了箇什麼拈花一宗。寢食不安。坐立不穩。	002	兩 大 師  得 了 箇 什 麼 拈 花 一 宗  寢 食 不 安  坐 立 不 穩  
ZH_X65_1281_002:0202a21	自禍不了。貽累後人。	002	自 禍 不 了  貽 累 後 人  
ZH_X65_1281_002:0202a22	魔忍曰。六祖誕生之際。祥光燭天。感異僧與之安名。	002	魔 忍 曰  六 祖 誕 生 之 際  祥 光 燭 天  感 異 僧 與 之 安 名  
ZH_X65_1281_002:0202a23	應跋陀三藏戒壇之識。聞金剛而發悟。聞涅槃而能	002	應 跋 陀 三 藏 戒 壇 之 識  聞 金 剛 而 發 悟  聞 涅 槃 而 能 
ZH_X65_1281_002:0202a24	講。至於示現。則目不識丁。使其稍涉學地。雖萬卷何	002	講  至 於 示 現  則 目 不 識 丁  使 其 稍 涉 學 地  雖 萬 卷 何 
ZH_X65_1281_002:0202a25	難。顧時當如此耳。後之看不識丁者。遂借口於盧公。	002	難  顧 時 當 如 此 耳  後 之 看 不 識 丁 者  遂 借 口 於 盧 公  
ZH_X65_1281_002:0202b01	吾將請試之。聞誦而能講。如盧公乎。聞音而發悟。如	002	吾 將 請 試 之  聞 誦 而 能 講  如 盧 公 乎  聞 音 而 發 悟  如 
ZH_X65_1281_002:0202b02	盧公乎。說法如雲雨。如盧公乎。偈頌之圓妙昭徹。如	002	盧 公 乎  說 法 如 雲 雨  如 盧 公 乎  偈 頌 之 圓 妙 昭 徹  如 
ZH_X65_1281_002:0202b03	盧公乎。楞嚴曰。想明斯聰。情幽斯鈍。夫真不識丁者。	002	盧 公 乎  楞 嚴 曰  想 明 斯 聰  情 幽 斯 鈍  夫 真 不 識 丁 者  
ZH_X65_1281_002:0202b04	良以情塵固蔽。與之語世諦淺小。且瞶瞶焉。瞪目直	002	良 以 情 塵 固 蔽  與 之 語 世 諦 淺 小  且 瞶 瞶 焉  瞪 目 直 
ZH_X65_1281_002:0202b05	視。况無上妙道乎。	002	視  况 無 上 妙 道 乎  
ZH_X65_1281_002:0202b06	有情來下種。因地果還生。於此閻浮提界。有大果者。	002	有 情 來 下 種  因 地 果 還 生  於 此 閻 浮 提 界  有 大 果 者  
ZH_X65_1281_002:0202b07	必有先兆。如小草落實於土中。一樣勾萌甲拆。而人	002	必 有 先 兆  如 小 草 落 實 於 土 中  一 樣 勾 萌 甲 拆  而 人 
ZH_X65_1281_002:0202b08	不見。若大竹生笋。則雖猶在土中。而數日前。地面早	002	不 見  若 大 竹 生 笋  則 雖 猶 在 土 中  而 數 日 前  地 面 早 
ZH_X65_1281_002:0202b09	已大坼。慣掘笋者。一望而知。子產所謂用物精多則	002	已 大 坼  慣 掘 笋 者  一 望 而 知  子 產 所 謂 用 物 精 多 則 
ZH_X65_1281_002:0202b10	魂魄強。是以有精爽。至於神明。其死如此。其生何獨	002	魂 魄 強  是 以 有 精 爽  至 於 神 明  其 死 如 此  其 生 何 獨 
ZH_X65_1281_002:0202b11	不然。然此皆是生滅邊事。譬如作夢。錦帳香重重。固	002	不 然  然 此 皆 是 生 滅 邊 事  譬 如 作 夢  錦 帳 香 重 重  固 
ZH_X65_1281_002:0202b12	是一夢。席地幕天。亦是一夢。其夢中作麼生處。錦帳	002	是 一 夢  席 地 幕 天  亦 是 一 夢  其 夢 中 作 麼 生 處  錦 帳 
ZH_X65_1281_002:0202b13	圍香。與幕天席地。都沒交涉。若以曹溪始生之際。祥	002	圍 香  與 幕 天 席 地  都 沒 交 涉  若 以 曹 溪 始 生 之 際  祥 
ZH_X65_1281_002:0202b14	光燭天。異僧安名。跋陀留讖。聞金剛而發悟。聞涅槃	002	光 燭 天  異 僧 安 名  跋 陀 留 讖  聞 金 剛 而 發 悟  聞 涅 槃 
ZH_X65_1281_002:0202b15	而能講。種種靈異邊求曹溪。謂曹溪傳佛心印。實由	002	而 能 講  種 種 靈 異 邊 求 曹 溪  謂 曹 溪 傳 佛 心 印  實 由 
ZH_X65_1281_002:0202b16	再來。不可勉強。即是向繡幃金鴨邊尋好夢。謂好夢	002	再 來  不 可 勉 強  即 是 向 繡 幃 金 鴨 邊 尋 好 夢  謂 好 夢 
ZH_X65_1281_002:0202b17	不由合眼而得矣。豈知人人具足。箇箇不遺。只愁不	002	不 由 合 眼 而 得 矣  豈 知 人 人 具 足  箇 箇 不 遺  只 愁 不 
ZH_X65_1281_002:0202b18	肯合眼。不愁不會作夢。使曹溪無此許多靈異。渠實	002	肯 合 眼  不 愁 不 會 作 夢  使 曹 溪 無 此 許 多 靈 異  渠 實 
ZH_X65_1281_002:0202b19	實到得本來無一物。何處惹塵埃田地。亦能米白一	002	實 到 得 本 來 無 一 物  何 處 惹 塵 埃 田 地  亦 能 米 白 一 
ZH_X65_1281_002:0202b20	節。即成香飯。若無曹溪自性自度之力。雖有種種靈	002	節  即 成 香 飯  若 無 曹 溪 自 性 自 度 之 力  雖 有 種 種 靈 
ZH_X65_1281_002:0202b21	異。管取又過一生在。世間如曹溪種種靈異。而不如	002	異  管 取 又 過 一 生 在  世 間 如 曹 溪 種 種 靈 異  而 不 如 
ZH_X65_1281_002:0202b22	曹溪自性自度者。曆劫以來。決定不知凡幾。特既不	002	曹 溪 自 性 自 度 者  曆 劫 以 來  決 定 不 知 凡 幾  特 既 不 
ZH_X65_1281_002:0202b23	曾成箇曹溪。則亦不傳於後世耳。何得以傳佛心印。	002	曾 成 箇 曹 溪  則 亦 不 傳 於 後 世 耳  何 得 以 傳 佛 心 印  
ZH_X65_1281_002:0202b24	詡為再來。揑天下人之目。使之生花乎。至謂曹溪目	002	詡 為 再 來  揑 天 下 人 之 目  使 之 生 花 乎  至 謂 曹 溪 目 
ZH_X65_1281_002:0202b25	不識丁。為時當如此。益屬怪僻。夫蒼頡造字。以代結	002	不 識 丁  為 時 當 如 此  益 屬 怪 僻  夫 蒼 頡 造 字  以 代 結 
ZH_X65_1281_002:0202c01	繩。其功用之大。雖非一切器具所可比。然與製耒以	002	繩  其 功 用 之 大  雖 非 一 切 器 具 所 可 比  然 與 製 耒 以 
ZH_X65_1281_002:0202c02	耕。製室以居。製裘葛以衣。製炰燔以食。究是同途同	002	耕  製 室 以 居  製 裘 葛 以 衣  製 炰 燔 以 食  究 是 同 途 同 
ZH_X65_1281_002:0202c03	類。未有字以先。豈無賢聖。既有字以後。賢聖豈在字	002	類  未 有 字 以 先  豈 無 賢 聖  既 有 字 以 後  賢 聖 豈 在 字 
ZH_X65_1281_002:0202c04	中。賢聖用字。非字用賢聖。即以儒門論。亦在知得行	002	中  賢 聖 用 字  非 字 用 賢 聖  即 以 儒 門 論  亦 在 知 得 行 
ZH_X65_1281_002:0202c05	得盡周孔所垂字中之意。不在識得盡周孔所用以	002	得 盡 周 孔 所 垂 字 中 之 意  不 在 識 得 盡 周 孔 所 用 以 
ZH_X65_1281_002:0202c06	托意之字。何況宗門。識字不識字。有何交涉。不見永	002	托 意 之 字  何 況 宗 門  識 字 不 識 字  有 何 交 涉  不 見 永 
ZH_X65_1281_002:0202c07	嘉云。損法財。滅功德。莫不由斯心意識。請問識字之	002	嘉 云  損 法 財  滅 功 德  莫 不 由 斯 心 意 識  請 問 識 字 之 
ZH_X65_1281_002:0202c08	識。離得這心意識之識麼。若離不得。則損法財。滅功	002	識  離 得 這 心 意 識 之 識 麼  若 離 不 得  則 損 法 財  滅 功 
ZH_X65_1281_002:0202c09	德。正謂這箇識。何得自棄龍宮寶藏。伸手向貧子乞	002	德  正 謂 這 箇 識  何 得 自 棄 龍 宮 寶 藏  伸 手 向 貧 子 乞 
ZH_X65_1281_002:0202c10	一文耶。人即果如曹溪聞誦而能講。果如曹溪聞音	002	一 文 耶  人 即 果 如 曹 溪 聞 誦 而 能 講  果 如 曹 溪 聞 音 
ZH_X65_1281_002:0202c11	而發悟。果如曹溪說法如雲雨。果如曹溪偈頌圓妙	002	而 發 悟  果 如 曹 溪 說 法 如 雲 雨  果 如 曹 溪 偈 頌 圓 妙 
ZH_X65_1281_002:0202c12	昭徹。而不如曹溪自性自度。亦祇是萬劫繫驢橛。天	002	昭 徹  而 不 如 曹 溪 自 性 自 度  亦 祇 是 萬 劫 繫 驢 橛  天 
ZH_X65_1281_002:0202c13	地縣隔在。又何得向此等處覔曹溪。無你尋摸處。且	002	地 縣 隔 在  又 何 得 向 此 等 處 覔 曹 溪  無 你 尋 摸 處  且 
ZH_X65_1281_002:0202c14	情塵固蔽。又與識字不識字何干。識字則愈易滋其	002	情 塵 固 蔽  又 與 識 字 不 識 字 何 干  識 字 則 愈 易 滋 其 
ZH_X65_1281_002:0202c15	情塵固蔽。或有之矣。若以情塵固蔽。為不識字之罪。	002	情 塵 固 蔽  或 有 之 矣  若 以 情 塵 固 蔽  為 不 識 字 之 罪  
ZH_X65_1281_002:0202c16	則真所謂張公喫酒李公醉也。且如曹溪不識字。亦	002	則 真 所 謂 張 公 喫 酒 李 公 醉 也  且 如 曹 溪 不 識 字  亦 
ZH_X65_1281_002:0202c17	情塵固蔽耶。不識字而瞶瞶於世諦。則或有之。若無	002	情 塵 固 蔽 耶  不 識 字 而 瞶 瞶 於 世 諦  則 或 有 之  若 無 
ZH_X65_1281_002:0202c18	上妙道。不在字中。不可以識識。豈與識字不識字有	002	上 妙 道  不 在 字 中  不 可 以 識 識  豈 與 識 字 不 識 字 有 
ZH_X65_1281_002:0202c19	交涉哉。魔忍不過斥密雲不識字。又謂識字人方能	002	交 涉 哉  魔 忍 不 過 斥 密 雲 不 識 字  又 謂 識 字 人 方 能 
ZH_X65_1281_002:0202c20	悟道。取悅當時士大夫之無識者。使之疑天童而親	002	悟 道  取 悅 當 時 士 大 夫 之 無 識 者  使 之 疑 天 童 而 親 
ZH_X65_1281_002:0202c21	己。乃一俗物耳。謂之曰魔。尚屬儌倖　雲門說法。如	002	己  乃 一 俗 物 耳  謂 之 曰 魔  尚 屬 儌 倖  雲 門 說 法  如 
ZH_X65_1281_002:0202c22	雲雨絕。葢記雲門不肯以語言繫綴人。故一說之後。	002	雲 雨 絕  葢 記 雲 門 不 肯 以 語 言 繫 綴 人  故 一 說 之 後  
ZH_X65_1281_002:0202c23	都不存省。不許偖者紀錄。故謂之如雲雨絕。言如雨	002	都 不 存 省  不 許 偖 者 紀 錄  故 謂 之 如 雲 雨 絕  言 如 雨 
ZH_X65_1281_002:0202c24	既離雲。便不再到雲上。即李白詩雨落不上天之意	002	既 離 雲  便 不 再 到 雲 上  即 李 白 詩 雨 落 不 上 天 之 意 
ZH_X65_1281_002:0203a01	也。何得云說法如雲雨。又按南史。謝靈運譏孟顗曰。	002	也  何 得 云 說 法 如 雲 雨  又 按 南 史  謝 靈 運 譏 孟 顗 曰  
ZH_X65_1281_002:0203a02	學道當須慧業。丈人生天在靈運前。成佛當在靈運	002	學 道 當 須 慧 業  丈 人 生 天 在 靈 運 前  成 佛 當 在 靈 運 
ZH_X65_1281_002:0203a03	後。刻本傳譌。丈字譌為文字。遂成學道當須慧業文	002	後  刻 本 傳 譌  丈 字 譌 為 文 字  遂 成 學 道 當 須 慧 業 文 
ZH_X65_1281_002:0203a04	人。魔忍涉獵世典。而又不深曉。乃竊取謝靈運之謬	002	人  魔 忍 涉 獵 世 典  而 又 不 深 曉  乃 竊 取 謝 靈 運 之 謬 
ZH_X65_1281_002:0203a05	論。又屬謬論中之譌傳。發此一段魔說。良可噴飯。即	002	論  又 屬 謬 論 中 之 譌 傳  發 此 一 段 魔 說  良 可 噴 飯  即 
ZH_X65_1281_002:0203a06	以識字論。伊又何甞識字。	002	以 識 字 論  伊 又 何 甞 識 字  
ZH_X65_1281_002:0203a07	魔忍曰。淮陰侯破趙。出背水陣。令稗將傳飱。曰。今日	002	魔 忍 曰  淮 陰 侯 破 趙  出 背 水 陣  令 稗 將 傳 飱  曰  今 日 
ZH_X65_1281_002:0203a08	破趙會食。諸將皆莫信。徉應曰諾。既而果以克趙。諸	002	破 趙 會 食  諸 將 皆 莫 信  徉 應 曰 諾  既 而 果 以 克 趙  諸 
ZH_X65_1281_002:0203a09	將問曰。兵法右背山陵。前左水澤。今者將軍令臣等	002	將 問 曰  兵 法 右 背 山 陵  前 左 水 澤  今 者 將 軍 令 臣 等 
ZH_X65_1281_002:0203a10	反背水陣。臣等不服。然竟以勝。此何術也。信曰。此在	002	反 背 水 陣  臣 等 不 服  然 竟 以 勝  此 何 術 也  信 曰  此 在 
ZH_X65_1281_002:0203a11	兵法。顧諸君不察耳。兵法不曰陷之死地而後生。置	002	兵 法  顧 諸 君 不 察 耳  兵 法 不 曰 陷 之 死 地 而 後 生  置 
ZH_X65_1281_002:0203a12	之亡地而後存。且信非得素拊偱士大夫也。此所謂	002	之 亡 地 而 後 存  且 信 非 得 素 拊 偱 士 大 夫 也  此 所 謂 
ZH_X65_1281_002:0203a13	驅市人而戰之。其勢非置之死地。使人人自為戰。今	002	驅 市 人 而 戰 之  其 勢 非 置 之 死 地  使 人 人 自 為 戰  今 
ZH_X65_1281_002:0203a14	與之生地。皆走。寧尚可得而用之乎。諸將皆服。曰善	002	與 之 生 地  皆 走  寧 尚 可 得 而 用 之 乎  諸 將 皆 服  曰 善 
ZH_X65_1281_002:0203a15	非臣所及也。夫五家宗旨。備在四七二三諸祖臨機	002	非 臣 所 及 也  夫 五 家 宗 旨  備 在 四 七 二 三 諸 祖 臨 機 
ZH_X65_1281_002:0203a16	與奪之中。盲師無眼。自不能見。而謂曹溪以後。厥旁	002	與 奪 之 中  盲 師 無 眼  自 不 能 見  而 謂 曹 溪 以 後  厥 旁 
ZH_X65_1281_002:0203a17	岐。厥奇名異相。不惟不知臨濟諸宗。且未識曹溪。已	002	岐  厥 奇 名 異 相  不 惟 不 知 臨 濟 諸 宗  且 未 識 曹 溪  已 
ZH_X65_1281_002:0203a18	上為何等語也。嗚呼。	002	上 為 何 等 語 也  嗚 呼  
ZH_X65_1281_002:0203a19	引淮陰背水陣事。不過謂五宗語脉。皆陷之死地而	002	引 淮 陰 背 水 陣 事  不 過 謂 五 宗 語 脉  皆 陷 之 死 地 而 
ZH_X65_1281_002:0203a20	後生。置之亡地而後存耳。夫不向銀山鐵壁。死盡偷	002	後 生  置 之 亡 地 而 後 存 耳  夫 不 向 銀 山 鐵 壁  死 盡 偷 
ZH_X65_1281_002:0203a21	心。固不得[囗@力]地一聲。五花八裂。然謂此四七二三。臨	002	心  固 不 得 [囗力] 地 一 聲  五 花 八 裂  然 謂 此 四 七 二 三  臨 
ZH_X65_1281_002:0203a22	機與奪。即是宗旨。則何異寶鼠璞為玉璞。轉譏密雲	002	機 與 奪  即 是 宗 旨  則 何 異 寶 鼠 璞 為 玉 璞  轉 譏 密 雲 
ZH_X65_1281_002:0203a23	為盲師無眼。自不能見。而謂曹溪以後。厥旁岐。厥奇	002	為 盲 師 無 眼  自 不 能 見  而 謂 曹 溪 以 後  厥 旁 岐  厥 奇 
ZH_X65_1281_002:0203a24	名異相。不唯不知臨濟諸宗。且未識曹溪以上為何	002	名 異 相  不 唯 不 知 臨 濟 諸 宗  且 未 識 曹 溪 以 上 為 何 
ZH_X65_1281_002:0203a25	等語。如此妄說。真所謂以不狂為狂者矣。夫厥旁岐。	002	等 語  如 此 妄 說  真 所 謂 以 不 狂 為 狂 者 矣  夫 厥 旁 岐  
ZH_X65_1281_002:0203a26	厥奇名異相。即陷之死地而後生。置之亡地而後存。	002	厥 奇 名 異 相  即 陷 之 死 地 而 後 生  置 之 亡 地 而 後 存  
ZH_X65_1281_002:0203a27	種種善權方便是。魔忍死在厥旁岐。厥奇名異相等	002	種 種 善權方便 是  魔 忍 死 在 厥 旁 岐  厥 奇 名 異 相 等 
ZH_X65_1281_002:0203b01	字下。不知厥旁岐。厥奇名異相。即是自己口中所說。	002	字 下  不 知 厥 旁 岐  厥 奇 名 異 相  即 是 自 己 口 中 所 說  
ZH_X65_1281_002:0203b02	陷之死地而後生。置之亡地而後存之注脚也。然則	002	陷 之 死 地 而 後 生  置 之 亡 地 而 後 存 之 注 脚 也  然 則 
ZH_X65_1281_002:0203b03	不特不識曹溪。并亦不識臨濟在。則所謂陷之死地	002	不 特 不 識 曹 溪  并 亦 不 識 臨 濟 在  則 所 謂 陷 之 死 地 
ZH_X65_1281_002:0203b04	而後生。置之亡地而後存。亦是念言語漢。何甞向從	002	而 後 生  置 之 亡 地 而 後 存  亦 是 念 言 語 漢  何 甞 向 從 
ZH_X65_1281_002:0203b05	上古德處。得半杓來。譬如不識淮陰用兵。應時及節	002	上 古 德 處  得 半 杓 來  譬 如 不 識 淮 陰 用 兵  應 時 及 節 
ZH_X65_1281_002:0203b06	處。專一背水陣。將見盡驅入水。成王尋王邑昆陽故	002	處  專 一 背 水 陣  將 見 盡 驅 入 水  成 王 尋 王 邑 昆 陽 故 
ZH_X65_1281_002:0203b07	事耳。且此事說箇宗。早已不本分。無可奈何。強名為	002	事 耳  且 此 事 說 箇 宗  早 已 不 本 分  無 可 奈 何  強 名 為 
ZH_X65_1281_002:0203b08	宗。乃又生出臨濟諸宗。謂之一宗。已鈍置煞人。那堪	002	宗  乃 又 生 出 臨 濟 諸 宗  謂 之 一 宗  已 鈍 置 煞 人  那 堪 
ZH_X65_1281_002:0203b09	說箇諸宗。十方薄伽梵。一路涅槃門。可以諸宗塗污	002	說 箇 諸 宗  十 方 薄 伽 梵  一 路 涅 槃 門  可 以 諸 宗 塗 污 
ZH_X65_1281_002:0203b10	之耶。五官百骸。八萬四千毛孔。祇得一箇身。厥旁岐	002	之 耶  五 官 百 骸  八萬四千 毛 孔  祇 得 一 箇 身  厥 旁 岐 
ZH_X65_1281_002:0203b11	厥奇名異相。只得一箇善權方便。謂此八萬四千毛	002	厥 奇 名 異 相  只 得 一 箇 善權方便  謂 此 八萬四千 毛 
ZH_X65_1281_002:0203b12	孔之身為實相。不可也。謂此厥旁岐厥奇名異相之	002	孔 之 身 為 實 相  不 可 也  謂 此 厥 旁 岐 厥 奇 名 異 相 之 
ZH_X65_1281_002:0203b13	善權方便為實法。其又可乎。	002	善權方便 為 實 法  其 又 可 乎  
ZH_X65_1281_002:0203b15	魔忍曰。達摩東來六世而有曹溪。自曹溪而後分為	002	魔 忍 曰  達 摩 東 來 六 世 而 有 曹 溪  自 曹 溪 而 後 分 為 
ZH_X65_1281_002:0203b16	兩支。其一曰青原思。思出石頭。為曹洞宗之祖。其一	002	兩 支  其 一 曰 青 原 思  思 出 石 頭  為 曹 洞 宗 之 祖  其 一 
ZH_X65_1281_002:0203b17	曰南嶽讓。讓出馬祖。為臨濟溈仰雲門法眼四宗之	002	曰 南 嶽 讓  讓 出 馬 祖  為 臨 濟 溈 仰 雲 門 法 眼 四 宗 之 
ZH_X65_1281_002:0203b18	祖。禮曰。別子為祖。繼別子為宗。百世不遷者。別子之	002	祖  禮 曰  別 子 為 祖  繼 別 子 為 宗  百 世 不 遷 者  別 子 之 
ZH_X65_1281_002:0203b19	後也。今達摩之道。以南嶽為別子。臨濟又南嶽後之	002	後 也  今 達 摩 之 道  以 南 嶽 為 別 子  臨 濟 又 南 嶽 後 之 
ZH_X65_1281_002:0203b20	別子也。五宗既定。當各宗其始別之祖。故源流始於	002	別 子 也  五 宗 既 定  當 各 宗 其 始 別 之 祖  故 源 流 始 於 
ZH_X65_1281_002:0203b21	臨濟。於義為安。不知廣通何所據依。而曰挽祖回風。	002	臨 濟  於 義 為 安  不 知 廣 通 何 所 據 依  而 曰 挽 祖 回 風  
ZH_X65_1281_002:0203b22	直接大鑒。若謂泝流窮源。則西天始於迦葉。東土始	002	直 接 大 鑒  若 謂 泝 流 窮 源  則 西 天 始 於 迦 葉  東 土 始 
ZH_X65_1281_002:0203b23	於達摩。通乃上棄迦葉達摩之元祖。下忘臨濟始別	002	於 達 摩  通 乃 上 棄 迦 葉 達 摩 之 元 祖  下 忘 臨 濟 始 別 
ZH_X65_1281_002:0203b24	之本宗。而中繼六祖。將何為者耶。况其言曰。馬祖以	002	之 本 宗  而 中 繼 六 祖  將 何 為 者 耶  况 其 言 曰  馬 祖 以 
ZH_X65_1281_002:0203b25	下。縱橫肆出。厥奇名異相。羅籠天下學者。則抹殺宗	002	下  縱 橫 肆 出  厥 奇 名 異 相  羅 籠 天 下 學 者  則 抹 殺 宗 
ZH_X65_1281_002:0203b26	旨之罪明甚。三峰力辨之。觸其忌諱。遂致相責。連篇	002	旨 之 罪 明 甚  三 峰 力 辨 之  觸 其 忌 諱  遂 致 相 責  連 篇 
ZH_X65_1281_002:0203b27	累牘。至今日而不已。葢不察三峰之用心也。傳曰。人	002	累 牘  至 今 日 而 不 已  葢 不 察 三 峰 之 用 心 也  傳 曰  人 
ZH_X65_1281_002:0203b28	之有技。若己有之。人之彥聖。其心好之。近世傳佛心	002	之 有 技  若 己 有 之  人 之 彥 聖  其 心 好 之  近 世 傳 佛 心 
ZH_X65_1281_002:0203b29	宗者。誠能好三峰之道以自輔。俾其考定乃祖乃宗	002	宗 者  誠 能 好 三 峰 之 道 以 自 輔  俾 其 考 定 乃 祖 乃 宗 
ZH_X65_1281_002:0203c01	法與名位。則曹洞溈仰可以並美。噫。亦晚矣。	002	法 與 名 位  則 曹 洞 溈 仰 可 以 並 美  噫  亦 晚 矣  
ZH_X65_1281_002:0203c02	宗門法嗣。稱為父子。蓋父子之義。生身所自。法嗣之	002	宗 門 法 嗣  稱 為 父 子  蓋 父 子 之 義  生 身 所 自  法 嗣 之 
ZH_X65_1281_002:0203c03	義。無生身所自。固非但有假名而無實義。要知實義	002	義  無 生 身 所 自  固 非 但 有 假 名 而 無 實 義  要 知 實 義 
ZH_X65_1281_002:0203c04	即是假名。然必悉如世法高曾祖考子孫曾元。斤斤	002	即 是 假 名  然 必 悉 如 世 法 高 曾 祖 考 子 孫 曾 元  斤 斤 
ZH_X65_1281_002:0203c05	論之。所為癡人前不可說夢。至若禮記所稱別子為	002	論 之  所 為 癡 人 前 不 可 說 夢  至 若 禮 記 所 稱 別 子 為 
ZH_X65_1281_002:0203c06	祖。繼別為宗等說。蓋因古之中華。與今之塞外部落。	002	祖  繼 別 為 宗 等 說  蓋 因 古 之 中 華  與 今 之 塞 外 部 落  
ZH_X65_1281_002:0203c07	相去不遠。不得不各君其國各子其民。既各君其國	002	相 去 不 遠  不 得 不 各 君 其 國 各 子 其 民  既 各 君 其 國 
ZH_X65_1281_002:0203c08	各子其民。則不得不有宗法。以為大宗小宗之別。使	002	各 子 其 民  則 不 得 不 有 宗 法  以 為 大 宗 小 宗 之 別  使 
ZH_X65_1281_002:0203c09	大宗世其爵土。以育小宗。小宗守其名義。以奉大宗。	002	大 宗 世 其 爵 土  以 育 小 宗  小 宗 守 其 名 義  以 奉 大 宗  
ZH_X65_1281_002:0203c10	故曰。宗。尊也。後世封建變為郡縣。而儒門猶以古之	002	故 曰  宗  尊 也  後 世 封 建 變 為 郡 縣  而 儒 門 猶 以 古 之 
ZH_X65_1281_002:0203c11	宗法。理今之族人。亦是癡人前不可說夢。今魔忍謂	002	宗 法  理 今 之 族 人  亦 是 癡 人 前 不 可 說 夢  今 魔 忍 謂 
ZH_X65_1281_002:0203c12	南嶽為別子。臨濟又南嶽後之別子。五宗既定。當各	002	南 嶽 為 別 子  臨 濟 又 南 嶽 後 之 別 子  五 宗 既 定  當 各 
ZH_X65_1281_002:0203c13	宗其始別之祖。更是癡夢說癡夢矣。夫別子也者。支	002	宗 其 始 別 之 祖  更 是 癡 夢 說 癡 夢 矣  夫 別 子 也 者  支 
ZH_X65_1281_002:0203c14	子也。庶子也。支庶之名。以有嫡子而起。別於嫡子。故	002	子 也  庶 子 也  支 庶 之 名  以 有 嫡 子 而 起  別 於 嫡 子  故 
ZH_X65_1281_002:0203c15	曰別子。今曹溪法嗣四十三人。究竟四十三人中。何	002	曰 別 子  今 曹 溪 法 嗣 四 十 三 人  究 竟 四 十 三 人 中  何 
ZH_X65_1281_002:0203c16	人是其嫡子。何人非其嫡子。乃以青原南嶽俱作別	002	人 是 其 嫡 子  何 人 非 其 嫡 子  乃 以 青 原 南 嶽 俱 作 別 
ZH_X65_1281_002:0203c17	子論可乎。又詆廣通直接曹溪之說。為抹殺宗旨。又	002	子 論 可 乎  又 詆 廣 通 直 接 曹 溪 之 說  為 抹 殺 宗 旨  又 
ZH_X65_1281_002:0203c18	斥其上棄迦葉達摩之元祖。下忘臨濟始別之本宗。	002	斥 其 上 棄 迦 葉 達 摩 之 元 祖  下 忘 臨 濟 始 別 之 本 宗  
ZH_X65_1281_002:0203c19	夫論自性自度。則非從人得。并不得謂己得。且釋迦	002	夫 論 自 性 自 度  則 非 從 人 得  并 不 得 謂 己 得  且 釋 迦 
ZH_X65_1281_002:0203c20	與己。等是無得。亦不可云從釋迦得。亦不可云非從	002	與 己  等 是 無 得  亦 不 可 云 從 釋 迦 得  亦 不 可 云 非 從 
ZH_X65_1281_002:0203c21	釋迦得。然而得無所得。莫不歡喜讚歎感激。無可名	002	釋 迦 得  然 而 得 無 所 得  莫 不 歡 喜 讚 歎 感 激  無 可 名 
ZH_X65_1281_002:0203c22	言。則曰釋迦牟尼佛大慈悲父。若如魔忍之論。則稱	002	言  則 曰 釋 迦 牟 尼 佛 大 慈 悲 父  若 如 魔 忍 之 論  則 稱 
ZH_X65_1281_002:0203c23	釋迦牟尼為大慈悲父者。便是滅煞從上古德。而昌	002	釋 迦 牟 尼 為 大 慈 悲 父 者  便 是 滅 煞 從 上 古 德  而 昌 
ZH_X65_1281_002:0203c24	認西天第三祖以下為兒孫耶。若論宗旨。不得舉一。	002	認 西 天 第 三 祖 以 下 為 兒 孫 耶  若 論 宗 旨  不 得 舉 一  
ZH_X65_1281_002:0204a01	若云門庭施設。則厥奇名異相。無所不可。況所云宗	002	若 云 門 庭 施 設  則 厥 奇 名 異 相  無 所 不 可  況 所 云 宗 
ZH_X65_1281_002:0204a02	旨。亦是奇名異相。亦是門庭施設。若作實法會。并門	002	旨  亦 是 奇 名 異 相  亦 是 門 庭 施 設  若 作 實 法 會  并 門 
ZH_X65_1281_002:0204a03	庭施設亦非。乃欲天下後世宗徒。並好伊師之說。考	002	庭 施 設 亦 非  乃 欲 天 下 後 世 宗 徒  並 好 伊 師 之 說  考 
ZH_X65_1281_002:0204a04	定乃祖乃宗法與名位。牽連一坑埋却。不識伊乃祖	002	定 乃 祖 乃 宗 法 與 名 位  牽 連 一 坑 埋 却  不 識 伊 乃 祖 
ZH_X65_1281_002:0204a05	乃宗法與名位。是何等邪魔外道。古人云。臨濟小廝	002	乃 宗 法 與 名 位  是 何 等 邪 魔 外 道  古 人 云  臨 濟 小 廝 
ZH_X65_1281_002:0204a06	兒。亦具一隻眼。伊雖欲牽之入火坑。臨濟固是如水	002	兒  亦 具 一 隻 眼  伊 雖 欲 牽 之 入 火 坑  臨 濟 固 是 如 水 
ZH_X65_1281_002:0204a07	不可入。如火不可近。如地不可捨。如風不可捉也。	002	不 可 入  如 火 不 可 近  如 地 不 可 捨  如 風 不 可 捉 也  
ZH_X65_1281_002:0204a08	宗門不涉文字。固不得以文字辨論。但魔藏父子。動	002	宗 門 不 涉 文 字  固 不 得 以 文 字 辨 論  但 魔 藏 父 子  動 
ZH_X65_1281_002:0204a09	即援引世典。差排牽合。又不得不即以世典明其舛	002	即 援 引 世 典  差 排 牽 合  又 不 得 不 即 以 世 典 明 其 舛 
ZH_X65_1281_002:0204a10	謬。以解無學者之惑也。夫宗法之宗。與宗門之宗。不	002	謬  以 解 無 學 者 之 惑 也  夫 宗 法 之 宗  與 宗 門 之 宗  不 
ZH_X65_1281_002:0204a11	過宗字偶同。其實方底圓蓋。宗法之宗。宗者尊也。如	002	過 宗 字 偶 同  其 實 方 底 圓 蓋  宗 法 之 宗  宗 者 尊 也  如 
ZH_X65_1281_002:0204a12	周天子則為大宗。為天下之所尊。若魯若衛。則為別	002	周 天 子 則 為 大 宗  為 天 下 之 所 尊  若 魯 若 衛  則 為 別 
ZH_X65_1281_002:0204a13	子。為小宗。為一國之所尊。其在異姓。如太公望開國	002	子  為 小 宗  為 一 國 之 所 尊  其 在 異 姓  如 太 公 望 開 國 
ZH_X65_1281_002:0204a14	於齊。則為大宗。為一國之所尊。若丁若桓。則為別子。	002	於 齊  則 為 大 宗  為 一 國 之 所 尊  若 丁 若 桓  則 為 別 子  
ZH_X65_1281_002:0204a15	為小宗。為一家之所尊。至於禪宗宗字。與宗法有何。	002	為 小 宗  為 一 家 之 所 尊  至 於 禪 宗 宗 字  與 宗 法 有 何  
ZH_X65_1281_002:0204a16	交涉。宗者。總持之謂也。到此言語道斷。心行處滅。為	002	交 涉  宗 者  總 持 之 謂 也  到 此 言語道斷  心行處滅  為 
ZH_X65_1281_002:0204a17	一總持。涅槃不二。不知其名。強名曰宗。是故教曰說	002	一 總 持  涅 槃 不 二  不 知 其 名  強 名 曰 宗  是 故 教 曰 說 
ZH_X65_1281_002:0204a18	通。宗曰宗通。宗之為言。如是如是。達摩破六宗而為	002	通  宗 曰 宗 通  宗 之 為 言  如是如是  達 摩 破 六 宗 而 為 
ZH_X65_1281_002:0204a19	教外別傳之一宗。大鑒大通分為南宗北宗。其後南	002	教 外 別 傳 之 一 宗  大 鑒 大 通 分 為 南 宗 北 宗  其 後 南 
ZH_X65_1281_002:0204a20	宗又分為曹洞臨濟溈仰雲門法眼五宗。蓋皆唱導	002	宗 又 分 為 曹 洞 臨 濟 溈 仰 雲 門 法 眼 五 宗  蓋 皆 唱 導 
ZH_X65_1281_002:0204a21	一時。為人所欽仰。而推崇之為某宗而已。與嗣續之	002	一 時  為 人 所 欽 仰  而 推 崇 之 為 某 宗 而 已  與 嗣 續 之 
ZH_X65_1281_002:0204a22	義何涉。如何牽合傅會。歷代無識啞羊。輙欲攀古名	002	義 何 涉  如 何 牽 合 傅 會  歷 代 無 識 啞 羊  輙 欲 攀 古 名 
ZH_X65_1281_002:0204a23	宿為之祖父。以為世榮。誤認禪門宗字。與宗法宗字	002	宿 為 之 祖 父  以 為 世 榮  誤 認 禪 門 宗 字  與 宗 法 宗 字 
ZH_X65_1281_002:0204a24	同義。於是議論蜂起。聚訟不休。遂成五家各有宗旨。	002	同 義  於 是 議 論 蜂 起  聚 訟 不 休  遂 成 五 家 各 有 宗 旨  
ZH_X65_1281_002:0204b01	各傳其子孫。齊文定旨。逐語分宗。口傳耳授。意想識	002	各 傳 其 子 孫  齊 文 定 旨  逐 語 分 宗  口 傳 耳 授  意 想 識 
ZH_X65_1281_002:0204b02	知。將曹溪一味醍醐。化為五般毒藥。吁可歎也。殊不	002	知  將 曹 溪 一 味 醍 醐  化 為 五 般 毒 藥  吁 可 歎 也  殊 不 
ZH_X65_1281_002:0204b03	思宗法必合考妣而論之。以分宗子別子。禪門何由	002	思 宗 法 必 合 考 妣 而 論 之  以 分 宗 子 別 子  禪 門 何 由 
ZH_X65_1281_002:0204b04	強同。即景德傳燈錄。有旁出法嗣之名。亦屬謬見。佛	002	強 同  即 景 德 傳 燈 錄  有 旁 出 法 嗣 之 名  亦 屬 謬 見  佛 
ZH_X65_1281_002:0204b05	說十方薄伽梵。一路涅槃門。又曰。唯此一事實。餘二	002	說 十 方 薄 伽 梵  一 路 涅 槃 門  又 曰  唯 此 一 事 實  餘 二 
ZH_X65_1281_002:0204b06	即非真。稍涉旁岐。即屬外道。安得有旁出而又可謂	002	即 非 真  稍 涉 旁 岐  即 屬 外 道  安 得 有 旁 出 而 又 可 謂 
ZH_X65_1281_002:0204b07	之法嗣之理。此事無邊而不中。可曰旁乎。不出而不	002	之 法 嗣 之 理  此 事 無 邊 而 不 中  可 曰 旁 乎  不 出 而 不 
ZH_X65_1281_002:0204b08	入。可曰出乎。密雲悟付法藏留為旁出一枝。即屬智	002	入  可 曰 出 乎  密 雲 悟 付 法 藏 留 為 旁 出 一 枝  即 屬 智 
ZH_X65_1281_002:0204b09	眼不明。魔藏父子乃欲考定宗法。自立為臨濟正宗。	002	眼 不 明  魔 藏 父 子 乃 欲 考 定 宗 法  自 立 為 臨 濟 正 宗  
ZH_X65_1281_002:0204b10	種種貪嗔癡相。不過欲諱却旁出二字。而不自知其	002	種 種 貪 嗔 癡 相  不 過 欲 諱 却 旁 出 二 字  而 不 自 知 其 
ZH_X65_1281_002:0204b11	說之謬戾至於此極也。魔藏輩每斥密雲目不識丁。	002	說 之 謬 戾 至 於 此 極 也  魔 藏 輩 每 斥 密 雲 目 不 識 丁  
ZH_X65_1281_002:0204b12	不知伊識丁之害。大至絕人慧命。小亦累人笑而齒	002	不 知 伊 識 丁 之 害  大 至 絕 人 慧 命  小 亦 累 人 笑 而 齒 
ZH_X65_1281_002:0204b13	冷。	002	冷  
ZH_X65_1281_002:0204b14	魔忍曰。六人共證一體。如初祖皮肉骨髓。以揀道之	002	魔 忍 曰  六 人 共 證 一 體  如 初 祖 皮 肉 骨 髓  以 揀 道 之 
ZH_X65_1281_002:0204b15	偏全。其意固不在是。闢書未免隨語生解耳。昔者雪	002	偏 全  其 意 固 不 在 是  闢 書 未 免 隨 語 生 解 耳  昔 者 雪 
ZH_X65_1281_002:0204b16	竇顯公典客太陽。客與論趙州宗旨。曰法眼禪師昔	002	竇 顯 公 典 客 太 陽  客 與 論 趙 州 宗 旨  曰 法 眼 禪 師 昔 
ZH_X65_1281_002:0204b17	邂逅覺鐵嘴於金陵。問曰。趙州栢子因緣還記得否	002	邂 逅 覺 鐵 嘴 於 金 陵  問 曰  趙 州 栢 子 因 緣 還 記 得 否 
ZH_X65_1281_002:0204b18	覺曰。先師無此語。莫謗先師好。法眼拊手曰。真自師	002	覺 曰  先 師 無 此 語  莫 謗 先 師 好  法 眼 拊 手 曰  真 自 師 
ZH_X65_1281_002:0204b19	子窟中來。覺公言無此語而法眼肯之。其旨安在。顯	002	子 窟 中 來  覺 公 言 無 此 語 而 法 眼 肯 之  其 旨 安 在  顯 
ZH_X65_1281_002:0204b20	對曰。宗門抑揚。那有規轍乎。有苦行名韓大伯者。貌	002	對 曰  宗 門 抑 揚  那 有 規 轍 乎  有 苦 行 名 韓 大 伯 者  貌 
ZH_X65_1281_002:0204b21	寒寢。侍其旁。輙匿笑而去。顯怒曰。我對客語。爾敢慢	002	寒 寢  侍 其 旁  輙 匿 笑 而 去  顯 怒 曰  我 對 客 語  爾 敢 慢 
ZH_X65_1281_002:0204b22	笑。何耶。對曰。笑知客智眼未正。擇法不明。顯曰。豈有	002	笑  何 耶  對 曰  笑 知 客 智 眼 未 正  擇 法 不 明  顯 曰  豈 有 
ZH_X65_1281_002:0204b23	說乎。對以偈曰。一兔橫身當古路。蒼鷹纔見便生擒	002	說 乎  對 以 偈 曰  一 兔 橫 身 當 古 路  蒼 鷹 纔 見 便 生 擒 
ZH_X65_1281_002:0204b24	後來獵犬無靈性。猶向枯樁舊處尋。顯陰異之。結以	002	後 來 獵 犬 無 靈 性  猶 向 枯 樁 舊 處 尋  顯 陰 異 之  結 以 
ZH_X65_1281_002:0204b25	為友。嗟夫。韓大伯者。固奇矣。而顯公受善遷過。更不	002	為 友  嗟 夫  韓 大 伯 者  固 奇 矣  而 顯 公 受 善 遷 過  更 不 
ZH_X65_1281_002:0204b26	可得。真古今傑士哉。	002	可 得  真 古 今 傑 士 哉  
ZH_X65_1281_002:0204b27	無善也。無過也。并無善無過之無亦無也。無無既無。	002	無 善 也  無 過 也  并 無 善 無 過 之 無 亦 無 也  無 無 既 無  
ZH_X65_1281_002:0204b28	纔名初發心住。三藏十二分千七百則公案。道是善	002	纔 名 初 發 心 住  三 藏 十 二 分 千 七 百 則 公 案  道 是 善 
ZH_X65_1281_002:0204c01	則皆善。不待成卷成則。成句成字而後善。舉筆沁墨。	002	則 皆 善  不 待 成 卷 成 則  成 句 成 字 而 後 善  舉 筆 沁 墨  
ZH_X65_1281_002:0204c02	落紙成點而已善。開口轉喉。出氣發聲而已善。道是	002	落 紙 成 點 而 已 善  開 口 轉 喉  出 氣 發 聲 而 已 善  道 是 
ZH_X65_1281_002:0204c03	過。則皆過。亦不待成卷成則。成句成字而後有過。舉	002	過  則 皆 過  亦 不 待 成 卷 成 則  成 句 成 字 而 後 有 過  舉 
ZH_X65_1281_002:0204c04	筆沁墨。落紙成點已成大過開口轉喉。出氣發聲已	002	筆 沁 墨  落 紙 成 點 已 成 大 過 開 口 轉 喉  出 氣 發 聲 已 
ZH_X65_1281_002:0204c05	成大過。於此尚未薦取。便欲談宗說旨。盡成世諦流	002	成 大 過  於 此 尚 未 薦 取  便 欲 談 宗 說 旨  盡 成 世 諦 流 
ZH_X65_1281_002:0204c06	布矣。何有吾宗。所以法眼益覺鐵嘴論趙州栢樹子	002	布 矣  何 有 吾 宗  所 以 法 眼 益 覺 鐵 嘴 論 趙 州 栢 樹 子 
ZH_X65_1281_002:0204c07	公案。覺謂先師。無此語莫謗先師好。法眼拊手嘖嘖。	002	公 案  覺 謂 先 師  無 此 語 莫 謗 先 師 好  法 眼 拊 手 嘖 嘖  
ZH_X65_1281_002:0204c08	歎為真自師子窟中來。而韓大伯并不肯雪竇宗門	002	歎 為 真 自 師 子 窟 中 來  而 韓 大 伯 并 不 肯 雪 竇 宗 門 
ZH_X65_1281_002:0204c09	抑揚無軌轍之語。爰有蒼鷹擒兔頑犬尋樁之喻。魔	002	抑 揚 無 軌 轍 之 語  爰 有 蒼 鷹 擒 兔 頑 犬 尋 樁 之 喻  魔 
ZH_X65_1281_002:0204c10	忍乃謂雪竇遷善改過。夫韓大伯何善而雪竇何過	002	忍 乃 謂 雪 竇 遷 善 改 過  夫 韓 大 伯 何 善 而 雪 竇 何 過 
ZH_X65_1281_002:0204c11	耶。其意不過暗刺天童闢書之為飾非拒諫。不知其	002	耶  其 意 不 過 暗 刺 天 童 闢 書 之 為 飾 非 拒 諫  不 知 其 
ZH_X65_1281_002:0204c12	為埋沒雪竇。埋沒韓大伯。埋沒覺鐵嘴。埋沒法眼。埋	002	為 埋 沒 雪 竇  埋 沒 韓 大 伯  埋 沒 覺 鐵 嘴  埋 沒 法 眼  埋 
ZH_X65_1281_002:0204c13	沒趙州。埋沒達摩。埋沒栢樹子。鷹兔犬。埋沒魔忍自	002	沒 趙 州  埋 沒 達 摩  埋 沒 栢 樹 子  鷹 兔 犬  埋 沒 魔 忍 自 
ZH_X65_1281_002:0204c14	己本命元辰。特教密雲悟一橛頭硬禪。逞智作威。一	002	己 本 命 元 辰  特 教 密 雲 悟 一 橛 頭 硬 禪  逞 智 作 威  一 
ZH_X65_1281_002:0204c15	棒直打到底耳。夫一棒亦可為躲跟窠臼。然一棒又	002	棒 直 打 到 底 耳  夫 一 棒 亦 可 為 躲 跟 窠 臼  然 一 棒 又 
ZH_X65_1281_002:0204c16	豈非直透三關。若因一棒打著色身。而色身中是見	002	豈 非 直 透 三 關  若 因 一 棒 打 著 色 身  而 色 身 中 是 見 
ZH_X65_1281_002:0204c17	非見。善見過見。熾然發露。於是疑之謗之。誣之陷之。	002	非 見  善 見 過 見  熾 然 發 露  於 是 疑 之 謗 之  誣 之 陷 之  
ZH_X65_1281_002:0204c18	不知柱杖子早已勃跳上三十三天。恁爾向舊處捉	002	不 知 柱 杖 子 早 已 勃 跳 上 三十三天  恁 爾 向 舊 處 捉 
ZH_X65_1281_002:0204c19	搦。真韓大伯所為獵犬無靈性也已。	002	搦  真 韓 大 伯 所 為 獵 犬 無 靈 性 也 已  
ZH_X65_1281_002:0204c20	魔忍曰。馬大師闡化於江西。南嶽問眾曰。道一為眾	002	魔 忍 曰  馬 大 師 闡 化 於 江 西  南 嶽 問 眾 曰  道 一 為 眾 
ZH_X65_1281_002:0204c21	說法否。眾曰。已為眾說法。師曰。總未見人持箇消息	002	說 法 否  眾 曰  已 為 眾 說 法  師 曰  總 未 見 人 持 箇 消 息 
ZH_X65_1281_002:0204c22	來。眾無對。因遣一僧去。囑曰。待伊上堂時。但問作麼	002	來  眾 無 對  因 遣 一 僧 去  囑 曰  待 伊 上 堂 時  但 問 作 麼 
ZH_X65_1281_002:0204c23	生。伊道底言語記將來。僧去。一如師旨。回。謂師曰。馬	002	生  伊 道 底 言 語 記 將 來  僧 去  一 如 師 旨  回  謂 師 曰  馬 
ZH_X65_1281_002:0204c24	師云。自從胡亂後。三十年不曾少鹽醬。師然之。此一	002	師 云  自 從 胡 亂 後  三 十 年 不 曾 少 鹽 醬  師 然 之  此 一 
ZH_X65_1281_002:0204c25	語。是塞心性義路之錮鏴。摧生死魔軍之利劍。而直	002	語  是 塞 心 性 義 路 之 錮 鏴  摧 生 死 魔 軍 之 利 劍  而 直 
ZH_X65_1281_002:0204c26	指人心見性成佛之指南車也。金剛棘蓬。穿人鼻孔	002	指 人 心 見 性 成 佛 之 指 南 車 也  金 剛 棘 蓬  穿 人 鼻 孔 
ZH_X65_1281_002:0205a01	者。自此而始。但不可向癡人說夢耳。	002	者  自 此 而 始  但 不 可 向 癡 人 說 夢 耳  
ZH_X65_1281_002:0205a02	心性義路。即是唯識真詮。生死魔軍。即是涅槃佛果。	002	心 性 義 路  即 是 唯 識 真 詮  生 死 魔 軍  即 是 涅 槃 佛 果  
ZH_X65_1281_002:0205a03	古德云。若取一法。不成法身。若捨一法。不成法身。若	002	古 德 云  若 取 一 法  不 成 法 身  若 捨 一 法  不 成 法 身  若 
ZH_X65_1281_002:0205a04	欠一法。不成法身。若剩一法。不成法身。安得厭離心	002	欠 一 法  不 成 法 身  若 剩 一 法  不 成 法 身  安 得 厭 離 心 
ZH_X65_1281_002:0205a05	性義路。而為錮鏴以塞之。自塞。則為怖頭。塞他。則為	002	性 義 路  而 為 錮 鏴 以 塞 之  自 塞  則 為 怖 頭  塞 他  則 為 
ZH_X65_1281_002:0205a06	狂藥。況諸佛在眾生生死海裏。眾生在諸佛無生死	002	狂 藥  況 諸 佛 在 眾 生 生 死 海 裏  眾 生 在 諸 佛 無 生 死 
ZH_X65_1281_002:0205a07	門中。佛見若起。即為是魔。魔罥若空。即為是佛。欲斷	002	門 中  佛 見 若 起  即 為 是 魔  魔 罥 若 空  即 為 是 佛  欲 斷 
ZH_X65_1281_002:0205a08	生死。即不了生死。既了生死。乃本無生死。又何得有	002	生 死  即 不 了 生 死  既 了 生 死  乃 本 無 生 死  又 何 得 有 
ZH_X65_1281_002:0205a09	所為摧生死魔軍之利劍乎。況義路乃識神生死本。	002	所 為 摧 生 死 魔 軍 之 利 劍 乎  況 義 路 乃 識 神 生 死 本  
ZH_X65_1281_002:0205a10	唯了達心性。則義路即是涅槃。今混心性義路而一	002	唯 了 達 心 性  則 義 路 即 是 涅 槃  今 混 心 性 義 路 而 一 
ZH_X65_1281_002:0205a11	之。不知既曰心性。何云義路。既曰義路。何云心性耶。	002	之  不 知 既 曰 心 性  何 云 義 路  既 曰 義 路  何 云 心 性 耶  
ZH_X65_1281_002:0205a12	生死者。眾生見耳。不了生死而欲斷生死。期為魔見。	002	生 死 者  眾 生 見 耳  不 了 生 死 而 欲 斷 生 死  期 為 魔 見  
ZH_X65_1281_002:0205a13	今以生死為魔軍。可見其未了生死。夫天地萬物。並	002	今 以 生 死 為 魔 軍  可 見 其 未 了 生 死  夫 天 地 萬 物  並 
ZH_X65_1281_002:0205a14	在生死海內。豈得斥之曰魔。足知伊之為魔眷屬。直	002	在 生 死 海 內  豈 得 斥 之 曰 魔  足 知 伊 之 為 魔 眷 屬  直 
ZH_X65_1281_002:0205a15	指人心見性成佛者。橫該十方一切處。竪徹三際一	002	指 人 心 見 性 成 佛 者  橫 該 十 方 一 切 處  竪 徹 三 際 一 
ZH_X65_1281_002:0205a16	切時。皆是心。皆是佛。故曰。如牟尼珠。體非一色。如寶	002	切 時  皆 是 心  皆 是 佛  故 曰  如 牟 尼 珠  體 非 一 色  如 寶 
ZH_X65_1281_002:0205a17	絲網。層映相連。是為圓宗。不出而不入。安得有指南	002	絲 網  層 映 相 連  是 為 圓 宗  不 出 而 不 入  安 得 有 指 南 
ZH_X65_1281_002:0205a18	車之可喻。如以指南車喻。則此圓宗。是有一定之所。	002	車 之 可 喻  如 以 指 南 車 喻  則 此 圓 宗  是 有 一 定 之 所  
ZH_X65_1281_002:0205a19	而馬祖此句。實有直指之能。能所雙黏。圓宗頓泯矣。	002	而 馬 祖 此 句  實 有 直 指 之 能  能 所 雙 黏  圓 宗 頓 泯 矣  
ZH_X65_1281_002:0205a20	夫唯這箇。唯證乃知。不可以語言文字傳。雖有無礙	002	夫 唯 這 箇  唯 證 乃 知  不 可 以 語 言 文 字 傳  雖 有 無 礙 
ZH_X65_1281_002:0205a21	辨才。不能使未證者。因吾語言文字而證。若其因之	002	辨 才  不 能 使 未 證 者  因 吾 語 言 文 字 而 證  若 其 因 之 
ZH_X65_1281_002:0205a22	而證。還是伊自心自證。否則說者徹底說破。聽者依	002	而 證  還 是 伊 自 心 自 證  否 則 說 者 徹 底 說 破  聽 者 依 
ZH_X65_1281_002:0205a23	然囫圇。轉礙伊正見。所以古人有父母所生口。終不	002	然 囫 圇  轉 礙 伊 正 見  所 以 古 人 有 父母所生 口  終 不 
ZH_X65_1281_002:0205a24	為汝說之語。令人自心自證。善權方便。則以無義味	002	為 汝 說 之 語  令 人 自 心 自 證  善權方便  則 以 無 義 味 
ZH_X65_1281_002:0205b01	語。置伊八識田中。如金剛圈。如栗棘蓬。吞不得。吐不	002	語  置 伊 八 識 田 中  如 金 剛 圈  如 栗 棘 蓬  吞 不 得  吐 不 
ZH_X65_1281_002:0205b02	得。到得真參實悟。報恩有分。此正古德無緣之大慈。	002	得  到 得 真 參 實 悟  報 恩 有 分  此 正 古 德 無 緣 之 大 慈  
ZH_X65_1281_002:0205b03	同體之大悲。豈欲將此穿人鼻孔。操縱自由。是何心	002	同 體 之 大 悲  豈 欲 將 此 穿 人 鼻 孔  操 縱 自 由  是 何 心 
ZH_X65_1281_002:0205b04	行耶。且此數句。與馬祖上堂。自從胡亂後。三十年不	002	行 耶  且 此 數 句  與 馬 祖 上 堂  自 從 胡 亂 後  三 十 年 不 
ZH_X65_1281_002:0205b05	曾少鹽醬。有何交涉。馬祖闡化江西。南嶽以無人持	002	曾 少 鹽 醬  有 何 交 涉  馬 祖 闡 化 江 西  南 嶽 以 無 人 持 
ZH_X65_1281_002:0205b06	箇消息來。遣一僧往。驀問作麼生。馬祖乃作是語。蓋	002	箇 消 息 來  遣 一 僧 往  驀 問 作 麼 生  馬 祖 乃 作 是 語  蓋 
ZH_X65_1281_002:0205b07	其境智融通。理事無礙。絲毫不離本分。即便以本分	002	其 境 智 融 通  理 事 無 礙  絲 毫 不 離 本 分  即 便 以 本 分 
ZH_X65_1281_002:0205b08	事接人。隨緣應機。答此驀問作麼生之僧耳。何甞謂	002	事 接 人  隨 緣 應 機  答 此 驀 問 作 麼 生 之 僧 耳  何 甞 謂 
ZH_X65_1281_002:0205b09	此一語。可以蔽塞義路。斫斷生死。有指人成佛之能。	002	此 一 語  可 以 蔽 塞 義 路  斫 斷 生 死  有 指 人 成 佛 之 能  
ZH_X65_1281_002:0205b10	可為穿人鼻孔之具。流傳數千百年。宗旨自此始立	002	可 為 穿 人 鼻 孔 之 具  流 傳 數 千 百 年  宗 旨 自 此 始 立 
ZH_X65_1281_002:0205b11	耶。如魔忍者。正是癡人說夢。乃轉謂癡人前不可說	002	耶  如 魔 忍 者  正 是 癡 人 說 夢  乃 轉 謂 癡 人 前 不 可 說 
ZH_X65_1281_002:0205b12	夢。何其謬也。圓悟云。若向下委曲提持。則敲牀竪拂。	002	夢  何 其 謬 也  圓 悟 云  若 向 下 委 曲 提 持  則 敲 牀 竪 拂  
ZH_X65_1281_002:0205b13	瞬目揚眉。或語或默。說有說無。若向上提掇。如擊石	002	瞬 目 揚 眉  或 語 或 默  說 有 說 無  若 向 上 提 掇  如 擊 石 
ZH_X65_1281_002:0205b14	火。似閃電光。有時行棒。有時行喝。有時箭鋒相拄。有	002	火  似 閃 電 光  有 時 行 棒  有 時 行 喝  有 時 箭 鋒 相 拄  有 
ZH_X65_1281_002:0205b15	時佛眼覷不見。雖然如是。猶有向上向下。忽遇其中	002	時 佛 眼 覷 不 見  雖 然 如 是  猶 有 向 上 向 下  忽 遇 其 中 
ZH_X65_1281_002:0205b16	人。却沒許多般事。只是現成。所以道。山是山。水是水。	002	人  却 沒 許 多 般 事  只 是 現 成  所 以 道  山 是 山  水 是 水  
ZH_X65_1281_002:0205b17	天是天。地是地。不移易一絲毫。正當恁麼時。還委悉	002	天 是 天  地 是 地  不 移 易 一 絲 毫  正 當 恁 麼 時  還 委 悉 
ZH_X65_1281_002:0205b18	麼。萬邦有道歸皇化。偃息干戈樂太平。圓悟此則語	002	麼  萬 邦 有 道 歸 皇 化  偃 息 干 戈 樂 太 平  圓 悟 此 則 語 
ZH_X65_1281_002:0205b19	句。學人薦得。自知馬大師落處。直是現成。魔忍說妙	002	句  學 人 薦 得  自 知 馬 大 師 落 處  直 是 現 成  魔 忍 說 妙 
ZH_X65_1281_002:0205b20	談元。皆為實法。	002	談 元  皆 為 實 法  
ZH_X65_1281_002:0205b21	魔忍曰。大師應般若多羅之識。為震旦第一法王。觀	002	魔 忍 曰  大 師 應 般 若 多 羅 之 識  為 震 旦 第 一 法 王  觀 
ZH_X65_1281_002:0205b22	其施設。如石季倫讌客。雖廚廁[(白-日+田)/廾]穢之地。羅列雜寶。	002	其 施 設  如 石 季 倫 讌 客  雖 廚 廁 [白日田廾] 穢 之 地  羅 列 雜 寶  
ZH_X65_1281_002:0205b23	客隨手而得之。徃徃揖婢為夫人。錯愕遷避。自謂入	002	客 隨 手 而 得 之  徃 徃 揖 婢 為 夫 人  錯 愕 遷 避  自 謂 入 
ZH_X65_1281_002:0205b24	崇之室。及其登廣筵。罰巨觥。照以明月之珠。使綠珠	002	崇 之 室  及 其 登 廣 筵  罰 巨 觥  照 以 明 月 之 珠  使 綠 珠 
ZH_X65_1281_002:0205b25	歌於前。十丈珊瑚。一擊粉碎又不覺爽然自失。此大	002	歌 於 前  十 丈 珊 瑚  一 擊 粉 碎 又 不 覺 爽 然 自 失  此 大 
ZH_X65_1281_002:0205c01	智之得於扭鼻而失於最後之一喝。臨濟所謂吹毛	002	智 之 得 於 扭 鼻 而 失 於 最 後 之 一 喝  臨 濟 所 謂 吹 毛 
ZH_X65_1281_002:0205c02	用了急須磨是也。夫虎豹之威。信乎其猛矣。或不免	002	用 了 急 須 磨 是 也  夫 虎 豹 之 威  信 乎 其 猛 矣  或 不 免 
ZH_X65_1281_002:0205c03	於戈戟。吞舟之魚。信乎其大矣。或難逃於巨浸。騏驥	002	於 戈 戟  吞 舟 之 魚  信 乎 其 大 矣  或 難 逃 於 巨 浸  騏 驥 
ZH_X65_1281_002:0205c04	之駒。瞬目而馳千里。人得而縻之。以其跡在耳。惟龍	002	之 駒  瞬 目 而 馳 千 里  人 得 而 縻 之  以 其 跡 在 耳  惟 龍 
ZH_X65_1281_002:0205c05	則不然。大而溟渤。小而盃盎間。莫不卷舒自得。排山	002	則 不 然  大 而 溟 渤  小 而 盃 盎 間  莫 不 卷 舒 自 得  排 山 
ZH_X65_1281_002:0205c06	嶽。興雲雨。過而不留。變化而莫窮。得此道者。謂之龍	002	嶽  興 雲 雨  過 而 不 留  變 化 而 莫 窮  得 此 道 者  謂 之 龍 
ZH_X65_1281_002:0205c07	奮迅三昧。馬大師其是乎。變三十四祖之法式。融其	002	奮 迅 三 昧  馬 大 師 其 是 乎  變 三 十 四 祖 之 法 式  融 其 
ZH_X65_1281_002:0205c08	弊。掃其轍。若疾雷之破山。使心性解路之偷心。聞之	002	弊  掃 其 轍  若 疾 雷 之 破 山  使 心 性 解 路 之 偷 心  聞 之 
ZH_X65_1281_002:0205c09	立死。如金翅鳥王。直取龍吞。然後翱翔九天。不住虛	002	立 死  如 金翅鳥王  直 取 龍 吞  然 後 翱 翔 九 天  不 住 虛 
ZH_X65_1281_002:0205c10	空。不離於空。不為空性之所留滯。我為法王。於法自	002	空  不 離 於 空  不 為 空 性 之 所 留 滯  我 為 法 王  於 法 自 
ZH_X65_1281_002:0205c11	在。不特龍變而已。後來臨濟雲門溈仰法眼各建寶	002	在  不 特 龍 變 而 已  後 來 臨 濟 雲 門 溈 仰 法 眼 各 建 寶 
ZH_X65_1281_002:0205c12	幢。不過一為拈出。豈於三日耳聾外。別有宗旨哉。然	002	幢  不 過 一 為 拈 出  豈 於 三 日 耳 聾 外  別 有 宗 旨 哉  然 
ZH_X65_1281_002:0205c13	則今之不透重關。認悟中迷為實法者。與客之登廁	002	則 今 之 不 透 重 關  認 悟 中 迷 為 實 法 者  與 客 之 登 廁 
ZH_X65_1281_002:0205c14	得寶時節等耳。	002	得 寶 時 節 等 耳  
ZH_X65_1281_002:0205c15	無論馬祖未甞變三十四祖之法式。莫謗馬祖。且三	002	無 論 馬 祖 未 甞 變 三 十 四 祖 之 法 式  莫 謗 馬 祖  且 三 
ZH_X65_1281_002:0205c16	十四祖。何甞有甚法式。莫謗三十四祖。無論謂三十	002	十 四 祖  何 甞 有 甚 法 式  莫 謗 三 十 四 祖  無 論 謂 三 十 
ZH_X65_1281_002:0205c17	四祖有轍可掃。有獘可融。是謗三十四祖。即謂三十	002	四 祖 有 轍 可 掃  有 獘 可 融  是 謗 三 十 四 祖  即 謂 三 十 
ZH_X65_1281_002:0205c18	四祖無轍可掃。無獘可融。尚是謗三十四祖。何也。尚	002	四 祖 無 轍 可 掃  無 獘 可 融  尚 是 謗 三 十 四 祖  何 也  尚 
ZH_X65_1281_002:0205c19	落箇無字在。乃謂馬祖融三十四祖之獘。掃三十四	002	落 箇 無 字 在  乃 謂 馬 祖 融 三 十 四 祖 之 獘  掃 三 十 四 
ZH_X65_1281_002:0205c20	祖之轍。為震旦第一法王。不啻斥馬祖是震旦第一	002	祖 之 轍  為 震 旦 第 一 法 王  不 啻 斥 馬 祖 是 震 旦 第 一 
ZH_X65_1281_002:0205c21	大魔矣。從上古德。俱登一際解脫之門。盡受平等菩	002	大 魔 矣  從 上 古 德  俱 登 一 際 解 脫 之 門  盡 受 平 等 菩 
ZH_X65_1281_002:0205c22	提之記。至於任性卷舒。隨緣接物。各各時節因緣不	002	提 之 記  至 於 任 性 卷 舒  隨 緣 接 物  各 各 時 節 因 緣 不 
ZH_X65_1281_002:0205c23	相同。是以各各語默作止不相襲。譬如東西南北。不	002	相 同  是 以 各 各 語 默 作 止 不 相 襲  譬 如 東 西 南 北  不 
ZH_X65_1281_002:0205c24	得謂此方勝於彼方。地水火風。不得謂此大高於彼	002	得 謂 此 方 勝 於 彼 方  地水火風  不 得 謂 此 大 高 於 彼 
ZH_X65_1281_002:0205c25	大。盡是門庭邊事。不關涅槃妙心。若馬祖門下八十	002	大  盡 是 門 庭 邊 事  不 關 涅 槃 妙 心  若 馬 祖 門 下 八 十 
ZH_X65_1281_002:0205c26	四員善知識。箇箇堪作十方導師。固是馬祖鉗鎚不	002	四 員 善 知 識  箇 箇 堪 作 十 方 導 師  固 是 馬 祖 鉗 鎚 不 
ZH_X65_1281_002:0205c27	同。要亦是一時法會因繇。德星會聚。是諸人等各各	002	同  要 亦 是 一 時 法 會 因 繇  德 星 會 聚  是 諸 人 等 各 各 
ZH_X65_1281_002:0205c28	自性自度。得無所得。豈是馬祖曾經箇箇教以無文	002	自 性 自 度  得 無 所 得  豈 是 馬 祖 曾 經 箇 箇 教 以 無 文 
ZH_X65_1281_002:0205c29	密印。雙頭獨結。種種作為實法耶。夫唯這箇。向之即	002	密 印  雙 頭 獨 結  種 種 作 為 實 法 耶  夫 唯 這 箇  向 之 即 
ZH_X65_1281_002:0206a01	背。近之即離。取之即失。急之即遲。千聖拱手而無計	002	背  近 之 即 離  取 之 即 失  急 之 即 遲  千 聖 拱 手 而 無 計 
ZH_X65_1281_002:0206a02	較。一門深入而忘覺知。中心自證。不從人得。有何法	002	較  一 門 深 入 而 忘 覺 知  中 心 自 證  不 從 人 得  有 何 法 
ZH_X65_1281_002:0206a03	式之可言。又有何獘何轍。可融可掃哉。夫垢淨雖曰	002	式 之 可 言  又 有 何 獘 何 轍  可 融 可 掃 哉  夫 垢 淨 雖 曰 
ZH_X65_1281_002:0206a04	不二。然舉屠坊酒肆中語。唐突佛祖。譬如不齅芬陀	002	不 二  然 舉 屠 坊 酒 肆 中 語  唐 突 佛 祖  譬 如 不 齅 芬 陀 
ZH_X65_1281_002:0206a05	利而齅伊蘭。不成鼻功德。晉書石崇傳。何堪引喻馬	002	利 而 齅 伊 蘭  不 成 鼻 功 德  晉 書 石 崇 傳  何 堪 引 喻 馬 
ZH_X65_1281_002:0206a06	祖施設。但以施設言。却正可以豪富喻。多財之人。自	002	祖 施 設  但 以 施 設 言  却 正 可 以 豪 富 喻  多 財 之 人  自 
ZH_X65_1281_002:0206a07	必百事易遂。却與身心性命有何交涉。門庭施設。亦	002	必 百 事 易 遂  却 與 身 心 性 命 有 何 交 涉  門 庭 施 設  亦 
ZH_X65_1281_002:0206a08	復如是。要之與這箇。料掉沒交涉。魔忍乃舖張揚厲	002	復 如 是  要 之 與 這 箇  料 掉 沒 交 涉  魔 忍 乃 舖 張 揚 厲 
ZH_X65_1281_002:0206a09	見得伊師所建宗旨。源遠流長。直從馬祖得來。以此	002	見 得 伊 師 所 建 宗 旨  源 遠 流 長  直 從 馬 祖 得 來  以 此 
ZH_X65_1281_002:0206a10	為壓倒密雲之具。實為邪說。又斥密雲為不透重關	002	為 壓 倒 密 雲 之 具  實 為 邪 說  又 斥 密 雲 為 不 透 重 關 
ZH_X65_1281_002:0206a11	認悟中迷為實法。夫不踏末後一關。雖菩提涅槃真	002	認 悟 中 迷 為 實 法  夫 不 踏 末 後 一 關  雖 菩 提 涅 槃 真 
ZH_X65_1281_002:0206a12	如佛性。趙州謂之貼體衣服。猶為實法。葢有一絲頭。	002	如 佛 性  趙 州 謂 之 貼 體 衣 服  猶 為 實 法  葢 有 一 絲 頭  
ZH_X65_1281_002:0206a13	即是一絲頭。一絲不圓。一絲是實法。一微塵處未了。	002	即 是 一 絲 頭  一 絲 不 圓  一 絲 是 實 法  一 微 塵 處 未 了  
ZH_X65_1281_002:0206a14	一微塵是實法。以此檢點他人。誰能避其舌鋒者。雖	002	一 微 塵 是 實 法  以 此 檢 點 他 人  誰 能 避 其 舌 鋒 者  雖 
ZH_X65_1281_002:0206a15	然。自眼未開。莫問他目。如魔忍者。六根尚未斷。五戒	002	然  自 眼 未 開  莫 問 他 目  如 魔 忍 者  六 根 尚 未 斷  五 戒 
ZH_X65_1281_002:0206a16	尚未持。身居迷中之迷。而責人悟後之悟。亦可嗤也。	002	尚 未 持  身 居 迷 中 之 迷  而 責 人 悟 後 之 悟  亦 可 嗤 也  
ZH_X65_1281_002:0206a17	以迷人空故。起我見之愚。隨情生執。以迷法空故。違	002	以 迷 人 空 故  起 我 見 之 愚  隨 情 生 執  以 迷 法 空 故  違 
ZH_X65_1281_002:0206a18	現量之境。逐塊弄丸。縱使檢點得毫釐無差。正所謂	002	現 量 之 境  逐 塊 弄 丸  縱 使 檢 點 得 毫 釐 無 差  正 所 謂 
ZH_X65_1281_002:0206a19	如蟲食木。猶奴數錢。與自己何益耶。	002	如 蟲 食 木  猶 奴 數 錢  與 自 己 何 益 耶  
ZH_X65_1281_002:0206a20	百丈野鴨子公案。魔藏頌曰。野鴨子。飛過去。捩轉鼻	002	百 丈 野 鴨 子 公 案  魔 藏 頌 曰  野 鴨 子  飛 過 去  捩 轉 鼻 
ZH_X65_1281_002:0206a21	頭哭笑處。是伊會也又深明。劈破囫圇未相許。却把	002	頭 哭 笑 處  是 伊 會 也 又 深 明  劈 破 囫 圇 未 相 許  却 把 
ZH_X65_1281_002:0206a22	住。道道　魔忍曰。劈破囫圇未相許。若人悟得。不勞	002	住  道 道  魔 忍 曰  劈 破 囫 圇 未 相 許  若 人 悟 得  不 勞 
ZH_X65_1281_002:0206a23	再參。	002	再 參  
ZH_X65_1281_002:0206a24	自他俄立。逆順隨興。一念墮常。即為物轉。故謂之劈	002	自 他 俄 立  逆 順 隨 興  一 念 墮 常  即 為 物 轉  故 謂 之 劈 
ZH_X65_1281_002:0206a25	破囫圇而馬祖不許。亦為依稀似曲。然若如是。不合	002	破 囫 圇 而 馬 祖 不 許  亦 為 依 稀 似 曲  然 若 如 是  不 合 
ZH_X65_1281_002:0206b01	於囫圇中妄建宗旨。妄起分別。妄謂千問千打為一	002	於 囫 圇 中 妄 建 宗 旨  妄 起 分 別  妄 謂 千 問 千 打 為 一 
ZH_X65_1281_002:0206b02	橛頭硬禪。妄立一○為千佛萬佛之祖。妄作雙頭獨	002	橛 頭 硬 禪  妄 立 一  為 千 佛 萬 佛 之 祖  妄 作 雙 頭 獨 
ZH_X65_1281_002:0206b03	結四法交加細宗密旨等誑惑閭閻。若如是。方且不	002	結 四 法 交 加 細 宗 密 旨 等 誑 惑 閭 閻  若 如 是  方 且 不 
ZH_X65_1281_002:0206b04	肯滅却野鴨子。以伸自己。豈肯滅却瓣香來處。以伸	002	肯 滅 却 野 鴨 子  以 伸 自 己  豈 肯 滅 却 瓣 香 來 處  以 伸 
ZH_X65_1281_002:0206b05	自己。道人行處。如火消水。箭既離弦。無返回勢。金既	002	自 己  道 人 行 處  如 火 消 水  箭 既 離 弦  無 返 回 勢  金 既 
ZH_X65_1281_002:0206b06	出鑛。永無入鑛之期。木若作灰。再無成木之理。然則	002	出 鑛  永 無 入 鑛 之 期  木 若 作 灰  再 無 成 木 之 理  然 則 
ZH_X65_1281_002:0206b07	伊所為劈破囫圇未相許者。祇道百丈鼻頭不痛後。	002	伊 所 為 劈 破 囫 圇 未 相 許 者  祇 道 百 丈 鼻 頭 不 痛 後  
ZH_X65_1281_002:0206b08	尚自囫圇。未曾劈破。直待振威一喝。三日耳聾。然後	002	尚 自 囫 圇  未 曾 劈 破  直 待 振 威 一 喝  三 日 耳 聾  然 後 
ZH_X65_1281_002:0206b09	一時百雜碎。大機大用現前。能作龍奮迅三昧也。豈	002	一 時 百 雜 碎  大 機 大 用 現 前  能 作 龍 奮 迅 三 昧 也  豈 
ZH_X65_1281_002:0206b10	不是全離本分。一向認奴作郎。脚跟不點地。於此一	002	不 是 全 離 本 分  一 向 認 奴 作 郎  脚 跟 不 點 地  於 此 一 
ZH_X65_1281_002:0206b11	蹉失。豪釐有差。天地懸隔。直至於欲憑口頭滑利。滅	002	蹉 失  豪 釐 有 差  天 地 懸 隔  直 至 於 欲 憑 口 頭 滑 利  滅 
ZH_X65_1281_002:0206b12	却目不識丁老禪和。使天下後世。無復稱為愈己。如	002	却 目 不 識 丁 老 禪 和  使 天 下 後 世  無 復 稱 為 愈 己  如 
ZH_X65_1281_002:0206b13	此作為。不道伊魔力不能橫絕四海。只是業識茫茫。	002	此 作 為  不 道 伊 魔 力 不 能 橫 絕 四 海  只 是 業 識 茫 茫  
ZH_X65_1281_002:0206b14	無本可據。自悞悞他。塗污慧命。夫唯這箇。不在內不	002	無 本 可 據  自 悞 悞 他  塗 污 慧 命  夫 唯 這 箇  不 在 內 不 
ZH_X65_1281_002:0206b15	在外不在中間。是以皆在也。不是心不是佛不是物。	002	在 外 不 在 中 間  是 以 皆 在 也  不 是 心 不 是 佛 不 是 物  
ZH_X65_1281_002:0206b16	是以皆是也。一毫端建寶王剎。是以碎入微塵。盡大	002	是 以 皆 是 也  一 毫 端 建 寶 王 剎  是 以 碎 入 微 塵  盡 大 
ZH_X65_1281_002:0206b17	地是一隻眼。是以圓融無際。抽刀斷水水復流。劈之	002	地 是 一 隻 眼  是 以 圓 融 無 際  抽 刀 斷 水 水 復 流  劈 之 
ZH_X65_1281_002:0206b18	不破。一月普現一切水。破處皆圓。然則劈破囫圇之	002	不 破  一 月 普 現 一 切 水  破 處 皆 圓  然 則 劈 破 囫 圇 之 
ZH_X65_1281_002:0206b19	說。果何處安著耶。即謂指百丈飛過去也一句說。亦	002	說  果 何 處 安 著 耶  即 謂 指 百 丈 飛 過 去 也 一 句 說  亦 
ZH_X65_1281_002:0206b20	屬不了之談。何得謂若人悟得不勞再參。至於古德	002	屬 不 了 之 談  何 得 謂 若 人 悟 得 不 勞 再 參  至 於 古 德 
ZH_X65_1281_002:0206b21	機用。雖復千變萬化。不過建化門庭。一時老婆心切。	002	機 用  雖 復 千 變 萬 化  不 過 建 化 門 庭  一 時 老 婆 心 切  
ZH_X65_1281_002:0206b22	亦或逢場作戲。本非如實極談。若非一切遣。即是一	002	亦 或 逢 場 作 戲  本 非 如 實 極 談  若 非 一 切 遣  即 是 一 
ZH_X65_1281_002:0206b23	切立。與本分沒交涉。本分風光。無有可遣。以一切法	002	切 立  與 本 分 沒 交 涉  本 分 風 光  無 有 可 遣  以 一 切 法 
ZH_X65_1281_002:0206b24	悉皆真故。亦無可立。以一切法皆同如故。若將門庭	002	悉 皆 真 故  亦 無 可 立  以 一 切 法 皆 同 如 故  若 將 門 庭 
ZH_X65_1281_002:0206c01	邊事。認為本分。以貪痴愛水。違順想風。於垢淨識地。	002	邊 事  認 為 本 分  以 貪 痴 愛 水  違 順 想 風  於 垢 淨 識 地  
ZH_X65_1281_002:0206c02	發恚嗔愚火。迷人空則起我見。迷法空則障圓聞。機	002	發 恚 嗔 愚 火  迷 人 空 則 起 我 見  迷 法 空 則 障 圓 聞  機 
ZH_X65_1281_002:0206c03	用愈深。去道愈遠。盡屬凡因。豈成聖果。夫聖凡情盡。	002	用 愈 深  去 道 愈 遠  盡 屬 凡 因  豈 成 聖 果  夫 聖 凡 情 盡  
ZH_X65_1281_002:0206c04	始許問津。若離聖逐凡。已違起信初地。向後尚何可	002	始 許 問 津  若 離 聖 逐 凡  已 違 起 信 初 地  向 後 尚 何 可 
ZH_X65_1281_002:0206c05	言哉。極其所至。如魔藏父子竟成小人之無忌憚。學	002	言 哉  極 其 所 至  如 魔 藏 父 子 竟 成 小 人 之 無 忌 憚  學 
ZH_X65_1281_002:0206c06	者安可不猛省。故曰參須真參。悟須實悟。從初徹一	002	者 安 可 不 猛 省  故 曰 參 須 真 參  悟 須 實 悟  從 初 徹 一 
ZH_X65_1281_002:0206c07	切空有。切須脚頭穩實。	002	切 空 有  切 須 脚 頭 穩 實  
ZH_X65_1281_002:0206c08	魔忍曰。馬祖以三甕醬寄百丈。可疑也。百丈上堂一	002	魔 忍 曰  馬 祖 以 三 甕 醬 寄 百 丈  可 疑 也  百 丈 上 堂 一 
ZH_X65_1281_002:0206c09	時打碎。又可疑也。不疑馬祖百丈。而疑先師以三數	002	時 打 碎  又 可 疑 也  不 疑 馬 祖 百 丈  而 疑 先 師 以 三 數 
ZH_X65_1281_002:0206c10	表法。可謂不善疑矣。不善疑而求善悟。譬若首燕而	002	表 法  可 謂 不 善 疑 矣  不 善 疑 而 求 善 悟  譬 若 首 燕 而 
ZH_X65_1281_002:0206c11	之越也。	002	之 越 也  
ZH_X65_1281_002:0206c12	凡所有相。皆是虗妄。若見諸相非相。即見如來。瞥有	002	凡 所 有 相  皆 是 虗 妄  若 見 諸 相 非 相  即 見 如 來  瞥 有 
ZH_X65_1281_002:0206c13	一豪起處。悉落見聞。從分別生。俱非真實。若不達無	002	一 豪 起 處  悉 落 見 聞  從 分 別 生  俱 非 真 實  若 不 達 無 
ZH_X65_1281_002:0206c14	相即相。則是取相凡夫。若了相即無相。則成唯心大	002	相 即 相  則 是 取 相 凡 夫  若 了 相 即 無 相  則 成 唯 心 大 
ZH_X65_1281_002:0206c15	覺。既不可取相求悟。亦不可離相思空。不即不離。覺	002	覺  既 不 可 取 相 求 悟  亦 不 可 離 相 思 空  不 即 不 離  覺 
ZH_X65_1281_002:0206c16	性自現。韓簡曰。物生而後有象。象而後有滋。滋而後	002	性 自 現  韓 簡 曰  物 生 而 後 有 象  象 而 後 有 滋  滋 而 後 
ZH_X65_1281_002:0206c17	有數。象既虗妄。何況從象滋生之數。這箇若可以數	002	有 數  象 既 虗 妄  何 況 從 象 滋 生 之 數  這 箇 若 可 以 數 
ZH_X65_1281_002:0206c18	表。則不當云不二法門矣。夫不可有二。故曰唯此一	002	表  則 不 當 云 不二法門 矣  夫 不 可 有 二  故 曰 唯 此 一 
ZH_X65_1281_002:0206c19	事實。不可有一。故曰不二法門。百萬億那由他算數	002	事 實  不 可 有 一  故 曰 不二法門  百 萬 億 那 由 他 算 數 
ZH_X65_1281_002:0206c20	譬喻之所不能及之多。即此一是。不可有一之一。百	002	譬 喻 之 所 不 能 及 之 多  即 此 一 是  不 可 有 一 之 一  百 
ZH_X65_1281_002:0206c21	萬億那由他算數譬喻之所不能及之多是。多無自	002	萬 億 那 由 他 算 數 譬 喻 之 所 不 能 及 之 多 是  多 無 自 
ZH_X65_1281_002:0206c22	性。即一為多。一無自性。即多為一。一亦不立。多尚何	002	性  即 一 為 多  一 無 自 性  即 多 為 一  一 亦 不 立  多 尚 何 
ZH_X65_1281_002:0206c23	存。多既森羅。一自顯現。為一為多。莫非幻住。於多於	002	存  多 既 森 羅  一 自 顯 現  為 一 為 多  莫 非 幻 住  於 多 於 
ZH_X65_1281_002:0206c24	一。皆達真源。是故非多非非多。非一非非一。今魔藏	002	一  皆 達 真 源  是 故 非 多 非 非 多  非 一 非 非 一  今 魔 藏 
ZH_X65_1281_002:0206c25	以三數表法。將以表何法耶。夫法者。百萬億那由他	002	以 三 數 表 法  將 以 表 何 法 耶  夫 法 者  百 萬 億 那 由 他 
ZH_X65_1281_002:0207a01	算數譬喻之所不能及。三數何其少。不可有一。三數	002	算 數 譬 喻 之 所 不 能 及  三 數 何 其 少  不 可 有 一  三 數 
ZH_X65_1281_002:0207a02	何其多。如上種種言多言一。皆是虗妄。從分別生。非	002	何 其 多  如 上 種 種 言 多 言 一  皆 是 虗 妄  從 分 別 生  非 
ZH_X65_1281_002:0207a03	為真實。於百丈打破醬甕公案。尚屬不快漆桶。多嘴	002	為 真 實  於 百 丈 打 破 醬 甕 公 案  尚 屬 不 快 漆 桶  多 嘴 
ZH_X65_1281_002:0207a04	阿師。況於三甕醬上從三起義。謂從黃梅三擊碓出。	002	阿 師  況 於 三 甕 醬 上 從 三 起 義  謂 從 黃 梅 三 擊 碓 出  
ZH_X65_1281_002:0207a05	因而黃蘗三頓棒。興化三拈香。如此拈弄。直是痴狂。	002	因 而 黃 蘗 三 頓 棒  興 化 三 拈 香  如 此 拈 弄  直 是 痴 狂  
ZH_X65_1281_002:0207a06	未知百丈打碎醬甕。可是三棒否。百丈耳聾。固是三	002	未 知 百 丈 打 碎 醬 甕  可 是 三 棒 否  百 丈 耳 聾  固 是 三 
ZH_X65_1281_002:0207a07	日。馬祖之喝。何以不三。黃蘗聞舉。應當三吐其舌。野	002	日  馬 祖 之 喝  何 以 不 三  黃 蘗 聞 舉  應 當 三 吐 其 舌  野 
ZH_X65_1281_002:0207a08	鴨子當是三隻。捩鼻大痛。當是三捩。歸寮哀哀痛哭。	002	鴨 子 當 是 三 隻  捩 鼻 大 痛  當 是 三 捩  歸 寮 哀 哀 痛 哭  
ZH_X65_1281_002:0207a09	當是三聲。適纔哭而今笑。當是三笑。所以後來開堂	002	當 是 三 聲  適 纔 哭 而 今 笑  當 是 三 笑  所 以 後 來 開 堂 
ZH_X65_1281_002:0207a10	說法曰。三十年不少鹽醬。想馬祖知其悟得三數。遂	002	說 法 曰  三 十 年 不 少 鹽 醬  想 馬 祖 知 其 悟 得 三 數  遂 
ZH_X65_1281_002:0207a11	以三甕醬遺之。可惜兩堂無一人能如藏忍父子得	002	以 三 甕 醬 遺 之  可 惜 兩 堂 無 一 人 能 如 藏 忍 父 子 得 
ZH_X65_1281_002:0207a12	知三數表法者。於是百丈一齊打碎。醬不得喫。馬祖	002	知 三 數 表 法 者  於 是 百 丈 一 齊 打 碎  醬 不 得 喫  馬 祖 
ZH_X65_1281_002:0207a13	於是不復再遣人遺以鹽三斤耶。藏忍兩盲驢。聞此	002	於 是 不 復 再 遣 人 遺 以 鹽 三 斤 耶  藏 忍 兩 盲 驢  聞 此 
ZH_X65_1281_002:0207a14	不知亦發一笑否。	002	不 知 亦 發 一 笑 否  
ZH_X65_1281_002:0207a15	魔忍曰。三問三打。古今惟黃蘗一人。又止於接臨濟	002	魔 忍 曰  三 問 三 打  古 今 惟 黃 蘗 一 人  又 止 於 接 臨 濟 
ZH_X65_1281_002:0207a16	一用。若再問。則效顰者蠭然而起矣。況千問千棒。萬	002	一 用  若 再 問  則 效 顰 者 蠭 然 而 起 矣  況 千 問 千 棒  萬 
ZH_X65_1281_002:0207a17	問萬打。可至今日而無弊乎。昔者昭覺勤禪師常曰。	002	問 萬 打  可 至 今 日 而 無 弊 乎  昔 者 昭 覺 勤 禪 師 常 曰  
ZH_X65_1281_002:0207a18	近來諸方盡成窠臼。五祖下我與佛鑑佛眼三人結	002	近 來 諸 方 盡 成 窠 臼  五 祖 下 我 與 佛 鑑 佛 眼 三 人 結 
ZH_X65_1281_002:0207a19	社參禪。如今早見漏逗出來。佛鑑下。有一種作狗子	002	社 參 禪  如 今 早 見 漏 逗 出 來  佛 鑑 下  有 一 種 作 狗 子 
ZH_X65_1281_002:0207a20	呌。鵓鳩鳴。取笑人。佛眼下。有一種覰燈籠露柱。指東	002	呌  鵓 鳩 鳴  取 笑 人  佛 眼 下  有 一 種 覰 燈 籠 露 柱  指 東 
ZH_X65_1281_002:0207a21	畫西。如眼見鬼。我這裏且無這兩般病。妙喜曰。擊石	002	畫 西  如 眼 見 鬼  我 這 裏 且 無 這 兩 般 病  妙 喜 曰  擊 石 
ZH_X65_1281_002:0207a22	火。閃電光。引得無限人弄業識。舉了便會了。豈不是	002	火  閃 電 光  引 得 無 限 人 弄 業 識  舉 了 便 會 了  豈 不 是 
ZH_X65_1281_002:0207a23	佛法大窠臼。勤不覺吐舌。乃曰休管他。我以契證為	002	佛 法 大 窠 臼  勤 不 覺 吐 舌  乃 曰 休 管 他  我 以 契 證 為 
ZH_X65_1281_002:0207a24	期。若不契證。斷不放過。妙喜曰。契證即得。若只恁麼	002	期  若 不 契 證  斷 不 放 過  妙 喜 曰  契 證 即 得  若 只 恁 麼 
ZH_X65_1281_002:0207a25	傳將去。舉了便會了。硬作主張。擊石火。閃電光。業識	002	傳 將 去  舉 了 便 會 了  硬 作 主 張  擊 石 火  閃 電 光  業 識 
ZH_X65_1281_002:0207a26	茫茫。未有了日。勤深肯之。噫。證之一字。惟宗旨可以	002	茫 茫  未 有 了 日  勤 深 肯 之  噫  證 之 一 字  惟 宗 旨 可 以 
ZH_X65_1281_002:0207a27	辨驗。否則金鍮混雜。孰敢誰何。	002	辨 驗  否 則 金 鍮 混 雜  孰 敢 誰 何  
ZH_X65_1281_002:0207a28	己眼不明。終無為人之分。若使頂[寧*頁]上具眼衲師。任	002	己 眼 不 明  終 無 為 人 之 分  若 使 頂 [寧頁] 上 具 眼 衲 師  任 
ZH_X65_1281_002:0207b01	爾如何蓋覆。如銅鐵金銀。入罏便曉。罏無分別之意。	002	爾 如 何 蓋 覆  如 銅 鐵 金 銀  入 罏 便 曉  罏 無 分 別 之 意  
ZH_X65_1281_002:0207b02	火無辨驗之心。罏火何甞預立箇法門。以待銅鐵金	002	火 無 辨 驗 之 心  罏 火 何 甞 預 立 箇 法 門  以 待 銅 鐵 金 
ZH_X65_1281_002:0207b03	銀之就勘。若別有勘銅鐵金銀法門。便不成罏火了	002	銀 之 就 勘  若 別 有 勘 銅 鐵 金 銀 法 門  便 不 成 罏 火 了 
ZH_X65_1281_002:0207b04	也。大慧杲遠遜其師圓悟勤處。即此便見。明明向伊	002	也  大 慧 杲 遠 遜 其 師 圓 悟 勤 處  即 此 便 見  明 明 向 伊 
ZH_X65_1281_002:0207b05	道以契證為期。若不契證。斷不放過。猶道。若只恁麼	002	道 以 契 證 為 期  若 不 契 證  斷 不 放 過  猶 道  若 只 恁 麼 
ZH_X65_1281_002:0207b06	傳將去。舉了便會了。硬作主張。擊石火。閃電光。業識	002	傳 將 去  舉 了 便 會 了  硬 作 主 張  擊 石 火  閃 電 光  業 識 
ZH_X65_1281_002:0207b07	茫茫。未有了日。此語圓悟勤何由深肯。即當曰深肯	002	茫 茫  未 有 了 日  此 語 圓 悟 勤 何 由 深 肯  即 當 曰 深 肯 
ZH_X65_1281_002:0207b08	其語。知他圓悟勤是何心行。從上古德。接引學人。皆	002	其 語  知 他 圓 悟 勤 是 何 心 行  從 上 古 德  接 引 學 人  皆 
ZH_X65_1281_002:0207b09	是應時及節。隨病發藥。至於契證。離却六祖只合自	002	是 應 時 及 節  隨 病 發 藥  至 於 契 證  離 却 六 祖 只 合 自 
ZH_X65_1281_002:0207b10	性自度一語。有何奇妙秘密之旨。可以自我度他。若	002	性 自 度 一 語  有 何 奇 妙 秘 密 之 旨  可 以 自 我 度 他  若 
ZH_X65_1281_002:0207b11	有。即是魔說。即是實法。自救不了。如何為人。魔忍乃	002	有  即 是 魔 說  即 是 實 法  自 救 不 了  如 何 為 人  魔 忍 乃 
ZH_X65_1281_002:0207b12	以密雲千問千打萬問萬打為有獘。而謂證之一字。	002	以 密 雲 千 問 千 打 萬 問 萬 打 為 有 獘  而 謂 證 之 一 字  
ZH_X65_1281_002:0207b13	必宗旨可以辨驗。否則金鍮混雜。孰敢誰何。夫密雲	002	必 宗 旨 可 以 辨 驗  否 則 金 鍮 混 雜  孰 敢 誰 何  夫 密 雲 
ZH_X65_1281_002:0207b14	千問千打。萬問萬打。固是金鍮混雜。然猶是金則從	002	千 問 千 打  萬 問 萬 打  固 是 金 鍮 混 雜  然 猶 是 金 則 從 
ZH_X65_1281_002:0207b15	他金。鍮則從他鍮。若魔忍以作為實法為宗旨。則自	002	他 金  鍮 則 從 他 鍮  若 魔 忍 以 作 為 實 法 為 宗 旨  則 自 
ZH_X65_1281_002:0207b16	己通體是鍮。却欲辨他孰為金孰為鍮。化他鍮令成	002	己 通 體 是 鍮  却 欲 辨 他 孰 為 金 孰 為 鍮  化 他 鍮 令 成 
ZH_X65_1281_002:0207b17	金。豈非業識茫茫。未有了日。譬如身在岸上。則能拯	002	金  豈 非 業 識 茫 茫  未 有 了 日  譬 如 身 在 岸 上  則 能 拯 
ZH_X65_1281_002:0207b18	人以出於水。若自己沒頂入水。而自誇有辟水珠。呼	002	人 以 出 於 水  若 自 己 沒 頂 入 水  而 自 誇 有 辟 水 珠  呼 
ZH_X65_1281_002:0207b19	在岸在水之人。隨伊所向。則其為非拯人出水之人。	002	在 岸 在 水 之 人  隨 伊 所 向  則 其 為 非 拯 人 出 水 之 人  
ZH_X65_1281_002:0207b20	而為引人入水之魔。必矣。三問三打。何所見古今只	002	而 為 引 人 入 水 之 魔  必 矣  三 問 三 打  何 所 見 古 今 只 
ZH_X65_1281_002:0207b21	黃蘗一人。黃蘗平生。何所是只接臨濟一用。箇事。豈	002	黃 蘗 一 人  黃 蘗 平 生  何 所 是 只 接 臨 濟 一 用  箇 事  豈 
ZH_X65_1281_002:0207b22	在冊子上考究得者。三問三打。如使黃蘗負墮。那許	002	在 冊 子 上 考 究 得 者  三 問 三 打  如 使 黃 蘗 負 墮  那 許 
ZH_X65_1281_002:0207b23	他偶然一用。若果接得臨濟。何妨千問千打。萬問萬	002	他 偶 然 一 用  若 果 接 得 臨 濟  何 妨 千 問 千 打  萬 問 萬 
ZH_X65_1281_002:0207b24	打。此事從冊子上得來者。古人皆斥為念言語漢。何	002	打  此 事 從 冊 子 上 得 來 者  古 人 皆 斥 為 念 言 語 漢  何 
ZH_X65_1281_002:0207c01	況從冊子上查考故事。威音那畔。今世門頭。種種事	002	況 從 冊 子 上 查 考 故 事  威 音 那 畔  今 世 門 頭  種 種 事 
ZH_X65_1281_002:0207c02	相。百萬億那由他算數譬喻之所不能及。其載在冊	002	相  百 萬 億 那 由 他 算 數 譬 喻 之 所 不 能 及  其 載 在 冊 
ZH_X65_1281_002:0207c03	子上者。乃恒河裏一沙耳。即載在冊子。而目光未到。	002	子 上 者  乃 恒 河 裏 一 沙 耳  即 載 在 冊 子  而 目 光 未 到  
ZH_X65_1281_002:0207c04	不會裝入茫茫業識中者。當不知凡幾。乃欲據兩眼	002	不 會 裝 入 茫 茫 業 識 中 者  當 不 知 凡 幾  乃 欲 據 兩 眼 
ZH_X65_1281_002:0207c05	如豆之光。查看所得者。以評論箇事。豈非輕談般若	002	如 豆 之 光  查 看 所 得 者  以 評 論 箇 事  豈 非 輕 談 般 若 
ZH_X65_1281_002:0207c06	乎。古德云。諸祖共傳諸佛清淨自覺聖智。真如妙心。	002	乎  古 德 云  諸 祖 共 傳 諸 佛 清 淨 自覺聖智  真 如 妙 心  
ZH_X65_1281_002:0207c07	不同世間文字所得。若有悟斯真實法性。此人則能	002	不 同 世 間 文 字 所 得  若 有 悟 斯 真 實 法 性  此 人 則 能 
ZH_X65_1281_002:0207c08	了知三世諸佛。及一切眾生。同一法界。本來平等常	002	了 知 三世諸佛  及 一 切 眾 生  同 一 法 界  本 來 平 等 常 
ZH_X65_1281_002:0207c09	恒不變。是知吾宗本無有旨。言旨即已非宗。無可名	002	恒 不 變  是 知 吾 宗 本 無 有 旨  言 旨 即 已 非 宗  無 可 名 
ZH_X65_1281_002:0207c10	言。強名宗旨。以離却心意識故。今乃以心意識所造	002	言  強 名 宗 旨  以 離 却 心 意 識 故  今 乃 以 心 意 識 所 造 
ZH_X65_1281_002:0207c11	之雙頭獨結等。辨驗一切眾生心意識。如打謎。如射	002	之 雙 頭 獨 結 等  辨 驗 一 切 眾 生 心 意 識  如 打 謎  如 射 
ZH_X65_1281_002:0207c12	覆。中者。則謂之契證。宗風掃地矣。此事豈可意解情	002	覆  中 者  則 謂 之 契 證  宗 風 掃 地 矣  此 事 豈 可 意 解 情 
ZH_X65_1281_002:0207c13	求。若以意解情求。如將兔角之弓。架龜毛之箭。以無	002	求  若 以 意 解 情 求  如 將 兔 角 之 弓  架 龜 毛 之 箭  以 無 
ZH_X65_1281_002:0207c14	手之者。擬射碎須彌之山。似傾壓沙之油。點無煙之	002	手 之 者  擬 射 碎 須 彌 之 山  似 傾 壓 沙 之 油  點 無 煙 之 
ZH_X65_1281_002:0207c15	火。貯漏巵之內。欲照破鐵圍之闇。徒役狂心。無有是	002	火  貯 漏 巵 之 內  欲 照 破 鐵 圍 之 闇  徒 役 狂 心  無 有 是 
ZH_X65_1281_002:0207c16	處。今以狂心所造之狂華。飲人狂藥。令人同狂。以為	002	處  今 以 狂 心 所 造 之 狂 華  飲 人 狂 藥  令 人 同 狂  以 為 
ZH_X65_1281_002:0207c17	宗旨。以為契證。將使末學受其無窮之遺毒。如欲仰	002	宗 旨  以 為 契 證  將 使 末 學 受 其 無 窮 之 遺 毒  如 欲 仰 
ZH_X65_1281_002:0207c18	報佛恩。安得不思迴狂瀾於既倒。反覆辨論。其能已	002	報 佛 恩  安 得 不 思 迴 狂 瀾 於 既 倒  反 覆 辨 論  其 能 已 
ZH_X65_1281_002:0207c19	乎。	002	乎  
ZH_X65_1281_002:0207c20	魔忍曰。余救五宗。禍患死生。不暇措意。但恐百千世	002	魔 忍 曰  余 救 五 宗  禍 患 死 生  不 暇 措 意  但 恐 百 千 世 
ZH_X65_1281_002:0207c21	後。不復知有揚子雲。為可歎耳。	002	後  不 復 知 有 揚 子 雲  為 可 歎 耳  
ZH_X65_1281_002:0207c22	常寂光中。毗盧頂上。有甚禍患死生。說甚措意不措	002	常 寂 光 中  毗 盧 頂 上  有 甚 禍 患 死 生  說 甚 措 意 不 措 
ZH_X65_1281_002:0207c23	意。魔忍自誇其因救五宗之故。不措意於禍患死生。	002	意  魔 忍 自 誇 其 因 救 五 宗 之 故  不 措 意 於 禍 患 死 生  
ZH_X65_1281_002:0207c24	又以後世人之不知為可惜。復自託於揚子雲。以見	002	又 以 後 世 人 之 不 知 為 可 惜  復 自 託 於 揚 子 雲  以 見 
ZH_X65_1281_002:0208a01	後世之必知。請問此等語言。在常寂光中。毗盧頂上。	002	後 世 之 必 知  請 問 此 等 語 言  在 常 寂 光 中  毗 盧 頂 上  
ZH_X65_1281_002:0208a02	有可著處否。不污濁否。雖然。伊恐百千世後。不復知	002	有 可 著 處 否  不 污 濁 否  雖 然  伊 恐 百 千 世 後  不 復 知 
ZH_X65_1281_002:0208a03	有揚子雲。豈知百千世後。必知有揚子雲。猶夫百千	002	有 揚 子 雲  豈 知 百 千 世 後  必 知 有 揚 子 雲  猶 夫 百 千 
ZH_X65_1281_002:0208a04	世後。必知有魔忍。此則自因生自果。理合遺臭萬年。	002	世 後  必 知 有 魔 忍  此 則 自 因 生 自 果  理 合 遺 臭 萬 年  
ZH_X65_1281_002:0208a05	無可如何者也。揚子雲者。王莽之大夫也。其急欲貌	002	無 可 如 何 者 也  揚 子 雲 者  王 莽 之 大 夫 也  其 急 欲 貌 
ZH_X65_1281_002:0208a06	為孔子。正與魔藏父子急欲貌為臨濟同。其作法言	002	為 孔 子  正 與 魔 藏 父 子 急 欲 貌 為 臨 濟 同  其 作 法 言 
ZH_X65_1281_002:0208a07	仿論語。作太元經仿周易。正與魔藏父子妄立雙頭	002	仿 論 語  作 太 元 經 仿 周 易  正 與 魔 藏 父 子 妄 立 雙 頭 
ZH_X65_1281_002:0208a08	獨結等。為達摩西來宗旨同。其作劇秦美新。正與魔	002	獨 結 等  為 達 摩 西 來 宗 旨 同  其 作 劇 秦 美 新  正 與 魔 
ZH_X65_1281_002:0208a09	藏父子作五宗原五宗救同。魔藏父子。特不及揚子	002	藏 父 子 作 五 宗 原 五 宗 救 同  魔 藏 父 子  特 不 及 揚 子 
ZH_X65_1281_002:0208a10	雲博學多聞耳。然揚子雲陷身亂賊。為忠臣孝子所	002	雲 博 學 多 聞 耳  然 揚 子 雲 陷 身 亂 賊  為 忠 臣 孝 子 所 
ZH_X65_1281_002:0208a11	羞稱。魔藏父子倒戈乃祖乃父。為宗徒中之敗類。其	002	羞 稱  魔 藏 父 子 倒 戈 乃 祖 乃 父  為 宗 徒 中 之 敗 類  其 
ZH_X65_1281_002:0208a12	罪正同。伊欲自比揚子雲。供招已定。可為千秋鐵案	002	罪 正 同  伊 欲 自 比 揚 子 雲  供 招 已 定  可 為 千 秋 鐵 案 
ZH_X65_1281_002:0208a13	　華嚴經云。汝承事一切善知識。應發如大地心。荷	002	 華 嚴 經 云  汝 承 事 一 切 善 知 識  應 發 如 大 地 心  荷 
ZH_X65_1281_002:0208a14	負重任無疲倦故。應發如金剛心。志願堅固不可壞	002	負 重 任 無 疲 倦 故  應 發 如 金 剛 心  志 願 堅 固 不 可 壞 
ZH_X65_1281_002:0208a15	故。應發如鐵圍山心。一切諸苦無能動故。應發如給	002	故  應 發 如 鐵 圍 山 心  一 切 諸 苦 無 能 動 故  應 發 如 給 
ZH_X65_1281_002:0208a16	侍心。所有教令皆隨順故。應發如弟子心。所有訓誨	002	侍 心  所 有 教 令 皆 隨 順 故  應 發 如 弟 子 心  所 有 訓 誨 
ZH_X65_1281_002:0208a17	無違逆故。應發如僮僕心。不厭一切諸作務故。應發	002	無 違 逆 故  應 發 如 僮 僕 心  不 厭 一 切 諸 作 務 故  應 發 
ZH_X65_1281_002:0208a18	如養母心。受諸勤苦不告勞故。應發如傭作心。隨所	002	如 養 母 心  受 諸 勤 苦 不 告 勞 故  應 發 如 傭 作 心  隨 所 
ZH_X65_1281_002:0208a19	受教。無違逆故。應發如除糞人心。離憍慢故。應發如	002	受 教  無 違 逆 故  應 發 如 除 糞 人 心  離 憍 慢 故  應 發 如 
ZH_X65_1281_002:0208a20	已熟稼心。能低下故。應發如良馬心。離惡性故。應發	002	已 熟 稼 心  能 低 下 故  應 發 如 良 馬 心  離 惡 性 故  應 發 
ZH_X65_1281_002:0208a21	如大車心。能運量故。應發如調順象心。恒伏從故。應	002	如 大 車 心  能 運 量 故  應 發 如 調 順 象 心  恒 伏 從 故  應 
ZH_X65_1281_002:0208a22	發如須彌山心。不傾動故。應發如良犬心。不害主故。	002	發 如須彌山 心  不 傾 動 故  應 發 如 良 犬 心  不 害 主 故  
ZH_X65_1281_002:0208a23	應發如旃陀羅心。離憍慢故。應發如牸牛心。無威怒	002	應 發 如 旃 陀 羅 心  離 憍 慢 故  應 發 如 牸 牛 心  無 威 怒 
ZH_X65_1281_002:0208a24	故。應發如舟船心。往來不倦故。應發如橋梁心。濟渡	002	故  應 發 如 舟 船 心  往 來 不 倦 故  應 發 如 橋 梁 心  濟 渡 
ZH_X65_1281_002:0208b01	志疲故。應發如孝子心。承順顏色故。應發如王子心。	002	志 疲 故  應 發 如 孝 子 心  承 順 顏 色 故  應 發 如 王 子 心  
ZH_X65_1281_002:0208b02	遵行教命故。夫佛之誠言。承事善知識當如是。今五	002	遵 行 教 命 故  夫 佛 之 誠 言  承 事 善 知 識 當 如 是  今 五 
ZH_X65_1281_002:0208b03	宗救中。呵罵譏誚乃祖密雲悟之語。不一而足。顯悖	002	宗 救 中  呵 罵 譏 誚 乃 祖 密 雲 悟 之 語  不 一 而 足  顯 悖 
ZH_X65_1281_002:0208b04	佛教。尚何論宗旨。實屬法國土背道之臣。大乘家邪	002	佛 教  尚 何 論 宗 旨  實 屬 法 國 土 背 道 之 臣  大 乘 家 邪 
ZH_X65_1281_002:0208b05	見之子。	002	見 之 子  
ZH_X65_1281_002:0208b07	御製揀魔辨異錄卷二	002	御 製 揀 魔 辨 異 錄 卷 二 
