segmentnr	original	folio	analyzed
ZH_X58_0997_001:0275a02	華嚴一乘教義分齊章科	001	華 嚴 一 乘 教 義 分 齊 章 科 
ZH_X58_0997_001:0275a03	玉峯沙門　師會　述	001	玉 峯 沙 門  師 會  述 
ZH_X58_0997_001:0275a05	初詮旨標題	001	初 詮 旨 標 題 
ZH_X58_0997_001:0275a06	二國師嘉號	001	二 國 師 嘉 號 
ZH_X58_0997_001:0275a07	三正釋本文(二)	001	三 正 釋 本 文  二  
ZH_X58_0997_001:0275a08	初約所依以定宗(今將)	001	初 約 所 依 以 定 宗  今 將  
ZH_X58_0997_001:0275a09	二演玄言以開釋(二)	001	二 演 玄 言 以 開 釋  二  
ZH_X58_0997_001:0275a10	初分門(建立)	001	初 分 門  建 立  
ZH_X58_0997_001:0275a11	二隨釋(十)	001	二 隨 釋  十  
ZH_X58_0997_001:0275a12	初建立一乘(三)	001	初 建 立 一 乘  三  
ZH_X58_0997_001:0275a13	初標章(初明)	001	初 標 章  初 明  
ZH_X58_0997_001:0276a01	二開釋(二)	001	二 開 釋  二  
ZH_X58_0997_001:0276a02	初約乘分教(然此)	001	初 約 乘 分 教  然 此  
ZH_X58_0997_001:0276a03	二依教釋義(二)	001	二 依 教 釋 義  二  
ZH_X58_0997_001:0276a04	初別教(二)	001	初 別 教  二  
ZH_X58_0997_001:0276a05	初明教義顯深玄(二)	001	初 明 教 義 顯 深 玄  二  
ZH_X58_0997_001:0276a06	初彰因果(二)	001	初 彰 因 果  二  
ZH_X58_0997_001:0276a07	初義大(二)	001	初 義 大  二  
ZH_X58_0997_001:0276a08	初正明(初中)	001	初 正 明  初 中  
ZH_X58_0997_001:0276a09	二引證(故地)	001	二 引 證  故 地  
ZH_X58_0997_001:0276a10	二教大(二緣)	001	二 教 大  二 緣  
ZH_X58_0997_001:0276a11	二示雙融(此二)	001	二 示 雙 融  此 二  
ZH_X58_0997_001:0276a12	二就普因彰不共(二)	001	二 就 普 因 彰 不 共  二  
ZH_X58_0997_001:0276a13	初分門(就普)	001	初 分 門  就 普  
ZH_X58_0997_001:0276a14	二隨釋(二)	001	二 隨 釋  二  
ZH_X58_0997_001:0276a15	初分相門(四)	001	初 分 相 門  四  
ZH_X58_0997_001:0276a16	初權實分宗(分相)	001	初 權 實 分 宗  分 相  
ZH_X58_0997_001:0276a17	二以經印定(如法)	001	二 以 經 印 定  如 法  
ZH_X58_0997_001:0276a18	三雲張聖言(三)	001	三 雲 張 聖 言  三  
ZH_X58_0997_001:0276a19	初標示(然此)	001	初 標 示  然 此  
ZH_X58_0997_001:0276a20	二正釋(十)	001	二 正 釋  十  
ZH_X58_0997_001:0276a21	一權實差別(三)	001	一 權 實 差 別  三  
ZH_X58_0997_001:0276a22	初引喻明權實(三)	001	初 引 喻 明 權 實  三  
ZH_X58_0997_001:0276a23	初正顯相(一種)	001	初 正 顯 相  一 種  
ZH_X58_0997_001:0276a24	二遮異解(若彼)	001	二 遮 異 解  若 彼  
ZH_X58_0997_001:0276a25	三示經宗(是故)	001	三 示 經 宗  是 故  
ZH_X58_0997_001:0276a26	二合法顯索果(此中)	001	二 合 法 顯 索 果  此 中  
ZH_X58_0997_001:0276a27	三作問以伸釋(四)	001	三 作 問 以 伸 釋  四  
ZH_X58_0997_001:0276a28	初二乘有果不索問(問二)	001	初 二 乘 有 果 不 索 問  問 二  
ZH_X58_0997_001:0276a29	二三車無得應索答(二)	001	二 三 車 無 得 應 索 答  二  
ZH_X58_0997_001:0276a30	初立理作答(二)	001	初 立 理 作 答  二  
ZH_X58_0997_001:0276a31	初引經正答(答依)	001	初 引 經 正 答  答 依  
ZH_X58_0997_001:0276a32	二約宗料揀(若望)	001	二 約 宗 料 揀  若 望  
ZH_X58_0997_001:0276a33	二通伸回意(三)	001	二 通 伸 回 意  三  
ZH_X58_0997_001:0276a34	初正示(為歡)	001	初 正 示  為 歡  
ZH_X58_0997_001:0276a35	二揩定(若不)	001	二 揩 定  若 不  
ZH_X58_0997_001:0276a36	三結示(以至)	001	三 結 示  以 至  
ZH_X58_0997_001:0276a37	三克示三車虗實問(問臨)	001	三 克 示 三 車 虗 實 問  問 臨  
ZH_X58_0997_001:0276a38	四方便二義俱通答(答實)	001	四 方 便 二 義 俱 通 答  答 實  
ZH_X58_0997_001:0276a39	二教義差別(三)	001	二 教 義 差 別  三  
ZH_X58_0997_001:0276a40	一初正明(二教)	001	一 初 正 明  二 教  
ZH_X58_0997_001:0276a41	二引證(是故)	001	二 引 證  是 故  
ZH_X58_0997_001:0276a42	三遮謬(亦不)	001	三 遮 謬  亦 不  
ZH_X58_0997_001:0276a43	三所期差別(四)	001	三 所 期 差 別  四  
ZH_X58_0997_001:0276a44	初正明(三所)	001	初 正 明  三 所  
ZH_X58_0997_001:0276a45	二引證(是故)	001	二 引 證  是 故  
ZH_X58_0997_001:0276a46	三遮謬(亦不)	001	三 遮 謬  亦 不  
ZH_X58_0997_001:0276a47	四結成(良以)	001	四 結 成  良 以  
ZH_X58_0997_001:0276a48	四德量差別(二)	001	四 德 量 差 別  二  
ZH_X58_0997_001:0276a49	初同教(二)	001	初 同 教  二  
ZH_X58_0997_001:0276a50	初示相(四德)	001	初 示 相  四 德  
ZH_X58_0997_001:0276a51	二結指(此等)	001	二 結 指  此 等  
ZH_X58_0997_001:0276a52	二別教(二)	001	二 別 教  二  
ZH_X58_0997_001:0276a53	初示相(又彼)	001	初 示 相  又 彼  
ZH_X58_0997_001:0276a54	二結指(此約)	001	二 結 指  此 約  
ZH_X58_0997_001:0276a55	五付囑差別(三)	001	五 付 囑 差 別  三  
ZH_X58_0997_001:0276a56	初引示寄乘(五約)	001	初 引 示 寄 乘  五 約  
ZH_X58_0997_001:0276a57	二進退析理(若大)	001	二 進 退 析 理  若 大  
ZH_X58_0997_001:0276a58	三結問會釋(問若)	001	三 結 問 會 釋  問 若  
ZH_X58_0997_001:0276a59	六付囑差別(四)	001	六 付 囑 差 別  四  
ZH_X58_0997_001:0276a60	初引經(六付)	001	初 引 經  六 付  
ZH_X58_0997_001:0276a61	二釋義(解云)	001	二 釋 義  解 云  
ZH_X58_0997_001:0276a62	三遮謬(亦不)	001	三 遮 謬  亦 不  
ZH_X58_0997_001:0276a63	四顯宗(是故)	001	四 顯 宗  是 故  
ZH_X58_0997_001:0276a64	七根緣差別(二)	001	七 根 緣 差 別  二  
ZH_X58_0997_001:0276a65	初引示(七根)	001	初 引 示  七 根  
ZH_X58_0997_001:0276a66	二略釋(解云)	001	二 略 釋  解 云  
ZH_X58_0997_001:0276a67	八難易差別(二)	001	八 難 易 差 別  二  
ZH_X58_0997_001:0276a68	初引示(八難)	001	初 引 示  八 難  
ZH_X58_0997_001:0276a69	二略釋(解云)	001	二 略 釋  解 云  
ZH_X58_0997_001:0276a70	九顯理差別(二)	001	九 顯 理 差 別  二  
ZH_X58_0997_001:0276a71	初引示(九約)	001	初 引 示  九 約  
ZH_X58_0997_001:0276a72	二略釋(解云)	001	二 略 釋  解 云  
ZH_X58_0997_001:0276a73	十本末差別(二)	001	十 本 末 差 別  二  
ZH_X58_0997_001:0276a74	初引示(二)	001	初 引 示  二  
ZH_X58_0997_001:0276a75	初本末分異(十本)	001	初 本 末 分 異  十 本  
ZH_X58_0997_001:0276a76	二會末歸本(如是)	001	二 會 末 歸 本  如 是  
ZH_X58_0997_001:0276a77	二演釋(此文)	001	二 演 釋  此 文  
ZH_X58_0997_001:0276a78	三喻結(此上)	001	三 喻 結  此 上  
ZH_X58_0997_001:0276a79	四指示決判(其別)	001	四 指 示 決 判  其 別  
ZH_X58_0997_001:0276a80	二該攝門(二)	001	二 該 攝 門  二  
ZH_X58_0997_001:0276a81	初標章(二該)	001	初 標 章  二 該  
ZH_X58_0997_001:0276a82	二釋相(二)	001	二 釋 相  二  
ZH_X58_0997_001:0276a83	初指本圓彰絕待(一切)	001	初 指 本 圓 彰 絕 待  一 切  
ZH_X58_0997_001:0276a84	二詰所以現全收(二)	001	二 詰 所 以 現 全 收  二  
ZH_X58_0997_001:0277a01	初徵(何以)	001	初 徵  何 以  
ZH_X58_0997_001:0277a02	二釋(三)	001	二 釋  三  
ZH_X58_0997_001:0277a03	初總釋(以三)	001	初 總 釋  以 三  
ZH_X58_0997_001:0277a04	二列釋(二)	001	二 列 釋  二  
ZH_X58_0997_001:0277a05	初不異(二)	001	初 不 異  二  
ZH_X58_0997_001:0277a06	初立理(初不)	001	初 立 理  初 不  
ZH_X58_0997_001:0277a07	二問成(二)	001	二 問 成  二  
ZH_X58_0997_001:0277a08	初示前門(二)	001	初 示 前 門  二  
ZH_X58_0997_001:0277a09	初問(問若)	001	初 問  問 若  
ZH_X58_0997_001:0277a10	二答(答有)	001	二 答  答 有  
ZH_X58_0997_001:0277a11	二明後義(二只)	001	二 明 後 義  二 只  
ZH_X58_0997_001:0277a12	二不一(二不)	001	二 不 一  二 不  
ZH_X58_0997_001:0277a13	三結指(二)	001	三 結 指  二  
ZH_X58_0997_001:0277a14	初結成(是則)	001	初 結 成  是 則  
ZH_X58_0997_001:0277a15	二指配(又此)	001	二 指 配  又 此  
ZH_X58_0997_001:0277a16	二同教○	001	二 同 教  
ZH_X58_0997_001:0277a17	三結指○	001	三 結 指  
ZH_X58_0997_001:0277a18	二教義攝益○	001	二 教 義 攝 益  
ZH_X58_0997_001:0277a19	三古今立教○	001	三 古 今 立 教  
ZH_X58_0997_001:0277a20	四分教開宗○	001	四 分 教 開 宗  
ZH_X58_0997_001:0277a21	五乘教開合○	001	五 乘 教 開 合  
ZH_X58_0997_001:0277a22	六教起前後○	001	六 教 起 前 後  
ZH_X58_0997_001:0277a23	七決擇其意○	001	七 決 擇 其 意  
ZH_X58_0997_001:0277a24	八施設異相○	001	八 施 設 異 相  
ZH_X58_0997_001:0277a25	九所詮差別○	001	九 所 詮 差 別  
ZH_X58_0997_001:0277a26	十義理分齊○	001	十 義 理 分 齊  
ZH_X58_0997_001:0277a28	○二同教(二)	001	 二 同 教  二  
ZH_X58_0997_001:0277a29	初牒分(二問)	001	初 牒 分  二 問  
ZH_X58_0997_001:0277a30	二演釋(二)	001	二 演 釋  二  
ZH_X58_0997_001:0277a31	初分諸乘(三)	001	初 分 諸 乘  三  
ZH_X58_0997_001:0277a32	初標數(初中)	001	初 標 數  初 中  
ZH_X58_0997_001:0277a33	二列示(六)	001	二 列 示  六  
ZH_X58_0997_001:0277a34	一明一乘(三)	001	一 明 一 乘  三  
ZH_X58_0997_001:0277a35	初標數(一明)	001	初 標 數  一 明  
ZH_X58_0997_001:0277a36	二列釋(七)	001	二 列 釋  七  
ZH_X58_0997_001:0277a37	初法相交參(二)	001	初 法 相 交 參  二  
ZH_X58_0997_001:0277a38	初釋相(初約)	001	初 釋 相  初 約  
ZH_X58_0997_001:0277a39	二示意(是則)	001	二 示 意  是 則  
ZH_X58_0997_001:0277a40	二約攝方便(二)	001	二 約 攝 方 便  二  
ZH_X58_0997_001:0277a41	初演義(二約)	001	初 演 義  二 約  
ZH_X58_0997_001:0277a42	二引經(所以)	001	二 引 經  所 以  
ZH_X58_0997_001:0277a43	三約所流辨(二)	001	三 約 所 流 辨  二  
ZH_X58_0997_001:0277a44	初演義(三約)	001	初 演 義  三 約  
ZH_X58_0997_001:0277a45	二引經(故經)	001	二 引 經  故 經  
ZH_X58_0997_001:0277a46	四約就勝門(三)	001	四 約 就 勝 門  三  
ZH_X58_0997_001:0277a47	初縱奪以顯義(四約)	001	初 縱 奪 以 顯 義  四 約  
ZH_X58_0997_001:0277a48	二引經以證成(故經)	001	二 引 經 以 證 成  故 經  
ZH_X58_0997_001:0277a49	三約教以委釋(此文)	001	三 約 教 以 委 釋  此 文  
ZH_X58_0997_001:0277a50	五教事深細(五約)	001	五 教 事 深 細  五 約  
ZH_X58_0997_001:0277a51	六八義意趣(六約)	001	六 八 義 意 趣  六 約  
ZH_X58_0997_001:0277a52	七十義方便(七約)	001	七 十 義 方 便  七 約  
ZH_X58_0997_001:0277a53	三結判(依上)	001	三 結 判  依 上  
ZH_X58_0997_001:0277a54	二明二乘(三)	001	二 明 二 乘  三  
ZH_X58_0997_001:0277a55	初標數(二明)	001	初 標 數  二 明  
ZH_X58_0997_001:0277a56	二顯相(三)	001	二 顯 相  三  
ZH_X58_0997_001:0277a57	初約一乘(一者)	001	初 約 一 乘  一 者  
ZH_X58_0997_001:0277a58	二約三乘(二者)	001	二 約 三 乘  二 者  
ZH_X58_0997_001:0277a59	三約小乘(三者)	001	三 約 小 乘  三 者  
ZH_X58_0997_001:0277a60	三定宗(又初)	001	三 定 宗  又 初  
ZH_X58_0997_001:0277a61	三明三乘(二)	001	三 明 三 乘  二  
ZH_X58_0997_001:0277a62	初攝前標數(三明)	001	初 攝 前 標 數  三 明  
ZH_X58_0997_001:0277a63	二開門顯法(二)	001	二 開 門 顯 法  二  
ZH_X58_0997_001:0277a64	初顯法本末門(二)	001	初 顯 法 本 末 門  二  
ZH_X58_0997_001:0278a01	初正明本義(四)	001	初 正 明 本 義  四  
ZH_X58_0997_001:0278a02	初本末分定(一者)	001	初 本 末 分 定  一 者  
ZH_X58_0997_001:0278a03	二聖言揀定(以經)	001	二 聖 言 揀 定  以 經  
ZH_X58_0997_001:0278a04	三徵折所引(二)	001	三 徵 折 所 引  二  
ZH_X58_0997_001:0278a05	初問(問何)	001	初 問  問 何  
ZH_X58_0997_001:0278a06	二答(四)	001	二 答  四  
ZH_X58_0997_001:0278a07	初以義正答(二)	001	初 以 義 正 答  二  
ZH_X58_0997_001:0278a08	初正答(答以)	001	初 正 答  答 以  
ZH_X58_0997_001:0278a09	二徵釋(何以)	001	二 徵 釋  何 以  
ZH_X58_0997_001:0278a10	二引教印成(二)	001	二 引 教 印 成  二  
ZH_X58_0997_001:0278a11	初行果非真(二)	001	初 行 果 非 真  二  
ZH_X58_0997_001:0278a12	初行斷非真(故爾)	001	初 行 斷 非 真  故 爾  
ZH_X58_0997_001:0278a13	二果證不實(又經)	001	二 果 證 不 實  又 經  
ZH_X58_0997_001:0278a14	二實證在大(二)	001	二 實 證 在 大  二  
ZH_X58_0997_001:0278a15	初稟大方得果(二)	001	初 稟 大 方 得 果  二  
ZH_X58_0997_001:0278a16	初反明(又經)	001	初 反 明  又 經  
ZH_X58_0997_001:0278a17	二順結(又大)	001	二 順 結  又 大  
ZH_X58_0997_001:0278a18	二衍門具三乘(二)	001	二 衍 門 具 三 乘  二  
ZH_X58_0997_001:0278a19	初結前生後(是故)	001	初 結 前 生 後  是 故  
ZH_X58_0997_001:0278a20	二引經示論(故普)	001	二 引 經 示 論  故 普  
ZH_X58_0997_001:0278a21	三結示三車(是故)	001	三 結 示 三 車  是 故  
ZH_X58_0997_001:0278a22	四指判諸論(其瑜)	001	四 指 判 諸 論  其 瑜  
ZH_X58_0997_001:0278a23	四結歸本義(是故)	001	四 結 歸 本 義  是 故  
ZH_X58_0997_001:0278a24	二重示三宗(四)	001	二 重 示 三 宗  四  
ZH_X58_0997_001:0278a25	初引論重明(三)	001	初 引 論 重 明  三  
ZH_X58_0997_001:0278a26	初引論(由此)	001	初 引 論  由 此  
ZH_X58_0997_001:0278a27	二釋義(二)	001	二 釋 義  二  
ZH_X58_0997_001:0278a28	初釋不共(二)	001	初 釋 不 共  二  
ZH_X58_0997_001:0278a29	初正辨一乘(解云)	001	初 正 辨 一 乘  解 云  
ZH_X58_0997_001:0278a30	二引況小乘(如四)	001	二 引 況 小 乘  如 四  
ZH_X58_0997_001:0278a31	二後釋共(如大)	001	二 後 釋 共  如 大  
ZH_X58_0997_001:0278a32	三料揀(此中)	001	三 料 揀  此 中  
ZH_X58_0997_001:0278a33	二印以梁論(依此)	001	二 印 以 梁 論  依 此  
ZH_X58_0997_001:0278a34	三遮止異釋(若言)	001	三 遮 止 異 釋  若 言  
ZH_X58_0997_001:0278a35	四結示三乘(是故)	001	四 結 示 三 乘  是 故  
ZH_X58_0997_001:0278a36	二從理成行門(二者)	001	二 從 理 成 行 門  二 者  
ZH_X58_0997_001:0278a37	四明四乘(四者)	001	四 明 四 乘  四 者  
ZH_X58_0997_001:0278a38	五明五乘(五者)	001	五 明 五 乘  五 者  
ZH_X58_0997_001:0278a39	六無量乘(六者)	001	六 無 量 乘  六 者  
ZH_X58_0997_001:0278a40	三結指(上來)	001	三 結 指  上 來  
ZH_X58_0997_001:0278a41	二融本末○	001	二 融 本 末  
ZH_X58_0997_001:0278a43	○二融本末(二)	001	 二 融 本 末  二  
ZH_X58_0997_001:0278a44	初牒章(二融)	001	初 牒 章  二 融  
ZH_X58_0997_001:0278a45	二釋相(二)	001	二 釋 相  二  
ZH_X58_0997_001:0278a46	初標分(此同)	001	初 標 分  此 同  
ZH_X58_0997_001:0278a47	二釋相(二)	001	二 釋 相  二  
ZH_X58_0997_001:0278a48	初正釋(二)	001	初 正 釋  二  
ZH_X58_0997_001:0278a49	初示義(二)	001	初 示 義  二  
ZH_X58_0997_001:0278a50	初明權實(一泯)	001	初 明 權 實  一 泯  
ZH_X58_0997_001:0278a51	二彰無礙(初則)	001	二 彰 無 礙  初 則  
ZH_X58_0997_001:0278a52	二問成(二)	001	二 問 成  二  
ZH_X58_0997_001:0278a53	初問(問若)	001	初 問  問 若  
ZH_X58_0997_001:0278a54	二答(三)	001	二 答  三  
ZH_X58_0997_001:0278a55	初直答(答義)	001	初 直 答  答 義  
ZH_X58_0997_001:0278a56	二微析(何者)	001	二 微 析  何 者  
ZH_X58_0997_001:0278a57	三結成(是故)	001	三 結 成  是 故  
ZH_X58_0997_001:0278a58	二作句(二)	001	二 作 句  二  
ZH_X58_0997_001:0278a59	初句數(由此)	001	初 句 數  由 此  
ZH_X58_0997_001:0278a60	二會通(此四)	001	二 會 通  此 四  
ZH_X58_0997_001:0278a62	○三結指(餘釋)	001	 三 結 指  餘 釋  
ZH_X58_0997_001:0278a64	○二教義攝益(二)	001	 二 教 義 攝 益  二  
ZH_X58_0997_001:0278a65	初牒分(第二)	001	初 牒 分  第 二  
ZH_X58_0997_001:0278a66	二演釋(二)	001	二 演 釋  二  
ZH_X58_0997_001:0278a67	先教義分齊(二)	001	先 教 義 分 齊  二  
ZH_X58_0997_001:0278a68	初標分(初中)	001	初 標 分  初 中  
ZH_X58_0997_001:0278a69	二釋相(二)	001	二 釋 相  二  
ZH_X58_0997_001:0278a70	先示相(三)	001	先 示 相  三  
ZH_X58_0997_001:0278a71	初別教(一者)	001	初 別 教  一 者  
ZH_X58_0997_001:0278a72	二三乘(二者)	001	二 三 乘  二 者  
ZH_X58_0997_001:0278a73	三同教(三者)	001	三 同 教  三 者  
ZH_X58_0997_001:0278a74	後開合(二)	001	後 開 合  二  
ZH_X58_0997_001:0278a75	初開章(二開)	001	初 開 章  二 開  
ZH_X58_0997_001:0278a76	二釋相(二)	001	二 釋 相  二  
ZH_X58_0997_001:0278a77	先別(二)	001	先 別  二  
ZH_X58_0997_001:0278a78	先標(別中)	001	先 標  別 中  
ZH_X58_0997_001:0278a79	後列(二)	001	後 列  二  
ZH_X58_0997_001:0279a01	初三乘(三乘)	001	初 三 乘  三 乘  
ZH_X58_0997_001:0279a02	二一乘(一乘)	001	二 一 乘  一 乘  
ZH_X58_0997_001:0279a03	後攝益分齊(二)	001	後 攝 益 分 齊  二  
ZH_X58_0997_001:0279a04	初牒分(二明)	001	初 牒 分  二 明  
ZH_X58_0997_001:0279a05	二演釋(三)	001	二 演 釋  三  
ZH_X58_0997_001:0279a06	初攝界內機(一或)	001	初 攝 界 內 機  一 或  
ZH_X58_0997_001:0279a07	二攝界外機(二)	001	二 攝 界 外 機  二  
ZH_X58_0997_001:0279a08	初通標(二或)	001	初 通 標  二 或  
ZH_X58_0997_001:0279a09	二別辨(若先)	001	二 別 辨  若 先  
ZH_X58_0997_001:0279a10	三通攝二機(二)	001	三 通 攝 二 機  二  
ZH_X58_0997_001:0279a11	初通標(三或)	001	初 通 標  三 或  
ZH_X58_0997_001:0279a12	二別辨(若先)	001	二 別 辨  若 先  
ZH_X58_0997_001:0279a14	○三古今立教(三)	001	 三 古 今 立 教  三  
ZH_X58_0997_001:0279a15	初牒章總敘(第三)	001	初 牒 章 總 敘  第 三  
ZH_X58_0997_001:0279a16	二依人別示(十)	001	二 依 人 別 示  十  
ZH_X58_0997_001:0279a17	一菩提流支(一依)	001	一 菩 提 流 支  一 依  
ZH_X58_0997_001:0279a18	二護公法師(三)	001	二 護 公 法 師  三  
ZH_X58_0997_001:0279a19	初依經立教(二依)	001	初 依 經 立 教  二 依  
ZH_X58_0997_001:0279a20	二以義顯相(二)	001	二 以 義 顯 相  二  
ZH_X58_0997_001:0279a21	初漸教(謂以)	001	初 漸 教  謂 以  
ZH_X58_0997_001:0279a22	二頓教(如直)	001	二 頓 教  如 直  
ZH_X58_0997_001:0279a23	三後世相承(遠法)	001	三 後 世 相 承  遠 法  
ZH_X58_0997_001:0279a24	三光統律師(三)	001	三 光 統 律 師  三  
ZH_X58_0997_001:0279a25	初標人立教(三依)	001	初 標 人 立 教  三 依  
ZH_X58_0997_001:0279a26	二伸其釋意(三)	001	二 伸 其 釋 意  三  
ZH_X58_0997_001:0279a27	初漸教(光師)	001	初 漸 教  光 師  
ZH_X58_0997_001:0279a28	二頓教(為根)	001	二 頓 教  為 根  
ZH_X58_0997_001:0279a29	三圓教(為於)	001	三 圓 教  為 於  
ZH_X58_0997_001:0279a30	三傳襲宗承(後先)	001	三 傳 襲 宗 承  後 先  
ZH_X58_0997_001:0279a31	四大衍法師(四依)	001	四 大 衍 法 師  四 依  
ZH_X58_0997_001:0279a32	五護身法師(五依)	001	五 護 身 法 師  五 依  
ZH_X58_0997_001:0279a33	六耆闍法師(六依)	001	六 耆 闍 法 師  六 依  
ZH_X58_0997_001:0279a34	七陳隨二師(二)	001	七 陳 隨 二 師  二  
ZH_X58_0997_001:0279a35	初師資立教(七依)	001	初 師 資 立 教  七 依  
ZH_X58_0997_001:0279a36	二依彼列釋(一名)	001	二 依 彼 列 釋  一 名  
ZH_X58_0997_001:0279a37	八江南敏師(八依)	001	八 江 南 敏 師  八 依  
ZH_X58_0997_001:0279a38	九梁朝雲師(二)	001	九 梁 朝 雲 師  二  
ZH_X58_0997_001:0279a39	初正判四乘(九依)	001	初 正 判 四 乘  九 依  
ZH_X58_0997_001:0279a40	二依立二教(信行)	001	二 依 立 二 教  信 行  
ZH_X58_0997_001:0279a41	十李唐三藏(三)	001	十 李 唐 三 藏  三  
ZH_X58_0997_001:0279a42	初指人依教(十依)	001	初 指 人 依 教  十 依  
ZH_X58_0997_001:0279a43	二所立輪(一轉)	001	二 所 立 輪  一 轉  
ZH_X58_0997_001:0279a44	三彰攝不攝(此三)	001	三 彰 攝 不 攝  此 三  
ZH_X58_0997_001:0279a45	三述德結益(二)	001	三 述 德 結 益  二  
ZH_X58_0997_001:0279a46	初總述德(此上)	001	初 總 述 德  此 上  
ZH_X58_0997_001:0279a47	二別結益(此等)	001	二 別 結 益  此 等  
ZH_X58_0997_001:0279a49	○四分教開宗(二)	001	 四 分 教 開 宗  二  
ZH_X58_0997_001:0279a50	初牒章標分(第四)	001	初 牒 章 標 分  第 四  
ZH_X58_0997_001:0279a51	二隨門演釋(二)	001	二 隨 門 演 釋  二  
ZH_X58_0997_001:0279a52	初就法分教(三)	001	初 就 法 分 教  三  
ZH_X58_0997_001:0279a53	初以類分判(初門)	001	初 以 類 分 判  初 門  
ZH_X58_0997_001:0279a54	二隨義演釋(二)	001	二 隨 義 演 釋  二  
ZH_X58_0997_001:0279a55	初略釋初後(初一)	001	初 略 釋 初 後  初 一  
ZH_X58_0997_001:0279a56	二具釋三乘(二)	001	二 具 釋 三 乘  二  
ZH_X58_0997_001:0279a57	初標(中間)	001	初 標  中 間  
ZH_X58_0997_001:0280a01	二列(三)	001	二 列  三  
ZH_X58_0997_001:0280a02	初或為一(一或)	001	初 或 為 一  一 或  
ZH_X58_0997_001:0280a03	二或為二(二)	001	二 或 為 二  二  
ZH_X58_0997_001:0280a04	初標立(二或)	001	初 標 立  二 或  
ZH_X58_0997_001:0280a05	二列釋(二)	001	二 列 釋  二  
ZH_X58_0997_001:0280a06	初漸(二)	001	初 漸  二  
ZH_X58_0997_001:0280a07	初釋相(以始)	001	初 釋 相  以 始  
ZH_X58_0997_001:0280a08	二引證(故楞)	001	二 引 證  故 楞  
ZH_X58_0997_001:0280a09	二頓(二)	001	二 頓  二  
ZH_X58_0997_001:0280a10	初釋相(頓者)	001	初 釋 相  頓 者  
ZH_X58_0997_001:0280a11	二引證(故楞)	001	二 引 證  故 楞  
ZH_X58_0997_001:0280a12	三或為三(三)	001	三 或 為 三  三  
ZH_X58_0997_001:0280a13	初開教會深密(三或)	001	初 開 教 會 深 密  三 或  
ZH_X58_0997_001:0280a14	二依義引法皷(三)	001	二 依 義 引 法 皷  三  
ZH_X58_0997_001:0280a15	初定義(依是)	001	初 定 義  依 是  
ZH_X58_0997_001:0280a16	二引經(故彼)	001	二 引 經  故 彼  
ZH_X58_0997_001:0280a17	三解釋(解云)	001	三 解 釋  解 云  
ZH_X58_0997_001:0280a18	三約理引起信(又起)	001	三 約 理 引 起 信  又 起  
ZH_X58_0997_001:0280a19	三示意結指(此約)	001	三 示 意 結 指  此 約  
ZH_X58_0997_001:0280a20	二以現開宗(二)	001	二 以 現 開 宗  二  
ZH_X58_0997_001:0280a21	初標(二以)	001	初 標  二 以  
ZH_X58_0997_001:0280a22	二列(十)	001	二 列  十  
ZH_X58_0997_001:0280a23	初我法俱有宗(二)	001	初 我 法 俱 有 宗  二  
ZH_X58_0997_001:0280a24	初標(一我)	001	初 標  一 我  
ZH_X58_0997_001:0280a25	二釋(小乘)	001	二 釋  小 乘  
ZH_X58_0997_001:0280a26	二法有我無宗	001	二 法 有 我 無 宗 
ZH_X58_0997_001:0280a27	三法無去來宗	001	三 法 無 去 來 宗 
ZH_X58_0997_001:0280a28	四現通假實宗	001	四 現 通 假 實 宗 
ZH_X58_0997_001:0280a29	五俗妄真實宗	001	五 俗 妄 真 實 宗 
ZH_X58_0997_001:0280a30	六諸法但名宗	001	六 諸 法 但 名 宗 
ZH_X58_0997_001:0280a31	七一切皆空宗	001	七 一切皆空 宗 
ZH_X58_0997_001:0280a32	八真德不空宗	001	八 真 德 不 空 宗 
ZH_X58_0997_001:0280a33	九相想俱絕宗	001	九 相 想 俱 絕 宗 
ZH_X58_0997_001:0280a34	十圓明具德宗	001	十 圓 明 具 德 宗 
ZH_X58_0997_001:0280a36	○五乘教開合(三)	001	 五 乘 教 開 合  三  
ZH_X58_0997_001:0280a37	初牒分(第五)	001	初 牒 分  第 五  
ZH_X58_0997_001:0280a38	二列釋(二)	001	二 列 釋  二  
ZH_X58_0997_001:0280a39	初正釋(三)	001	初 正 釋  三  
ZH_X58_0997_001:0280a40	初約教開合(二)	001	初 約 教 開 合  二  
ZH_X58_0997_001:0280a41	初標示(初約)	001	初 標 示  初 約  
ZH_X58_0997_001:0280a42	二開釋(五)	001	二 開 釋  五  
ZH_X58_0997_001:0280a43	初合一(一或)	001	初 合 一  一 或  
ZH_X58_0997_001:0280a44	二開二(二或)	001	二 開 二  二 或  
ZH_X58_0997_001:0280a45	三析三(三或)	001	三 析 三  三 或  
ZH_X58_0997_001:0280a46	四分四(四或)	001	四 分 四  四 或  
ZH_X58_0997_001:0280a47	五散五(五或)	001	五 散 五  五 或  
ZH_X58_0997_001:0280a48	二以教攝乘(二)	001	二 以 教 攝 乘  二  
ZH_X58_0997_001:0280a49	初標(二以)	001	初 標  二 以  
ZH_X58_0997_001:0280a50	二釋(二)	001	二 釋  二  
ZH_X58_0997_001:0280a51	初一乘(先一)	001	初 一 乘  先 一  
ZH_X58_0997_001:0280a52	二三乘(二明)	001	二 三 乘  二 明  
ZH_X58_0997_001:0280a53	三諸教相收(二)	001	三 諸 教 相 收  二  
ZH_X58_0997_001:0280a54	初標(三諸)	001	初 標  三 諸  
ZH_X58_0997_001:0280a55	二釋(二)	001	二 釋  二  
ZH_X58_0997_001:0280a56	初以本攝末門(初中)	001	初 以 本 攝 末 門  初 中  
ZH_X58_0997_001:0280a57	二以末歸本門(二以)	001	二 以 末 歸 本 門  二 以  
ZH_X58_0997_001:0280a58	二勸思(是諸)	001	二 勸 思  是 諸  
ZH_X58_0997_001:0280a59	三結成(二)	001	三 結 成  二  
ZH_X58_0997_001:0280a60	初結歎(是則)	001	初 結 歎  是 則  
ZH_X58_0997_001:0280a61	二引成(故此)	001	二 引 成  故 此  
ZH_X58_0997_001:0280a63	○六教起前後(二)	001	 六 教 起 前 後  二  
ZH_X58_0997_001:0280a64	初牒分(第六)	001	初 牒 分  第 六  
ZH_X58_0997_001:0280a65	二隨釋(二)	001	二 隨 釋  二  
ZH_X58_0997_001:0281a01	初稱法本教(四)	001	初 稱 法 本 教  四  
ZH_X58_0997_001:0281a02	初正陳本法(初者)	001	初 正 陳 本 法  初 者  
ZH_X58_0997_001:0281a03	二徵示所由(何以)	001	二 徵 示 所 由  何 以  
ZH_X58_0997_001:0281a04	三引文現證(經本)	001	三 引 文 現 證  經 本  
ZH_X58_0997_001:0281a05	四結示引喻(是故)	001	四 結 示 引 喻  是 故  
ZH_X58_0997_001:0281a06	二逐機末教(二)	001	二 逐 機 末 教  二  
ZH_X58_0997_001:0281a07	初通示(二逐)	001	初 通 示  二 逐  
ZH_X58_0997_001:0281a08	二別釋(二)	001	二 別 釋  二  
ZH_X58_0997_001:0281a09	初同時異處(二)	001	初 同 時 異 處  二  
ZH_X58_0997_001:0281a10	初引教示相(二)	001	初 引 教 示 相  二  
ZH_X58_0997_001:0281a11	初三乘(初者)	001	初 三 乘  初 者  
ZH_X58_0997_001:0281a12	二小乘(二)	001	二 小 乘  二  
ZH_X58_0997_001:0281a13	初引彌沙(二小)	001	初 引 彌 沙  二 小  
ZH_X58_0997_001:0281a14	二會普曜(又普)	001	二 會 普 曜  又 普  
ZH_X58_0997_001:0281a15	二問答釋成(二)	001	二 問 答 釋 成  二  
ZH_X58_0997_001:0281a16	初問(問說)	001	初 問  問 說  
ZH_X58_0997_001:0281a17	二答(二)	001	二 答  二  
ZH_X58_0997_001:0281a18	初以理直答(修為)	001	初 以 理 直 答  修 為  
ZH_X58_0997_001:0281a19	二引教顯相(故地)	001	二 引 教 顯 相  故 地  
ZH_X58_0997_001:0281a20	二異時異處(二)	001	二 異 時 異 處  二  
ZH_X58_0997_001:0281a21	初示相(第二)	001	初 示 相  第 二  
ZH_X58_0997_001:0281a22	二結判(以比)	001	二 結 判  以 比  
ZH_X58_0997_001:0281a24	○七決擇其意(二)	001	 七 決 擇 其 意  二  
ZH_X58_0997_001:0281a25	初牒標(第七)	001	初 牒 標  第 七  
ZH_X58_0997_001:0281a26	二列顯(十)	001	二 列 顯  十  
ZH_X58_0997_001:0281a27	初始終定小(一或)	001	初 始 終 定 小  一 或  
ZH_X58_0997_001:0281a28	二從小入大(二或)	001	二 從 小 入 大  二 或  
ZH_X58_0997_001:0281a29	三小始入終(三或)	001	三 小 始 入 終  三 或  
ZH_X58_0997_001:0281a30	四從漸入頓(四或)	001	四 從 漸 入 頓  四 或  
ZH_X58_0997_001:0281a31	五此世定頓(五或)	001	五 此 世 定 頓  五 或  
ZH_X58_0997_001:0281a32	六根性定三(六或)	001	六 根 性 定 三  六 或  
ZH_X58_0997_001:0281a33	七從三入同(七或)	001	七 從 三 入 同  七 或  
ZH_X58_0997_001:0281a34	八從三入別(八或)	001	八 從 三 入 別  八 或  
ZH_X58_0997_001:0281a35	九普賢教分(九或)	001	九 普 賢 教 分  九 或  
ZH_X58_0997_001:0281a36	十普賢證分(十或)	001	十 普 賢 證 分  十 或  
ZH_X58_0997_001:0281a38	○八施設異相(二)	001	 八 施 設 異 相  二  
ZH_X58_0997_001:0281a39	初標分(第八)	001	初 標 分  第 八  
ZH_X58_0997_001:0281a40	二列釋(十)	001	二 列 釋  十  
ZH_X58_0997_001:0281a41	初時異(二)	001	初 時 異  二  
ZH_X58_0997_001:0281a42	初一乘(三)	001	初 一 乘  三  
ZH_X58_0997_001:0281a43	初示相(一者)	001	初 示 相  一 者  
ZH_X58_0997_001:0281a44	二通妨(若爾)	001	二 通 妨  若 爾  
ZH_X58_0997_001:0281a45	三顯玄(又此)	001	三 顯 玄  又 此  
ZH_X58_0997_001:0281a46	二三乘(三乘)	001	二 三 乘  三 乘  
ZH_X58_0997_001:0281a47	二處異(三)	001	二 處 異  三  
ZH_X58_0997_001:0281a48	初顯一乘(二者)	001	初 顯 一 乘  二 者  
ZH_X58_0997_001:0281a49	二明三乘(三乘)	001	二 明 三 乘  三 乘  
ZH_X58_0997_001:0281a50	三會佛境(二)	001	三 會 佛 境  二  
ZH_X58_0997_001:0281a51	初問答正顯(問若)	001	初 問 答 正 顯  問 若  
ZH_X58_0997_001:0281a52	二別示華嚴(若此)	001	二 別 示 華 嚴  若 此  
ZH_X58_0997_001:0281a53	三主異(二)	001	三 主 異  二  
ZH_X58_0997_001:0281a54	初一乘(三者)	001	初 一 乘  三 者  
ZH_X58_0997_001:0281a55	二三乘(不同)	001	二 三 乘  不 同  
ZH_X58_0997_001:0281a56	四眾異(二)	001	四 眾 異  二  
ZH_X58_0997_001:0281a57	初正示(二)	001	初 正 示  二  
ZH_X58_0997_001:0281a58	初一乘(四者)	001	初 一 乘  四 者  
ZH_X58_0997_001:0281a59	二三乘(不同)	001	二 三 乘  不 同  
ZH_X58_0997_001:0281a60	二通妨(二)	001	二 通 妨  二  
ZH_X58_0997_001:0281a61	初問	001	初 問 
ZH_X58_0997_001:0281a62	二答(二)	001	二 答  二  
ZH_X58_0997_001:0281a63	初標(答彼)	001	初 標  答 彼  
ZH_X58_0997_001:0281a64	二釋(二)	001	二 釋  二  
ZH_X58_0997_001:0281a65	初會五百(一寄)	001	初 會 五 百  一 寄  
ZH_X58_0997_001:0282a01	二會六千(二文)	001	二 會 六 千  二 文  
ZH_X58_0997_001:0282a02	五依異(二)	001	五 依 異  二  
ZH_X58_0997_001:0282a03	初一乘(五者)	001	初 一 乘  五 者  
ZH_X58_0997_001:0282a04	二三乘(不同三乘)	001	二 三 乘  不 同 三 乘  
ZH_X58_0997_001:0282a05	六說異(二)	001	六 說 異  二  
ZH_X58_0997_001:0282a06	初一乘(五者)	001	初 一 乘  五 者  
ZH_X58_0997_001:0282a07	二三乘(不同三乘)	001	二 三 乘  不 同 三 乘  
ZH_X58_0997_001:0282a08	七位異	001	七 位 異 
ZH_X58_0997_001:0282a09	初一乘(五者)	001	初 一 乘  五 者  
ZH_X58_0997_001:0282a10	二三乘(不同三乘)	001	二 三 乘  不 同 三 乘  
ZH_X58_0997_001:0282a11	八行異(二)	001	八 行 異  二  
ZH_X58_0997_001:0282a12	初一乘(五者)	001	初 一 乘  五 者  
ZH_X58_0997_001:0282a13	二三乘(不同三乘)	001	二 三 乘  不 同 三 乘  
ZH_X58_0997_001:0282a14	九法門異(九此)	001	九 法 門 異  九 此  
ZH_X58_0997_001:0282a15	十事異(二)	001	十 事 異  二  
ZH_X58_0997_001:0282a16	初一乘(五者)	001	初 一 乘  五 者  
ZH_X58_0997_001:0282a17	二三乘(不同三乘)	001	二 三 乘  不 同 三 乘  
ZH_X58_0997_001:0282a19	○九所詮差別(二)	001	 九 所 詮 差 別  二  
ZH_X58_0997_001:0282a20	初牒示分章(第九)	001	初 牒 示 分 章  第 九  
ZH_X58_0997_001:0282a21	二依章解釋(十)	001	二 依 章 解 釋  十  
ZH_X58_0997_001:0282a22	初所依心識(二)	001	初 所 依 心 識  二  
ZH_X58_0997_001:0282a23	初牒章(第一)	001	初 牒 章  第 一  
ZH_X58_0997_001:0282a24	二釋相(二)	001	二 釋 相  二  
ZH_X58_0997_001:0282a25	初顯教分齊(五)	001	初 顯 教 分 齊  五  
ZH_X58_0997_001:0282a26	初小乘(如小)	001	初 小 乘  如 小  
ZH_X58_0997_001:0282a27	二始教(二)	001	二 始 教  二  
ZH_X58_0997_001:0282a28	初相成就(二)	001	初 相 成 就  二  
ZH_X58_0997_001:0282a29	初理不隨緣(若依)	001	初 理 不 隨 緣  若 依  
ZH_X58_0997_001:0282a30	二心從事立(故就)	001	二 心 從 事 立  故 就  
ZH_X58_0997_001:0282a31	二理成就(二)	001	二 理 成 就  二  
ZH_X58_0997_001:0282a32	初示引(方便)	001	初 示 引  方 便  
ZH_X58_0997_001:0282a33	二釋結(解云)	001	二 釋 結  解 云  
ZH_X58_0997_001:0282a34	三終教(四)	001	三 終 教  四  
ZH_X58_0997_001:0282a35	初顯相(四)	001	初 顯 相  四  
ZH_X58_0997_001:0282a36	初正示(若依)	001	初 正 示  若 依  
ZH_X58_0997_001:0282a37	二論成(故論)	001	二 論 成  故 論  
ZH_X58_0997_001:0282a38	三釋揀(以許)	001	三 釋 揀  以 許  
ZH_X58_0997_001:0282a39	四廣證(故楞)	001	四 廣 證  故 楞  
ZH_X58_0997_001:0282a40	二難釋(二)	001	二 難 釋  二  
ZH_X58_0997_001:0282a41	初動靜相違門(問真)	001	初 動 靜 相 違 門  問 真  
ZH_X58_0997_001:0282a42	二隨緣不變答(二)	001	二 隨 緣 不 變 答  二  
ZH_X58_0997_001:0282a43	初正示本義(答既)	001	初 正 示 本 義  答 既  
ZH_X58_0997_001:0282a44	二結成真俗(故勝)	001	二 結 成 真 俗  故 勝  
ZH_X58_0997_001:0282a45	三料揀(二)	001	三 料 揀  二  
ZH_X58_0997_001:0282a46	初法一門差釋(此真)	001	初 法 一 門 差 釋  此 真  
ZH_X58_0997_001:0282a47	二經道論異釋(又如)	001	二 經 道 論 異 釋  又 如  
ZH_X58_0997_001:0282a48	四結顯(是故)	001	四 結 顯  是 故  
ZH_X58_0997_001:0282a49	四頓教(三)	001	四 頓 教  三  
ZH_X58_0997_001:0282a50	初直顯(言依)	001	初 直 顯  言 依  
ZH_X58_0997_001:0282a51	二引揀(如雜)	001	二 引 揀  如 雜  
ZH_X58_0997_001:0282a52	三示意(以其)	001	三 示 意  以 其  
ZH_X58_0997_001:0282a53	五圓教(二)	001	五 圓 教  二  
ZH_X58_0997_001:0282a54	初別教(二)	001	初 別 教  二  
ZH_X58_0997_001:0282a55	初正示(若依)	001	初 正 示  若 依  
ZH_X58_0997_001:0282a56	二指結(如離)	001	二 指 結  如 離  
ZH_X58_0997_001:0282a57	二同教(若約)	001	二 同 教  若 約  
ZH_X58_0997_001:0282a58	二以問具成(二)	001	二 以 問 具 成  二  
ZH_X58_0997_001:0282a59	初一心多義問(問云)	001	初 一 心 多 義 問  問 云  
ZH_X58_0997_001:0282a60	二約法約機答(二)	001	二 約 法 約 機 答  二  
ZH_X58_0997_001:0282a61	初正示(二)	001	初 正 示  二  
ZH_X58_0997_001:0282a62	初標分(答此)	001	初 標 分  答 此  
ZH_X58_0997_001:0283a01	二牒釋(二)	001	二 牒 釋  二  
ZH_X58_0997_001:0283a02	初約法通收(三)	001	初 約 法 通 收  三  
ZH_X58_0997_001:0283a03	初釋示(初義)	001	初 釋 示  初 義  
ZH_X58_0997_001:0283a04	二列釋(一攝)	001	二 列 釋  一 攝  
ZH_X58_0997_001:0283a05	三雙融(是即)	001	三 雙 融  是 即  
ZH_X58_0997_001:0283a06	二約機分齊(二約)	001	二 約 機 分 齊  二 約  
ZH_X58_0997_001:0283a07	二指餘(其餘)	001	二 指 餘  其 餘  
ZH_X58_0997_001:0283a08	二明佛種性○	001	二 明 佛 種 性  
ZH_X58_0997_001:0283a09	三行位差別○	001	三 行 位 差 別  
ZH_X58_0997_001:0283a10	四修行時分○	001	四 修 行 時 分  
ZH_X58_0997_001:0283a11	五修行依身○	001	五 修 行 依 身  
ZH_X58_0997_001:0283a12	六斷惑分齊○	001	六 斷 惑 分 齊  
ZH_X58_0997_001:0283a13	七二乘迴心○	001	七 二 乘 迴 心  
ZH_X58_0997_001:0283a14	八佛果義相○	001	八 佛 果 義 相  
ZH_X58_0997_001:0283a15	九攝化境界○	001	九 攝 化 境 界  
ZH_X58_0997_001:0283a16	十佛身開合○	001	十 佛 身 開 合  
ZH_X58_0997_001:0283a18	○第二明佛種性(二)	001	 第 二 明 佛 種 性  二  
ZH_X58_0997_001:0283a19	初標章(第二)	001	初 標 章  第 二  
ZH_X58_0997_001:0283a20	二釋相(二)	001	二 釋 相  二  
ZH_X58_0997_001:0283a21	初教詮分齊(三)	001	初 教 詮 分 齊  三  
ZH_X58_0997_001:0283a22	初小乘(三)	001	初 小 乘  三  
ZH_X58_0997_001:0283a23	初通明六種(若依)	001	初 通 明 六 種  若 依  
ZH_X58_0997_001:0283a24	二別釋不動(二)	001	二 別 釋 不 動  二  
ZH_X58_0997_001:0283a25	初略分三品(不動)	001	初 略 分 三 品  不 動  
ZH_X58_0997_001:0283a26	二揀異大乘(雖於)	001	二 揀 異 大 乘  雖 於  
ZH_X58_0997_001:0283a27	三結示其宗(是故)	001	三 結 示 其 宗  是 故  
ZH_X58_0997_001:0283a28	二三乘(三)	001	二 三 乘  三  
ZH_X58_0997_001:0283a29	初標	001	初 標 
ZH_X58_0997_001:0283a30	二釋(三)	001	二 釋  三  
ZH_X58_0997_001:0283a31	初約始教(二)	001	初 約 始 教  二  
ZH_X58_0997_001:0283a32	初明無性(四)	001	初 明 無 性  四  
ZH_X58_0997_001:0283a33	初以理成立(一約)	001	初 以 理 成 立  一 約  
ZH_X58_0997_001:0283a34	二引論證成(故顯)	001	二 引 論 證 成  故 顯  
ZH_X58_0997_001:0283a35	三生永不滅(是故)	001	三 生 永 不 滅  是 故  
ZH_X58_0997_001:0283a36	四佛德無盡(由是)	001	四 佛 德 無 盡  由 是  
ZH_X58_0997_001:0283a37	二辨有性(二)	001	二 辨 有 性  二  
ZH_X58_0997_001:0283a38	初正說(四)	001	初 正 說  四  
ZH_X58_0997_001:0283a39	初引論(其有)	001	初 引 論  其 有  
ZH_X58_0997_001:0283a40	二指釋(此中)	001	二 指 釋  此 中  
ZH_X58_0997_001:0283a41	三證成(故梁)	001	三 證 成  故 梁  
ZH_X58_0997_001:0283a42	四結會(然瑜)	001	四 結 會  然 瑜  
ZH_X58_0997_001:0283a43	二問成(十)	001	二 問 成  十  
ZH_X58_0997_001:0283a44	初通舉二經問(問此)	001	初 通 舉 二 經 問  問 此  
ZH_X58_0997_001:0283a45	二敘經會論答(二)	001	二 敘 經 會 論 答  二  
ZH_X58_0997_001:0283a46	初會性習(答彼)	001	初 會 性 習  答 彼  
ZH_X58_0997_001:0283a47	二會前後(又經)	001	二 會 前 後  又 經  
ZH_X58_0997_001:0283a48	三以何知位問(問又)	001	三 以 何 知 位 問  問 又  
ZH_X58_0997_001:0283a49	四有習必修答(答以)	001	四 有 習 必 修 答  答 以  
ZH_X58_0997_001:0283a50	五未習無性問(問若)	001	五 未 習 無 性 問  問 若  
ZH_X58_0997_001:0283a51	六五為緣起答(答此)	001	六 五 為 緣 起 答  答 此  
ZH_X58_0997_001:0283a52	七五一相違問(問若)	001	七 五 一 相 違 問  問 若  
ZH_X58_0997_001:0283a53	八由一成五答(三)	001	八 由 一 成 五 答  三  
ZH_X58_0997_001:0283a54	初總(答即)	001	初 總  答 即  
ZH_X58_0997_001:0283a55	二別(三)	001	二 別  三  
ZH_X58_0997_001:0283a56	初三乘性(何者)	001	初 三 乘 性  何 者  
ZH_X58_0997_001:0283a57	二不定性(若於)	001	二 不 定 性  若 於  
ZH_X58_0997_001:0283a58	三無種性(若於)	001	三 無 種 性  若 於  
ZH_X58_0997_001:0283a59	三結(由此)	001	三 結  由 此  
ZH_X58_0997_001:0283a60	九縱修何有問(問若)	001	九 縱 修 何 有 問  問 若  
ZH_X58_0997_001:0283a61	十就位有無答(三)	001	十 就 位 有 無 答  三  
ZH_X58_0997_001:0283a62	初正答(答有)	001	初 正 答  答 有  
ZH_X58_0997_001:0284a01	二引證(如涅)	001	二 引 證  如 涅  
ZH_X58_0997_001:0284a02	三結成(當知)	001	三 結 成  當 知  
ZH_X58_0997_001:0284a03	二約終教(三)	001	二 約 終 教  三  
ZH_X58_0997_001:0284a04	初正明(二約)	001	初 正 明  二 約  
ZH_X58_0997_001:0284a05	二引證(故智)	001	二 引 證  故 智  
ZH_X58_0997_001:0284a06	三問成(十)	001	三 問 成  十  
ZH_X58_0997_001:0284a07	初生佛當得難(問如)	001	初 生 佛 當 得 難  問 如  
ZH_X58_0997_001:0284a08	二佛書揀濫答(答經)	001	二 佛 書 揀 濫 答  答 經  
ZH_X58_0997_001:0284a09	三無性有性難(問若)	001	三 無 性 有 性 難  問 若  
ZH_X58_0997_001:0284a10	四欲迴諦教答(二)	001	四 欲 迴 諦 教 答  二  
ZH_X58_0997_001:0284a11	初引寶性(答論)	001	初 引 寶 性  答 論  
ZH_X58_0997_001:0284a12	二引佛性(二)	001	二 引 佛 性  二  
ZH_X58_0997_001:0284a13	初示本義(又佛)	001	初 示 本 義  又 佛  
ZH_X58_0997_001:0284a14	二指過失(解云)	001	二 指 過 失  解 云  
ZH_X58_0997_001:0284a15	五談無談有難(問前)	001	五 談 無 談 有 難  問 前  
ZH_X58_0997_001:0284a16	六有了不了答(二)	001	六 有 了 不 了 答  二  
ZH_X58_0997_001:0284a17	初引文(答亦)	001	初 引 文  答 亦  
ZH_X58_0997_001:0284a18	二解義(解云)	001	二 解 義  解 云  
ZH_X58_0997_001:0284a19	七據權進退難(三)	001	七 據 權 進 退 難  三  
ZH_X58_0997_001:0284a20	初生界有盡問(問若)	001	初 生 界 有 盡 問  問 若  
ZH_X58_0997_001:0284a21	二生界無盡問(如其)	001	二 生 界 無 盡 問  如 其  
ZH_X58_0997_001:0284a22	三無性善成問(依如)	001	三 無 性 善 成 問  依 如  
ZH_X58_0997_001:0284a23	八依實縱奪答(二)	001	八 依 實 縱 奪 答  二  
ZH_X58_0997_001:0284a24	初總通諸妨(二)	001	初 總 通 諸 妨  二  
ZH_X58_0997_001:0284a25	初牒難奪破(二)	001	初 牒 難 奪 破  二  
ZH_X58_0997_001:0284a26	初牒生起增減(二)	001	初 牒 生 起 增 減  二  
ZH_X58_0997_001:0284a27	初指迷(答若)	001	初 指 迷  答 若  
ZH_X58_0997_001:0284a28	二引經(是故)	001	二 引 經  是 故  
ZH_X58_0997_001:0284a29	二避失隨增減(二)	001	二 避 失 隨 增 減  二  
ZH_X58_0997_001:0284a30	初指迷(設避)	001	初 指 迷  設 避  
ZH_X58_0997_001:0284a31	二引經(是故)	001	二 引 經  是 故  
ZH_X58_0997_001:0284a32	二引教申宗(二)	001	二 引 教 申 宗  二  
ZH_X58_0997_001:0284a33	初申正理(二)	001	初 申 正 理  二  
ZH_X58_0997_001:0284a34	初示無增減(又文)	001	初 示 無 增 減  又 文  
ZH_X58_0997_001:0284a35	二徵釋所由(何以)	001	二 徵 釋 所 由  何 以  
ZH_X58_0997_001:0284a36	二喻結成(二)	001	二 喻 結 成  二  
ZH_X58_0997_001:0284a37	初引喻(猶如)	001	初 引 喻  猶 如  
ZH_X58_0997_001:0284a38	二合結(當知)	001	二 合 結  當 知  
ZH_X58_0997_001:0284a39	二委破餘難(三)	001	二 委 破 餘 難  三  
ZH_X58_0997_001:0284a40	初指失(二)	001	初 指 失  二  
ZH_X58_0997_001:0284a41	初牒難正破(二)	001	初 牒 難 正 破  二  
ZH_X58_0997_001:0284a42	初牒難(又為)	001	初 牒 難  又 為  
ZH_X58_0997_001:0284a43	二正破(二)	001	二 正 破  二  
ZH_X58_0997_001:0284a44	初德無報細破(是即)	001	初 德 無 報 細 破  是 即  
ZH_X58_0997_001:0284a45	二悲無教網破(又今)	001	二 悲 無 教 網 破  又 今  
ZH_X58_0997_001:0284a46	二詳破對執(二)	001	二 詳 破 對 執  二  
ZH_X58_0997_001:0284a47	初牒封執(又若)	001	初 牒 封 執  又 若  
ZH_X58_0997_001:0284a48	二指紕謬(然彼)	001	二 指 紕 謬  然 彼  
ZH_X58_0997_001:0284a49	二示理(又本)	001	二 示 理  又 本  
ZH_X58_0997_001:0284a50	三結過(是故)	001	三 結 過  是 故  
ZH_X58_0997_001:0284a51	九以理從事難(問夫)	001	九 以 理 從 事 難  問 夫  
ZH_X58_0997_001:0284a52	十會事從理答(三)	001	十 會 事 從 理 答  三  
ZH_X58_0997_001:0284a53	初廣明性種(三)	001	初 廣 明 性 種  三  
ZH_X58_0997_001:0284a54	初示相(二)	001	初 示 相  二  
ZH_X58_0997_001:0284a55	初正說(答以)	001	初 正 說  答 以  
ZH_X58_0997_001:0284a56	二指成(梁攝)	001	二 指 成  梁 攝  
ZH_X58_0997_001:0284a57	二引教(三)	001	二 引 教  三  
ZH_X58_0997_001:0284a58	初引二論(又彼)	001	初 引 二 論  又 彼  
ZH_X58_0997_001:0284a59	二會瑜伽(二)	001	二 會 瑜 伽  二  
ZH_X58_0997_001:0284a60	初始教會本論(此與)	001	初 始 教 會 本 論  此 與  
ZH_X58_0997_001:0284a61	二終教會寶性(寶性)	001	二 終 教 會 寶 性  寶 性  
ZH_X58_0997_001:0284a62	三引涅槃(又涅)	001	三 引 涅 槃  又 涅  
ZH_X58_0997_001:0284a63	三結說(此等)	001	三 結 說  此 等  
ZH_X58_0997_001:0284a64	二略辨習種(其習)	001	二 略 辨 習 種  其 習  
ZH_X58_0997_001:0284a65	三通明性習(又起)	001	三 通 明 性 習  又 起  
ZH_X58_0997_001:0284a66	三一乘(二)	001	三 一 乘  二  
ZH_X58_0997_001:0285a01	初同教(第三)	001	初 同 教  第 三  
ZH_X58_0997_001:0285a02	二別教(二)	001	二 別 教  二  
ZH_X58_0997_001:0285a03	初正顯(二緣)	001	初 正 顯  二 緣  
ZH_X58_0997_001:0285a04	二別示(若隨)	001	二 別 示  若 隨  
ZH_X58_0997_001:0285a05	二問以具成(二)	001	二 問 以 具 成  二  
ZH_X58_0997_001:0285a06	初問(問云)	001	初 問  問 云  
ZH_X58_0997_001:0285a07	二答(二)	001	二 答  二  
ZH_X58_0997_001:0285a08	初分門(答此)	001	初 分 門  答 此  
ZH_X58_0997_001:0285a09	二演釋(二)	001	二 演 釋  二  
ZH_X58_0997_001:0285a10	初約法辨隱顯相收(三)	001	初 約 法 辨 隱 顯 相 收  三  
ZH_X58_0997_001:0285a11	初標示(初義)	001	初 標 示  初 義  
ZH_X58_0997_001:0285a12	二徵釋(何者)	001	二 徵 釋  何 者  
ZH_X58_0997_001:0285a13	三顯玄(義雖)	001	三 顯 玄  義 雖  
ZH_X58_0997_001:0285a14	三約頓教(三約)	001	三 約 頓 教  三 約  
ZH_X58_0997_001:0285a15	三結(上來)	001	三 結  上 來  
ZH_X58_0997_001:0285a17	○第三行位差別(二)	001	 第 三 行 位 差 別  二  
ZH_X58_0997_001:0285a18	初牒章通示(第三)	001	初 牒 章 通 示  第 三  
ZH_X58_0997_001:0285a19	二依義別釋(三)	001	二 依 義 別 釋  三  
ZH_X58_0997_001:0285a20	初小乘(四)	001	初 小 乘  四  
ZH_X58_0997_001:0285a21	初位相(初者)	001	初 位 相  初 者  
ZH_X58_0997_001:0285a22	二不退(二不)	001	二 不 退  二 不  
ZH_X58_0997_001:0285a23	三行相(其行)	001	三 行 相  其 行  
ZH_X58_0997_001:0285a24	四問顯(問何)	001	四 問 顯  問 何  
ZH_X58_0997_001:0285a25	二三乘(三)	001	二 三 乘  三  
ZH_X58_0997_001:0285a26	初始教(三)	001	初 始 教  三  
ZH_X58_0997_001:0285a27	初位相(二)	001	初 位 相  二  
ZH_X58_0997_001:0285a28	初總別牒分(若依)	001	初 總 別 牒 分  若 依  
ZH_X58_0997_001:0285a29	二就別演釋(二)	001	二 就 別 演 釋  二  
ZH_X58_0997_001:0285a30	初迴心(二)	001	初 迴 心  二  
ZH_X58_0997_001:0285a31	初顯相(二)	001	初 顯 相  二  
ZH_X58_0997_001:0285a32	初正顯(二)	001	初 正 顯  二  
ZH_X58_0997_001:0285a33	初明見等四五(一為)	001	初 明 見 等 四 五  一 為  
ZH_X58_0997_001:0285a34	二明乾等十地(又亦)	001	二 明 乾 等 十 地  又 亦  
ZH_X58_0997_001:0285a35	二指廣(又此)	001	二 指 廣  又 此  
ZH_X58_0997_001:0285a36	二問成(問何)	001	二 問 成  問 何  
ZH_X58_0997_001:0285a37	二直進(三)	001	二 直 進  三  
ZH_X58_0997_001:0285a38	初顯相(三)	001	初 顯 相  三  
ZH_X58_0997_001:0285a39	初示本教(二為)	001	初 示 本 教  二 為  
ZH_X58_0997_001:0285a40	二似小乘(又以)	001	二 似 小 乘  又 以  
ZH_X58_0997_001:0285a41	三似迴心(又亦)	001	三 似 迴 心  又 亦  
ZH_X58_0997_001:0285a42	二問成(二)	001	二 問 成  二  
ZH_X58_0997_001:0285a43	初直問似小乘(問何)	001	初 直 問 似 小 乘  問 何  
ZH_X58_0997_001:0285a44	二轉問為直進(問若)	001	二 轉 問 為 直 進  問 若  
ZH_X58_0997_001:0285a45	三引示(二)	001	三 引 示  二  
ZH_X58_0997_001:0285a46	初所似(二)	001	初 所 似  二  
ZH_X58_0997_001:0285a47	初示聲聞(即如)	001	初 示 聲 聞  即 如  
ZH_X58_0997_001:0285a48	二例緣覺(如說)	001	二 例 緣 覺  如 說  
ZH_X58_0997_001:0285a49	二能似(於菩)	001	二 能 似  於 菩  
ZH_X58_0997_001:0285a50	二不退(二)	001	二 不 退  二  
ZH_X58_0997_001:0285a51	初通辨三乘(二)	001	初 通 辨 三 乘  二  
ZH_X58_0997_001:0285a52	初正示(二不)	001	初 正 示  二 不  
ZH_X58_0997_001:0285a53	二指判(當知)	001	二 指 判  當 知  
ZH_X58_0997_001:0285a54	二別明菩薩(亦可)	001	二 別 明 菩 薩  亦 可  
ZH_X58_0997_001:0285a55	三行相(二)	001	三 行 相  二  
ZH_X58_0997_001:0285a56	初引示(三明)	001	初 引 示  三 明  
ZH_X58_0997_001:0285a57	二判釋(解云)	001	二 判 釋  解 云  
ZH_X58_0997_001:0285a58	二終教(五)	001	二 終 教  五  
ZH_X58_0997_001:0285a59	初位相(二)	001	初 位 相  二  
ZH_X58_0997_001:0285a60	初直示(若依)	001	初 直 示  若 依  
ZH_X58_0997_001:0285a61	二揀顯(二)	001	二 揀 顯  二  
ZH_X58_0997_001:0285a62	初揀影小(亦不)	001	初 揀 影 小  亦 不  
ZH_X58_0997_001:0286a01	二揀信心(又於)	001	二 揀 信 心  又 於  
ZH_X58_0997_001:0286a02	二不退(二)	001	二 不 退  二  
ZH_X58_0997_001:0286a03	初正顯(又仁)	001	初 正 顯  又 仁  
ZH_X58_0997_001:0286a04	二轉釋(設本)	001	二 轉 釋  設 本  
ZH_X58_0997_001:0286a05	三行相(其行)	001	三 行 相  其 行  
ZH_X58_0997_001:0286a06	四結判(是故)	001	四 結 判  是 故  
ZH_X58_0997_001:0286a07	五問成(問此)	001	五 問 成  問 此  
ZH_X58_0997_001:0286a08	三頓教(二)	001	三 頓 教  二  
ZH_X58_0997_001:0286a09	初約離言(若依)	001	初 約 離 言  若 依  
ZH_X58_0997_001:0286a10	二約寄言(若寄)	001	二 約 寄 言  若 寄  
ZH_X58_0997_001:0286a11	三一乘(二)	001	三 一 乘  二  
ZH_X58_0997_001:0286a12	初牒分(若依)	001	初 牒 分  若 依  
ZH_X58_0997_001:0286a13	二釋相(二)	001	二 釋 相  二  
ZH_X58_0997_001:0286a14	初同教(一攝)	001	初 同 教  一 攝  
ZH_X58_0997_001:0286a15	二別教(三)	001	二 別 教  三  
ZH_X58_0997_001:0286a16	初釋相(二)	001	初 釋 相  二  
ZH_X58_0997_001:0286a17	初標分(二據)	001	初 標 分  二 據  
ZH_X58_0997_001:0286a18	二列釋(三)	001	二 列 釋  三  
ZH_X58_0997_001:0286a19	初約寄位顯(二)	001	初 約 寄 位 顯  二  
ZH_X58_0997_001:0286a20	初六位互融(二)	001	初 六 位 互 融  二  
ZH_X58_0997_001:0286a21	初正明(一約)	001	初 正 明  一 約  
ZH_X58_0997_001:0286a22	二引證(經云)	001	二 引 證  經 云  
ZH_X58_0997_001:0286a23	二因果無二(又以)	001	二 因 果 無 二  又 以  
ZH_X58_0997_001:0286a24	二報明位相(二)	001	二 報 明 位 相  二  
ZH_X58_0997_001:0286a25	初牒分(二約)	001	初 牒 分  二 約  
ZH_X58_0997_001:0286a26	二演釋(三)	001	二 演 釋  三  
ZH_X58_0997_001:0286a27	初見聞位(一成)	001	初 見 聞 位  一 成  
ZH_X58_0997_001:0286a28	二解行位(二)	001	二 解 行 位  二  
ZH_X58_0997_001:0286a29	初引天子(二亦)	001	初 引 天 子  二 亦  
ZH_X58_0997_001:0286a30	二引善財(又如)	001	二 引 善 財  又 如  
ZH_X58_0997_001:0286a31	三證果海(二)	001	三 證 果 海  二  
ZH_X58_0997_001:0286a32	初引示(三證)	001	初 引 示  三 證  
ZH_X58_0997_001:0286a33	二釋顯(當知)	001	二 釋 顯  當 知  
ZH_X58_0997_001:0286a34	三約行明位(二)	001	三 約 行 明 位  二  
ZH_X58_0997_001:0286a35	初行中二位(三約)	001	初 行 中 二 位  三 約  
ZH_X58_0997_001:0286a36	二位內行相(二)	001	二 位 內 行 相  二  
ZH_X58_0997_001:0286a37	初解行位(四)	001	初 解 行 位  四  
ZH_X58_0997_001:0286a38	初所感身土(二)	001	初 所 感 身 土  二  
ZH_X58_0997_001:0286a39	初正明(其身)	001	初 正 明  其 身  
ZH_X58_0997_001:0286a40	二料揀(若三)	001	二 料 揀  若 三  
ZH_X58_0997_001:0286a41	二所起化用(又彼)	001	二 所 起 化 用  又 彼  
ZH_X58_0997_001:0286a42	三福所感寶(其福)	001	三 福 所 感 寶  其 福  
ZH_X58_0997_001:0286a43	四依位結成(當知)	001	四 依 位 結 成  當 知  
ZH_X58_0997_001:0286a44	二信滿位(若約)	001	二 信 滿 位  若 約  
ZH_X58_0997_001:0286a45	二料揀	001	二 料 揀 
ZH_X58_0997_001:0286a46	三別成(十四)	001	三 別 成  十 四  
ZH_X58_0997_001:0286a47	初疑三濫一問(問前)	001	初 疑 三 濫 一 問  問 前  
ZH_X58_0997_001:0286a48	二揀一異三答(答彼)	001	二 揀 一 異 三 答  答 彼  
ZH_X58_0997_001:0286a49	三一三位同問(同義)	001	三 一 三 位 同 問  同 義  
ZH_X58_0997_001:0286a50	四寄三顯一答(答為)	001	四 寄 三 顯 一 答  答 為  
ZH_X58_0997_001:0286a51	五後位何用問(問既)	001	五 後 位 何 用 問  問 既  
ZH_X58_0997_001:0286a52	六一中一切答(答說)	001	六 一 中 一 切 答  答 說  
ZH_X58_0997_001:0286a53	七初後義例問(問若)	001	七 初 後 義 例 問  問 若  
ZH_X58_0997_001:0286a54	八始末義齊答(答實)	001	八 始 末 義 齊 答  答 實  
ZH_X58_0997_001:0286a55	九位無階降問(問若)	001	九 位 無 階 降 問  問 若  
ZH_X58_0997_001:0286a56	十善巧安立答(二)	001	十 善 巧 安 立 答  二  
ZH_X58_0997_001:0286a57	初示義(答以)	001	初 示 義  答 以  
ZH_X58_0997_001:0286a58	二顯融(但以)	001	二 顯 融  但 以  
ZH_X58_0997_001:0286a59	十一信初信滿問(問若)	001	十 一 信 初 信 滿 問  問 若  
ZH_X58_0997_001:0286a60	十二寄三得位答(答若)	001	十 二 寄 三 得 位 答  答 若  
ZH_X58_0997_001:0286a61	十三是住非信問(問若)	001	十 三 是 住 非 信 問  問 若  
ZH_X58_0997_001:0286a62	十四行佛非住答(答由)	001	十 四 行 佛 非 住 答  答 由  
ZH_X58_0997_001:0287a02	○第四修行時分(五)	001	 第 四 修 行 時 分  五  
ZH_X58_0997_001:0287a03	初小乘(二)	001	初 小 乘  二  
ZH_X58_0997_001:0287a04	初約三人(三)	001	初 約 三 人  三  
ZH_X58_0997_001:0287a05	初示三根(第四)	001	初 示 三 根  第 四  
ZH_X58_0997_001:0287a06	二明劫量(此中)	001	二 明 劫 量  此 中  
ZH_X58_0997_001:0287a07	三問釋成(問何)	001	三 問 釋 成  問 何  
ZH_X58_0997_001:0287a08	二約二身(二)	001	二 約 二 身  二  
ZH_X58_0997_001:0287a09	初法身(又依)	001	初 法 身  又 依  
ZH_X58_0997_001:0287a10	二生身(生身)	001	二 生 身  生 身  
ZH_X58_0997_001:0287a11	二始教(三)	001	二 始 教  三  
ZH_X58_0997_001:0287a12	初正明時劫(三)	001	初 正 明 時 劫  三  
ZH_X58_0997_001:0287a13	初正明(若依)	001	初 正 明  若 依  
ZH_X58_0997_001:0287a14	二劫量(但此)	001	二 劫 量  但 此  
ZH_X58_0997_001:0287a15	三依身(仍此)	001	三 依 身  仍 此  
ZH_X58_0997_001:0287a16	二示修相好(又依)	001	二 示 修 相 好  又 依  
ZH_X58_0997_001:0287a17	三問答釋成(問三)	001	三 問 答 釋 成  問 三  
ZH_X58_0997_001:0287a18	三終教(三)	001	三 終 教  三  
ZH_X58_0997_001:0287a19	初定三無數(三)	001	初 定 三 無 數  三  
ZH_X58_0997_001:0287a20	初定三祗(若依)	001	初 定 三 祗  若 依  
ZH_X58_0997_001:0287a21	二成報佛(又此)	001	二 成 報 佛  又 此  
ZH_X58_0997_001:0287a22	三無百劫(文亦)	001	三 無 百 劫  文 亦  
ZH_X58_0997_001:0287a23	二不計劫數(二)	001	二 不 計 劫 數  二  
ZH_X58_0997_001:0287a24	初勝天王(二不)	001	初 勝 天 王  二 不  
ZH_X58_0997_001:0287a25	二寶雲經(二)	001	二 寶 雲 經  二  
ZH_X58_0997_001:0287a26	初引經(二據)	001	初 引 經  二 據  
ZH_X58_0997_001:0287a27	二釋義(解云)	001	二 釋 義  解 云  
ZH_X58_0997_001:0287a28	三問成二說(問何)	001	三 問 成 二 說  問 何  
ZH_X58_0997_001:0287a29	四頓教(若依)	001	四 頓 教  若 依  
ZH_X58_0997_001:0287a30	五圓教(若依)	001	五 圓 教  若 依  
ZH_X58_0997_001:0287a32	○第五修行依身(二)	001	 第 五 修 行 依 身  二  
ZH_X58_0997_001:0287a33	初標章(第五)	001	初 標 章  第 五  
ZH_X58_0997_001:0287a34	二隨釋(五)	001	二 隨 釋  五  
ZH_X58_0997_001:0287a35	初小乘(若依)	001	初 小 乘  若 依  
ZH_X58_0997_001:0287a36	二始教(二)	001	二 始 教  二  
ZH_X58_0997_001:0287a37	初迴心(若始)	001	初 迴 心  若 始  
ZH_X58_0997_001:0287a38	二直進(二)	001	二 直 進  二  
ZH_X58_0997_001:0287a39	初約寄位(若依)	001	初 約 寄 位  若 依  
ZH_X58_0997_001:0287a40	二就實報(二)	001	二 就 實 報  二  
ZH_X58_0997_001:0287a41	初正明(二就)	001	初 正 明  二 就  
ZH_X58_0997_001:0287a42	二通妨(二)	001	二 通 妨  二  
ZH_X58_0997_001:0287a43	初正問(二)	001	初 正 問  二  
ZH_X58_0997_001:0287a44	初問八地無現惑(問八)	001	初 問 八 地 無 現 惑  問 八  
ZH_X58_0997_001:0287a45	二答結生唯種子(二)	001	二 答 結 生 唯 種 子  二  
ZH_X58_0997_001:0287a46	初奪直進(三)	001	初 奪 直 進  三  
ZH_X58_0997_001:0287a47	初正答(答若)	001	初 正 答  答 若  
ZH_X58_0997_001:0287a48	二引證(故離)	001	二 引 證  故 離  
ZH_X58_0997_001:0287a49	三奪釋(解云)	001	三 奪 釋  解 云  
ZH_X58_0997_001:0287a50	二可迴心(若約)	001	二 可 迴 心  若 約  
ZH_X58_0997_001:0287a51	二轉難(二)	001	二 轉 難  二  
ZH_X58_0997_001:0287a52	初躡前引難(問若)	001	初 躡 前 引 難  問 若  
ZH_X58_0997_001:0287a53	二依理作答(二)	001	二 依 理 作 答  二  
ZH_X58_0997_001:0287a54	初正答(答此)	001	初 正 答  答 此  
ZH_X58_0997_001:0287a55	二廣示(三)	001	二 廣 示  三  
ZH_X58_0997_001:0288a01	初標(然此)	001	初 標  然 此  
ZH_X58_0997_001:0288a02	二列(十)	001	二 列  十  
ZH_X58_0997_001:0288a03	初羅漢同佛(一說)	001	初 羅 漢 同 佛  一 說  
ZH_X58_0997_001:0288a04	二寄分大小(二亦)	001	二 寄 分 大 小  二 亦  
ZH_X58_0997_001:0288a05	三寄因異果(三第)	001	三 寄 因 異 果  三 第  
ZH_X58_0997_001:0288a06	四仁王寄地(四七)	001	四 仁 王 寄 地  四 七  
ZH_X58_0997_001:0288a07	五本業寄法(五初)	001	五 本 業 寄 法  五 初  
ZH_X58_0997_001:0288a08	六梁論寄位(六世)	001	六 梁 論 寄 位  六 世  
ZH_X58_0997_001:0288a09	七比量分齊(七於)	001	七 比 量 分 齊  七 於  
ZH_X58_0997_001:0288a10	八終教不退(八地)	001	八 終 教 不 退  八 地  
ZH_X58_0997_001:0288a11	九信滿超乘(九信)	001	九 信 滿 超 乘  九 信  
ZH_X58_0997_001:0288a12	十凡夫勝小(十初)	001	十 凡 夫 勝 小  十 初  
ZH_X58_0997_001:0288a13	三結(由有)	001	三 結  由 有  
ZH_X58_0997_001:0288a14	三終教(二)	001	三 終 教  二  
ZH_X58_0997_001:0288a15	初正顯(若依)	001	初 正 顯  若 依  
ZH_X58_0997_001:0288a16	二問成(四)	001	二 問 成  四  
ZH_X58_0997_001:0288a17	初留惑潤生問(問若)	001	初 留 惑 潤 生 問  問 若  
ZH_X58_0997_001:0288a18	二自在同生答(答若)	001	二 自 在 同 生 答  答 若  
ZH_X58_0997_001:0288a19	三悲增智增問(問如)	001	三 悲 增 智 增 問  問 如  
ZH_X58_0997_001:0288a20	四滯見滯寂答(四)	001	四 滯 見 滯 寂 答  四  
ZH_X58_0997_001:0288a21	初理無增上(答如)	001	初 理 無 增 上  答 如  
ZH_X58_0997_001:0288a22	二教有細麤(當知)	001	二 教 有 細 麤  當 知  
ZH_X58_0997_001:0288a23	三印生奪熟(若言)	001	三 印 生 奪 熟  若 言  
ZH_X58_0997_001:0288a24	四存略指廣(又此)	001	四 存 略 指 廣  又 此  
ZH_X58_0997_001:0288a25	四頓教	001	四 頓 教 
ZH_X58_0997_001:0288a26	五圓教(二)	001	五 圓 教  二  
ZH_X58_0997_001:0288a27	初正釋(若依)	001	初 正 釋  若 依  
ZH_X58_0997_001:0288a28	二通妨(問何)	001	二 通 妨  問 何  
ZH_X58_0997_001:0288a30	○第六斷惑分齊(二)	001	 第 六 斷 惑 分 齊  二  
ZH_X58_0997_001:0288a31	初牒章(第六)	001	初 牒 章  第 六  
ZH_X58_0997_001:0288a32	二隨釋(三)	001	二 隨 釋  三  
ZH_X58_0997_001:0288a33	初小乘(有云)	001	初 小 乘  有 云  
ZH_X58_0997_001:0288a34	二三乘(二)	001	二 三 乘  二  
ZH_X58_0997_001:0288a35	初漸教(二)	001	初 漸 教  二  
ZH_X58_0997_001:0288a36	初標分(若依)	001	初 標 分  若 依  
ZH_X58_0997_001:0288a37	二隨釋(二)	001	二 隨 釋  二  
ZH_X58_0997_001:0288a38	初約位滅惑相(二)	001	初 約 位 滅 惑 相  二  
ZH_X58_0997_001:0288a39	初始教(二)	001	初 始 教  二  
ZH_X58_0997_001:0288a40	初標乘指惑(初義)	001	初 標 乘 指 惑  初 義  
ZH_X58_0997_001:0288a41	二依人明斷(二)	001	二 依 人 明 斷  二  
ZH_X58_0997_001:0289a01	初二乘(三)	001	初 二 乘  三  
ZH_X58_0997_001:0289a02	初煩惱(二)	001	初 煩 惱  二  
ZH_X58_0997_001:0289a03	初標分(先辨)	001	初 標 分  先 辨  
ZH_X58_0997_001:0289a04	二演釋(二)	001	二 演 釋  二  
ZH_X58_0997_001:0289a05	初列障名數(五)	001	初 列 障 名 數  五  
ZH_X58_0997_001:0289a06	初總標列(初中)	001	初 總 標 列  初 中  
ZH_X58_0997_001:0289a07	二分二惑(於中)	001	二 分 二 惑  於 中  
ZH_X58_0997_001:0289a08	三識分別(四)	001	三 識 分 別  四  
ZH_X58_0997_001:0289a09	初五識(五識)	001	初 五 識  五 識  
ZH_X58_0997_001:0289a10	二意識(意識)	001	二 意 識  意 識  
ZH_X58_0997_001:0289a11	三末那(末那)	001	三 末 那  末 那  
ZH_X58_0997_001:0289a12	四異熟(其第)	001	四 異 熟  其 第  
ZH_X58_0997_001:0289a13	四明界別(二)	001	四 明 界 別  二  
ZH_X58_0997_001:0289a14	初標揀(此分)	001	初 標 揀  此 分  
ZH_X58_0997_001:0289a15	二別釋(二)	001	二 別 釋  二  
ZH_X58_0997_001:0289a16	初分別(其分)	001	初 分 別  其 分  
ZH_X58_0997_001:0289a17	二俱生(其俱)	001	二 俱 生  其 俱  
ZH_X58_0997_001:0289a18	五寄問成(問何)	001	五 寄 問 成  問 何  
ZH_X58_0997_001:0289a19	二斷惑得果(二)	001	二 斷 惑 得 果  二  
ZH_X58_0997_001:0289a20	初斷分別(三)	001	初 斷 分 別  三  
ZH_X58_0997_001:0289a21	初標分(第二)	001	初 標 分  第 二  
ZH_X58_0997_001:0289a22	二正顯(三)	001	二 正 顯  三  
ZH_X58_0997_001:0289a23	初具縛凡(一若)	001	初 具 縛 凡  一 若  
ZH_X58_0997_001:0289a24	二倍離欲(二若)	001	二 倍 離 欲  二 若  
ZH_X58_0997_001:0289a25	三已離欲(三若)	001	三 已 離 欲  三 若  
ZH_X58_0997_001:0289a26	三引教(如瑜)	001	三 引 教  如 瑜  
ZH_X58_0997_001:0289a27	二斷俱生(三)	001	二 斷 俱 生  三  
ZH_X58_0997_001:0289a28	初辨意識(二)	001	初 辨 意 識  二  
ZH_X58_0997_001:0289a29	初明地品(次斷)	001	初 明 地 品  次 斷  
ZH_X58_0997_001:0289a30	二顯出離(二)	001	二 顯 出 離  二  
ZH_X58_0997_001:0289a31	初漸(又進)	001	初 漸  又 進  
ZH_X58_0997_001:0289a32	二頓(四)	001	二 頓  四  
ZH_X58_0997_001:0289a33	初示相(二頓)	001	初 示 相  二 頓  
ZH_X58_0997_001:0289a34	二徵釋(何者)	001	二 徵 釋  何 者  
ZH_X58_0997_001:0289a35	三通妨(若爾)	001	三 通 妨  若 爾  
ZH_X58_0997_001:0289a36	四引成(對法)	001	四 引 成  對 法  
ZH_X58_0997_001:0289a37	二明末那(二)	001	二 明 末 那  二  
ZH_X58_0997_001:0289a38	初正示(其末)	001	初 正 示  其 末  
ZH_X58_0997_001:0289a39	二引結(故瑜)	001	二 引 結  故 瑜  
ZH_X58_0997_001:0289a40	三寄問成(問何)	001	三 寄 問 成  問 何  
ZH_X58_0997_001:0289a41	二所知(三)	001	二 所 知  三  
ZH_X58_0997_001:0289a42	初趣寂俱斷(其所)	001	初 趣 寂 俱 斷  其 所  
ZH_X58_0997_001:0289a43	二有斷不斷(二)	001	二 有 斷 不 斷  二  
ZH_X58_0997_001:0289a44	初能治道(其餘)	001	初 能 治 道  其 餘  
ZH_X58_0997_001:0289a45	二所治障(又諸)	001	二 所 治 障  又 諸  
ZH_X58_0997_001:0289a46	三示教興意(當知)	001	三 示 教 興 意  當 知  
ZH_X58_0997_001:0289a47	三揀教(然上)	001	三 揀 教  然 上  
ZH_X58_0997_001:0289a48	二直進(二)	001	二 直 進  二  
ZH_X58_0997_001:0289a49	初通標(直進)	001	初 通 標  直 進  
ZH_X58_0997_001:0289a50	二別斷(二)	001	二 別 斷  二  
ZH_X58_0997_001:0289a51	初約事明斷(二)	001	初 約 事 明 斷  二  
ZH_X58_0997_001:0289a52	初斷伏分齊(二)	001	初 斷 伏 分 齊  二  
ZH_X58_0997_001:0289a53	初揀教(又煩)	001	初 揀 教  又 煩  
ZH_X58_0997_001:0289a54	二示斷(二)	001	二 示 斷  二  
ZH_X58_0997_001:0289a55	初見所斷(但於)	001	初 見 所 斷  但 於  
ZH_X58_0997_001:0289a56	二修所斷(二)	001	二 修 所 斷  二  
ZH_X58_0997_001:0289a57	初示理(二)	001	初 示 理  二  
ZH_X58_0997_001:0289a58	初意識(三)	001	初 意 識  三  
ZH_X58_0997_001:0289a59	初煩惱(三)	001	初 煩 惱  三  
ZH_X58_0997_001:0289a60	初正示(其俱)	001	初 正 示  其 俱  
ZH_X58_0997_001:0289a61	二引釋(是故)	001	二 引 釋  是 故  
ZH_X58_0997_001:0289a62	三結位(又梁)	001	三 結 位  又 梁  
ZH_X58_0997_001:0289a63	二所知(其所)	001	二 所 知  其 所  
ZH_X58_0997_001:0289a64	三通結(二)	001	三 通 結  二  
ZH_X58_0997_001:0289a65	初正結(由此)	001	初 正 結  由 此  
ZH_X58_0997_001:0289a66	二引證(故對)	001	二 引 證  故 對  
ZH_X58_0997_001:0289a67	二末那(其末)	001	二 末 那  其 末  
ZH_X58_0997_001:0289a68	二問成(二)	001	二 問 成  二  
ZH_X58_0997_001:0289a69	初申問(二)	001	初 申 問  二  
ZH_X58_0997_001:0289a70	初問(問其)	001	初 問  問 其  
ZH_X58_0997_001:0289a71	二答(二)	001	二 答  二  
ZH_X58_0997_001:0289a72	初煩惱(二)	001	初 煩 惱  二  
ZH_X58_0997_001:0289a73	初第六(二)	001	初 第 六  二  
ZH_X58_0997_001:0289a74	初喻釋(答其)	001	初 喻 釋  答 其  
ZH_X58_0997_001:0289a75	二引結(故攝)	001	二 引 結  故 攝  
ZH_X58_0997_001:0289a76	二第七(其第)	001	二 第 七  其 第  
ZH_X58_0997_001:0289a77	二所知(其所)	001	二 所 知  其 所  
ZH_X58_0997_001:0289a78	二轉難(二)	001	二 轉 難  二  
ZH_X58_0997_001:0289a79	初躡跡申難(問若)	001	初 躡 跡 申 難  問 若  
ZH_X58_0997_001:0289a80	二約識作答(二)	001	二 約 識 作 答  二  
ZH_X58_0997_001:0289a81	初意識(答結)	001	初 意 識  答 結  
ZH_X58_0997_001:0289a82	二末那	001	二 末 那 
ZH_X58_0997_001:0289a83	二起滅分齊(又此)	001	二 起 滅 分 齊  又 此  
ZH_X58_0997_001:0289a84	二約理顯空(又此)	001	二 約 理 顯 空  又 此  
ZH_X58_0997_001:0290a01	二終教(二)	001	二 終 教  二  
ZH_X58_0997_001:0290a02	初二乘(二)	001	初 二 乘  二  
ZH_X58_0997_001:0290a03	初正說(二)	001	初 正 說  二  
ZH_X58_0997_001:0290a04	初正釋(若依)	001	初 正 釋  若 依  
ZH_X58_0997_001:0290a05	二引證(故爾)	001	二 引 證  故 爾  
ZH_X58_0997_001:0290a06	二問答(二)	001	二 問 答  二  
ZH_X58_0997_001:0290a07	初問(問此)	001	初 問  問 此  
ZH_X58_0997_001:0290a08	二答(二)	001	二 答  二  
ZH_X58_0997_001:0290a09	初教門麤細答(答彼)	001	初 教 門 麤 細 答  答 彼  
ZH_X58_0997_001:0290a10	二二教互出答(又亦)	001	二 二 教 互 出 答  又 亦  
ZH_X58_0997_001:0290a11	二菩薩(二)	001	二 菩 薩  二  
ZH_X58_0997_001:0290a12	初隨緣明斷(二)	001	初 隨 緣 明 斷  二  
ZH_X58_0997_001:0290a13	初伏斷分齊(二)	001	初 伏 斷 分 齊  二  
ZH_X58_0997_001:0290a14	初伏斷(三)	001	初 伏 斷  三  
ZH_X58_0997_001:0290a15	初正明(其菩)	001	初 正 明  其 菩  
ZH_X58_0997_001:0290a16	二別顯(二)	001	二 別 顯  二  
ZH_X58_0997_001:0290a17	初意識(二)	001	初 意 識  二  
ZH_X58_0997_001:0290a18	初地前(三)	001	初 地 前  三  
ZH_X58_0997_001:0290a19	初正明(然彼)	001	初 正 明  然 彼  
ZH_X58_0997_001:0290a20	二具證	001	二 具 證 
ZH_X58_0997_001:0290a21	三復釋(以此)	001	三 復 釋  以 此  
ZH_X58_0997_001:0290a22	二地上(二)	001	二 地 上  二  
ZH_X58_0997_001:0290a23	初正釋(初地)	001	初 正 釋  初 地  
ZH_X58_0997_001:0290a24	二引證(故爾)	001	二 引 證  故 爾  
ZH_X58_0997_001:0290a25	二末那(二)	001	二 末 那  二  
ZH_X58_0997_001:0290a26	初示義引釋(其末)	001	初 示 義 引 釋  其 末  
ZH_X58_0997_001:0290a27	二縱奪結釋(若云)	001	二 縱 奪 結 釋  若 云  
ZH_X58_0997_001:0290a28	三通結(二)	001	三 通 結  二  
ZH_X58_0997_001:0290a29	初引結教宗(是故)	001	初 引 結 教 宗  是 故  
ZH_X58_0997_001:0290a30	二微薄起位(此中)	001	二 微 薄 起 位  此 中  
ZH_X58_0997_001:0290a31	二問答(二)	001	二 問 答  二  
ZH_X58_0997_001:0290a32	初問(問)	001	初 問  問  
ZH_X58_0997_001:0290a33	二答(三)	001	二 答  三  
ZH_X58_0997_001:0290a34	初正答(答智)	001	初 正 答  答 智  
ZH_X58_0997_001:0290a35	二引例(如始)	001	二 引 例  如 始  
ZH_X58_0997_001:0290a36	三況結(況此)	001	三 況 結  況 此  
ZH_X58_0997_001:0290a37	二起滅分齊(又此)	001	二 起 滅 分 齊  又 此  
ZH_X58_0997_001:0290a38	二即理顯宗(又此)	001	二 即 理 顯 宗  又 此  
ZH_X58_0997_001:0290a39	二寄惑顯位相(三)	001	二 寄 惑 顯 位 相  三  
ZH_X58_0997_001:0290a40	初牒章標數(第二)	001	初 牒 章 標 數  第 二  
ZH_X58_0997_001:0290a41	二依標列釋(十八)	001	二 依 標 列 釋  十 八  
ZH_X58_0997_001:0290a42	初寄障顯位(一寄)	001	初 寄 障 顯 位  一 寄  
ZH_X58_0997_001:0290a43	二寄惑顯劫(二寄)	001	二 寄 惑 顯 劫  二 寄  
ZH_X58_0997_001:0290a44	三寄惑顯心(三以)	001	三 寄 惑 顯 心  三 以  
ZH_X58_0997_001:0290a45	四寄惑顯位(四以)	001	四 寄 惑 顯 位  四 以  
ZH_X58_0997_001:0290a46	五寄位顯身(二)	001	五 寄 位 顯 身  二  
ZH_X58_0997_001:0290a47	初示引(五以)	001	初 示 引  五 以  
ZH_X58_0997_001:0290a48	二釋義(有人)	001	二 釋 義  有 人  
ZH_X58_0997_001:0290a49	六寄障顯身(六寄)	001	六 寄 障 顯 身  六 寄  
ZH_X58_0997_001:0290a50	七寄相顯身(七以)	001	七 寄 相 顯 身  七 以  
ZH_X58_0997_001:0290a51	八四障顯位(三)	001	八 四 障 顯 位  三  
ZH_X58_0997_001:0290a52	初標分(八寄)	001	初 標 分  八 寄  
ZH_X58_0997_001:0290a53	二正釋(二)	001	二 正 釋  二  
ZH_X58_0997_001:0290a54	初正使寄地前(三)	001	初 正 使 寄 地 前  三  
ZH_X58_0997_001:0290a55	初寄四位(一約)	001	初 寄 四 位  一 約  
ZH_X58_0997_001:0291a01	二成佛子(又翻)	001	二 成 佛 子  又 翻  
ZH_X58_0997_001:0291a02	三合聖輪(又此)	001	三 合 聖 輪  又 此  
ZH_X58_0997_001:0291a03	二習使寄地上(第二)	001	二 習 使 寄 地 上  第 二  
ZH_X58_0997_001:0291a04	三結判(又此)	001	三 結 判  又 此  
ZH_X58_0997_001:0291a05	九寄顯地相(三)	001	九 寄 顯 地 相  三  
ZH_X58_0997_001:0291a06	初正顯(九於)	001	初 正 顯  九 於  
ZH_X58_0997_001:0291a07	二引示(是故)	001	二 引 示  是 故  
ZH_X58_0997_001:0291a08	三解判(解云)	001	三 解 判  解 云  
ZH_X58_0997_001:0291a09	十寄別地相(二)	001	十 寄 別 地 相  二  
ZH_X58_0997_001:0291a10	初引示(十又)	001	初 引 示  十 又  
ZH_X58_0997_001:0291a11	二解釋(解云)	001	二 解 釋  解 云  
ZH_X58_0997_001:0291a12	十一寄顯二位(十一)	001	十 一 寄 顯 二 位  十 一  
ZH_X58_0997_001:0291a13	十二寄顯見修(十二)	001	十 二 寄 顯 見 修  十 二  
ZH_X58_0997_001:0291a14	十三亦顯見修(二)	001	十 三 亦 顯 見 修  二  
ZH_X58_0997_001:0291a15	初正示	001	初 正 示 
ZH_X58_0997_001:0291a16	二通妨(三)	001	二 通 妨  三  
ZH_X58_0997_001:0291a17	初賢破(何以)	001	初 賢 破  何 以  
ZH_X58_0997_001:0291a18	二釋成(義既)	001	二 釋 成  義 既  
ZH_X58_0997_001:0291a19	三引例(如未)	001	三 引 例  如 未  
ZH_X58_0997_001:0291a20	十四寄顯三賢	001	十 四 寄 顯 三 賢 
ZH_X58_0997_001:0291a21	十五寄顯觀心	001	十 五 寄 顯 觀 心 
ZH_X58_0997_001:0291a22	十六寄識顯地	001	十 六 寄 識 顯 地 
ZH_X58_0997_001:0291a23	十七寄顯因果	001	十 七 寄 顯 因 果 
ZH_X58_0997_001:0291a24	十八寄顯二智	001	十 八 寄 顯 二 智 
ZH_X58_0997_001:0291a25	三結顯教興(已上)	001	三 結 顯 教 興  已 上  
ZH_X58_0997_001:0291a26	三一乘(二)	001	三 一 乘  二  
ZH_X58_0997_001:0291a27	初別教(二)	001	初 別 教  二  
ZH_X58_0997_001:0291a28	初本乘(二)	001	初 本 乘  二  
ZH_X58_0997_001:0291a29	初直顯(若依)	001	初 直 顯  若 依  
ZH_X58_0997_001:0291a30	二應緣(又此)	001	二 應 緣  又 此  
ZH_X58_0997_001:0291a31	二該攝(又前)	001	二 該 攝  又 前  
ZH_X58_0997_001:0291a32	二同教(若約)	001	二 同 教  若 約  
ZH_X58_0997_001:0291a33	二頓教(若依)	001	二 頓 教  若 依  
ZH_X58_0997_001:0291a35	○第七二乘迴心(三)	001	 第 七 二 乘 迴 心  三  
ZH_X58_0997_001:0291a36	初牒章(第七)	001	初 牒 章  第 七  
ZH_X58_0997_001:0291a37	二列釋(六)	001	二 列 釋  六  
ZH_X58_0997_001:0291a38	初無迴	001	初 無 迴 
ZH_X58_0997_001:0291a39	二俱迴(二)	001	二 俱 迴  二  
ZH_X58_0997_001:0291a40	初正釋(二或)	001	初 正 釋  二 或  
ZH_X58_0997_001:0291a41	二問成(二)	001	二 問 成  二  
ZH_X58_0997_001:0291a42	初識滅無因問(二)	001	初 識 滅 無 因 問  二  
ZH_X58_0997_001:0291a43	初問(問如)	001	初 問  問 如  
ZH_X58_0997_001:0291a44	二答(二)	001	二 答  二  
ZH_X58_0997_001:0291a45	初識亡不起(答彼)	001	初 識 亡 不 起  答 彼  
ZH_X58_0997_001:0291a46	二識在有因(今約)	001	二 識 在 有 因  今 約  
ZH_X58_0997_001:0291a47	二迴心時分問(二)	001	二 迴 心 時 分 問  二  
ZH_X58_0997_001:0291a48	初問(問如)	001	初 問  問 如  
ZH_X58_0997_001:0291a49	二答(二)	001	二 答  二  
ZH_X58_0997_001:0291a50	初遲者(二)	001	初 遲 者  二  
ZH_X58_0997_001:0291a51	初總相引楞伽(答由)	001	初 總 相 引 楞 伽  答 由  
ZH_X58_0997_001:0291a52	二別相引涅槃(二)	001	二 別 相 引 涅 槃  二  
ZH_X58_0997_001:0291a53	初正釋(若差)	001	初 正 釋  若 差  
ZH_X58_0997_001:0291a54	二別義(又有)	001	二 別 義  又 有  
ZH_X58_0997_001:0291a55	二疾者(若極)	001	二 疾 者  若 極  
ZH_X58_0997_001:0291a56	三兩亦	001	三 兩 亦 
ZH_X58_0997_001:0291a57	四雙非	001	四 雙 非 
ZH_X58_0997_001:0291a58	五具前	001	五 具 前 
ZH_X58_0997_001:0291a59	六絕前(二)	001	六 絕 前  二  
ZH_X58_0997_001:0291a60	初皆空(六或)	001	初 皆 空  六 或  
ZH_X58_0997_001:0291a61	二皆究竟(二一)	001	二 皆 究 竟  二 一  
ZH_X58_0997_001:0291a62	三問成(問如)	001	三 問 成  問 如  
ZH_X58_0997_001:0291a64	○第八佛果義相(二)	001	 第 八 佛 果 義 相  二  
ZH_X58_0997_001:0291a65	初牒分(第八)	001	初 牒 分  第 八  
ZH_X58_0997_001:0292a01	二釋相(二)	001	二 釋 相  二  
ZH_X58_0997_001:0292a02	初明常無常義(五)	001	初 明 常 無 常 義  五  
ZH_X58_0997_001:0292a03	初小乘(前中)	001	初 小 乘  前 中  
ZH_X58_0997_001:0292a04	二始教(二)	001	二 始 教  二  
ZH_X58_0997_001:0292a05	初正辨(若三)	001	初 正 辨  若 三  
ZH_X58_0997_001:0292a06	二引成(莊嚴)	001	二 引 成  莊 嚴  
ZH_X58_0997_001:0292a07	三終教(二)	001	三 終 教  二  
ZH_X58_0997_001:0292a08	初標分(若依)	001	初 標 分  若 依  
ZH_X58_0997_001:0292a09	二正釋(二)	001	二 正 釋  二  
ZH_X58_0997_001:0292a10	初別明(二)	001	初 別 明  二  
ZH_X58_0997_001:0292a11	初修生(二)	001	初 修 生  二  
ZH_X58_0997_001:0292a12	初正成(別中)	001	初 正 成  別 中  
ZH_X58_0997_001:0292a13	二引證(三)	001	二 引 證  三  
ZH_X58_0997_001:0292a14	初引攝等三論(梁攝)	001	初 引 攝 等 三 論  梁 攝  
ZH_X58_0997_001:0292a15	二引大論結成(又智)	001	二 引 大 論 結 成  又 智  
ZH_X58_0997_001:0292a16	三重引攝論結顯(又攝)	001	三 重 引 攝 論 結 顯  又 攝  
ZH_X58_0997_001:0292a17	二法身(二)	001	二 法 身  二  
ZH_X58_0997_001:0292a18	初示義(法身)	001	初 示 義  法 身  
ZH_X58_0997_001:0292a19	二引文(故起)	001	二 引 文  故 起  
ZH_X58_0997_001:0292a20	二總說(二)	001	二 總 說  二  
ZH_X58_0997_001:0292a21	初釋相(二總)	001	初 釋 相  二 總  
ZH_X58_0997_001:0292a22	二問成(二)	001	二 問 成  二  
ZH_X58_0997_001:0292a23	初問(問若)	001	初 問  問 若  
ZH_X58_0997_001:0292a24	二答(二)	001	二 答  二  
ZH_X58_0997_001:0292a25	初約始教(答若)	001	初 約 始 教  答 若  
ZH_X58_0997_001:0292a26	二約終教(二)	001	二 約 終 教  二  
ZH_X58_0997_001:0292a27	初分門(若終)	001	初 分 門  若 終  
ZH_X58_0997_001:0292a28	二作釋(此中)	001	二 作 釋  此 中  
ZH_X58_0997_001:0292a29	四頓教(二)	001	四 頓 教  二  
ZH_X58_0997_001:0292a30	初離言(若依)	001	初 離 言  若 依  
ZH_X58_0997_001:0292a31	二寄言(若寄)	001	二 寄 言  若 寄  
ZH_X58_0997_001:0292a32	五圓教(三)	001	五 圓 教  三  
ZH_X58_0997_001:0292a33	初標(若依)	001	初 標  若 依  
ZH_X58_0997_001:0292a34	二釋(三)	001	二 釋  三  
ZH_X58_0997_001:0292a35	初約用(一約)	001	初 約 用  一 約  
ZH_X58_0997_001:0292a36	二約德(二約)	001	二 約 德  二 約  
ZH_X58_0997_001:0292a37	三約体(三約)	001	三 約 体  三 約  
ZH_X58_0997_001:0292a38	三結(此上)	001	三 結  此 上  
ZH_X58_0997_001:0292a39	二明相好差別(二)	001	二 明 相 好 差 別  二  
ZH_X58_0997_001:0292a40	初通示三宗(三)	001	初 通 示 三 宗  三  
ZH_X58_0997_001:0292a41	初小乘(二明)	001	初 小 乘  二 明  
ZH_X58_0997_001:0292a42	二三乘(二)	001	二 三 乘  二  
ZH_X58_0997_001:0292a43	初釋相(二)	001	初 釋 相  二  
ZH_X58_0997_001:0292a44	初化身(若三)	001	初 化 身  若 三  
ZH_X58_0997_001:0292a45	二報身(或約)	001	二 報 身  或 約  
ZH_X58_0997_001:0292a46	二妨難(二)	001	二 妨 難  二  
ZH_X58_0997_001:0292a47	初揀化濫報(二)	001	初 揀 化 濫 報  二  
ZH_X58_0997_001:0292a48	初問(問何)	001	初 問  問 何  
ZH_X58_0997_001:0292a49	二答(二)	001	二 答  二  
ZH_X58_0997_001:0292a50	初正答徃業(答為)	001	初 正 答 徃 業  答 為  
ZH_X58_0997_001:0292a51	二別釋出因(其相)	001	二 別 釋 出 因  其 相  
ZH_X58_0997_001:0292a52	二寄相顯法(二)	001	二 寄 相 顯 法  二  
ZH_X58_0997_001:0292a53	初問(問何)	001	初 問  問 何  
ZH_X58_0997_001:0292a54	二答(二)	001	二 答  二  
ZH_X58_0997_001:0292a55	初約始教(答此)	001	初 約 始 教  答 此  
ZH_X58_0997_001:0292a56	二約終教	001	二 約 終 教 
ZH_X58_0997_001:0292a57	三一乘(若依)	001	三 一 乘  若 依  
ZH_X58_0997_001:0292a58	二聖言具證(三)	001	二 聖 言 具 證  三  
ZH_X58_0997_001:0292a59	初標示(又觀)	001	初 標 示  又 觀  
ZH_X58_0997_001:0292a60	二引文(故彼)	001	二 引 文  故 彼  
ZH_X58_0997_001:0292a61	三解義(解云)	001	三 解 義  解 云  
ZH_X58_0997_001:0292a63	○第九攝化分齊(二)	001	 第 九 攝 化 分 齊  二  
ZH_X58_0997_001:0292a64	初標(第九)	001	初 標  第 九  
ZH_X58_0997_001:0292a65	二釋(三)	001	二 釋  三  
ZH_X58_0997_001:0293a01	初小乘(若依)	001	初 小 乘  若 依  
ZH_X58_0997_001:0293a02	二三乘(二)	001	二 三 乘  二  
ZH_X58_0997_001:0293a03	初揀餘土(若三)	001	初 揀 餘 土  若 三  
ZH_X58_0997_001:0293a04	二明實報(二)	001	二 明 實 報  二  
ZH_X58_0997_001:0293a05	初始教(二)	001	初 始 教  二  
ZH_X58_0997_001:0293a06	初依經示相(其釋)	001	初 依 經 示 相  其 釋  
ZH_X58_0997_001:0293a07	二徵釋所由(何以)	001	二 徵 釋 所 由  何 以  
ZH_X58_0997_001:0293a08	二終教(二)	001	二 終 教  二  
ZH_X58_0997_001:0293a09	初顯報土(二)	001	初 顯 報 土  二  
ZH_X58_0997_001:0293a10	初明宗指教(或有)	001	初 明 宗 指 教  或 有  
ZH_X58_0997_001:0293a11	二出因結揀(以不)	001	二 出 因 結 揀  以 不  
ZH_X58_0997_001:0293a12	二明化境(二)	001	二 明 化 境  二  
ZH_X58_0997_001:0293a13	初一宗指教(或說)	001	初 一 宗 指 教  或 說  
ZH_X58_0997_001:0293a14	二出因結揀(又唯)	001	二 出 因 結 揀  又 唯  
ZH_X58_0997_001:0293a15	三一乘(二)	001	三 一 乘  二  
ZH_X58_0997_001:0293a16	初就餘經(二)	001	初 就 餘 經  二  
ZH_X58_0997_001:0293a17	初即報以明同(二)	001	初 即 報 以 明 同  二  
ZH_X58_0997_001:0293a18	初明土(二)	001	初 明 土  二  
ZH_X58_0997_001:0293a19	初示相(或設)	001	初 示 相  或 設  
ZH_X58_0997_001:0293a20	二徵釋(三)	001	二 徵 釋  三  
ZH_X58_0997_001:0293a21	初能同(何以)	001	初 能 同  何 以  
ZH_X58_0997_001:0293a22	二所同(如善)	001	二 所 同  如 善  
ZH_X58_0997_001:0293a23	三料揀(然未)	001	三 料 揀  然 未  
ZH_X58_0997_001:0293a24	二明身(二)	001	二 明 身  二  
ZH_X58_0997_001:0293a25	初示相(或有)	001	初 示 相  或 有  
ZH_X58_0997_001:0293a26	二徵釋(二)	001	二 徵 釋  二  
ZH_X58_0997_001:0293a27	初揀(何以)	001	初 揀  何 以  
ZH_X58_0997_001:0293a28	二釋(二)	001	二 釋  二  
ZH_X58_0997_001:0293a29	初能同(今此)	001	初 能 同  今 此  
ZH_X58_0997_001:0293a30	二所同(即方)	001	二 所 同  即 方  
ZH_X58_0997_001:0293a31	二即法以多彰頓(或有)	001	二 即 法 以 多 彰 頓  或 有  
ZH_X58_0997_001:0293a32	二明本教(二)	001	二 明 本 教  二  
ZH_X58_0997_001:0293a33	初顯佛身(若別)	001	初 顯 佛 身  若 別  
ZH_X58_0997_001:0293a34	二明依土(三)	001	二 明 依 土  三  
ZH_X58_0997_001:0293a35	初標(然彼)	001	初 標  然 彼  
ZH_X58_0997_001:0293a36	二列(二)	001	二 列  二  
ZH_X58_0997_001:0293a37	初國土海(一國)	001	初 國 土 海  一 國  
ZH_X58_0997_001:0293a38	二世界海(二)	001	二 世 界 海  二  
ZH_X58_0997_001:0293a39	初依類列釋(二世)	001	初 依 類 列 釋  二 世  
ZH_X58_0997_001:0293a40	二示主顯玄(此土)	001	二 示 主 顯 玄  此 土  
ZH_X58_0997_001:0293a41	三揀(當知)	001	三 揀  當 知  
ZH_X58_0997_001:0293a43	○第十佛身開合(二)	001	 第 十 佛 身 開 合  二  
ZH_X58_0997_001:0293a44	初牒分(第十)	001	初 牒 分  第 十  
ZH_X58_0997_001:0293a45	二隨釋(二)	001	二 隨 釋  二  
ZH_X58_0997_001:0293a46	先義(二)	001	先 義  二  
ZH_X58_0997_001:0293a47	初法身(四)	001	初 法 身  四  
ZH_X58_0997_001:0293a48	初始教(義中)	001	初 始 教  義 中  
ZH_X58_0997_001:0293a49	二終教(三)	001	二 終 教  三  
ZH_X58_0997_001:0293a50	初唯智(或唯)	001	初 唯 智  或 唯  
ZH_X58_0997_001:0293a51	二境智(或境)	001	二 境 智  或 境  
ZH_X58_0997_001:0293a52	三結指(此上)	001	三 結 指  此 上  
ZH_X58_0997_001:0293a53	三頓教(或境)	001	三 頓 教  或 境  
ZH_X58_0997_001:0293a54	四一乘(或合)	001	四 一 乘  或 合  
ZH_X58_0997_001:0293a55	二釋迦(二)	001	二 釋 迦  二  
ZH_X58_0997_001:0293a56	初牒(次別)	001	初 牒  次 別  
ZH_X58_0997_001:0293a57	二釋(五)	001	二 釋  五  
ZH_X58_0997_001:0293a58	初始教(此釋)	001	初 始 教  此 釋  
ZH_X58_0997_001:0294a01	二一小(或有)	001	二 一 小  或 有  
ZH_X58_0997_001:0294a02	三頓教(或是)	001	三 頓 教  或 是  
ZH_X58_0997_001:0294a03	四三乘(或亦)	001	四 三 乘  或 亦  
ZH_X58_0997_001:0294a04	五別教(或非)	001	五 別 教  或 非  
ZH_X58_0997_001:0294a05	後數(五)	001	後 數  五  
ZH_X58_0997_001:0294a06	初一佛(教開)	001	初 一 佛  教 開  
ZH_X58_0997_001:0294a07	二二佛(三)	001	二 二 佛  三  
ZH_X58_0997_001:0294a08	初小乘(或立)	001	初 小 乘  或 立  
ZH_X58_0997_001:0294a09	二始教(二生)	001	二 始 教  二 生  
ZH_X58_0997_001:0294a10	三終教(二首)	001	三 終 教  二 首  
ZH_X58_0997_001:0294a11	三三佛(或立)	001	三 三 佛  或 立  
ZH_X58_0997_001:0294a12	四四佛(二)	001	四 四 佛  二  
ZH_X58_0997_001:0294a13	初始教(或立)	001	初 始 教  或 立  
ZH_X58_0997_001:0294a14	二終教(二於)	001	二 終 教  二 於  
ZH_X58_0997_001:0294a15	五十佛(或立)	001	五 十 佛  或 立  
ZH_X58_0997_001:0294a17	○第十義理分齊(二)	001	 第 十 義 理 分 齊  二  
ZH_X58_0997_001:0294a18	初牒分(第十)	001	初 牒 分  第 十  
ZH_X58_0997_001:0294a19	二隨釋(四)	001	二 隨 釋  四  
ZH_X58_0997_001:0294a20	一三性同異義(二)	001	一 三 性 同 異 義  二  
ZH_X58_0997_001:0294a21	初標分(初三)	001	初 標 分  初 三  
ZH_X58_0997_001:0294a22	二正說(二)	001	二 正 說  二  
ZH_X58_0997_001:0294a23	先別明(二)	001	先 別 明  二  
ZH_X58_0997_001:0294a24	初分門(別中)	001	初 分 門  別 中  
ZH_X58_0997_001:0294a25	二隨釋(二)	001	二 隨 釋  二  
ZH_X58_0997_001:0294a26	先直說(二)	001	先 直 說  二  
ZH_X58_0997_001:0294a27	初正明(二)	001	初 正 明  二  
ZH_X58_0997_001:0294a28	初開義(前中)	001	初 開 義  前 中  
ZH_X58_0997_001:0294a29	二顯玄(三)	001	二 顯 玄  三  
ZH_X58_0997_001:0294a30	初不異(二)	001	初 不 異  二  
ZH_X58_0997_001:0294a31	初不壞末而常本(二)	001	初 不 壞 末 而 常 本  二  
ZH_X58_0997_001:0294a32	初正明(由真)	001	初 正 明  由 真  
ZH_X58_0997_001:0294a33	二引證(經云)	001	二 引 證  經 云  
ZH_X58_0997_001:0294a34	二不動本而常末(二)	001	二 不 動 本 而 常 末  二  
ZH_X58_0997_001:0294a35	初正明(又約)	001	初 正 明  又 約  
ZH_X58_0997_001:0294a36	二引證(經云)	001	二 引 證  經 云  
ZH_X58_0997_001:0294a37	二不一(即由)	001	二 不 一  即 由  
ZH_X58_0997_001:0294a38	三彰妙(是故)	001	三 彰 妙  是 故  
ZH_X58_0997_001:0294a39	二通妨(二)	001	二 通 妨  二  
ZH_X58_0997_001:0294a40	初通二有(問依)	001	初 通 二 有  問 依  
ZH_X58_0997_001:0294a41	二會相違(二)	001	二 會 相 違  二  
ZH_X58_0997_001:0294a42	初問(問如)	001	初 問  問 如  
ZH_X58_0997_001:0294a43	二答(二)	001	二 答  二  
ZH_X58_0997_001:0294a44	初總答(答以)	001	初 總 答  答 以  
ZH_X58_0997_001:0294a45	二別釋(三)	001	二 別 釋  三  
ZH_X58_0997_001:0294a46	初圓成(三)	001	初 圓 成  三  
ZH_X58_0997_001:0294a47	初法說(何有)	001	初 法 說  何 有  
ZH_X58_0997_001:0294a48	二喻明(猶如)	001	二 喻 明  猶 如  
ZH_X58_0997_001:0294a49	三合結(當知)	001	三 合 結  當 知  
ZH_X58_0997_001:0294a50	二依他(三)	001	二 依 他  三  
ZH_X58_0997_001:0294a51	初正釋(三)	001	初 正 釋  三  
ZH_X58_0997_001:0294a52	初正明諦理(依他)	001	初 正 明 諦 理  依 他  
ZH_X58_0997_001:0294a53	二反覆顯相(若非)	001	二 反 覆 顯 相  若 非  
ZH_X58_0997_001:0294a54	三依他結成(是故)	001	三 依 他 結 成  是 故  
ZH_X58_0997_001:0294a55	二引證(三)	001	二 引 證  三  
ZH_X58_0997_001:0295a01	初緣生無性(故智)	001	初 緣 生 無 性  故 智  
ZH_X58_0997_001:0295a02	二無性緣生(中論)	001	二 無 性 緣 生  中 論  
ZH_X58_0997_001:0295a03	三二義無二(涅槃)	001	三 二 義 無 二  涅 槃  
ZH_X58_0997_001:0295a04	三結成(非直)	001	三 結 成  非 直  
ZH_X58_0997_001:0295a05	三所執(三)	001	三 所 執  三  
ZH_X58_0997_001:0295a06	初法說(所執)	001	初 法 說  所 執  
ZH_X58_0997_001:0295a07	二喻明(如於)	001	二 喻 明  如 於  
ZH_X58_0997_001:0295a08	三合結(當知)	001	三 合 結  當 知  
ZH_X58_0997_001:0295a09	後決擇(二)	001	後 決 擇  二  
ZH_X58_0997_001:0295a10	初標分(第二)	001	初 標 分  第 二  
ZH_X58_0997_001:0295a11	二隨釋(三)	001	二 隨 釋  三  
ZH_X58_0997_001:0295a12	初護分別執(三)	001	初 護 分 別 執  三  
ZH_X58_0997_001:0295a13	初圓成(三)	001	初 圓 成  三  
ZH_X58_0997_001:0295a14	初具德門(初門)	001	初 具 德 門  初 門  
ZH_X58_0997_001:0295a15	二離過門(又問)	001	二 離 過 門  又 問  
ZH_X58_0997_001:0295a16	三自體門(又問)	001	三 自 體 門  又 問  
ZH_X58_0997_001:0295a17	二依他(三)	001	二 依 他  三  
ZH_X58_0997_001:0295a18	初具德門(依他)	001	初 具 德 門  依 他  
ZH_X58_0997_001:0295a19	二勝用門(又問)	001	二 勝 用 門  又 問  
ZH_X58_0997_001:0295a20	三自體門(又問)	001	三 自 體 門  又 問  
ZH_X58_0997_001:0295a21	三所執(二)	001	三 所 執  二  
ZH_X58_0997_001:0295a22	初自體門(遍計)	001	初 自 體 門  遍 計  
ZH_X58_0997_001:0295a23	二勝用門(又有)	001	二 勝 用 門  又 有  
ZH_X58_0997_001:0295a24	二示執之失(三)	001	二 示 執 之 失  三  
ZH_X58_0997_001:0295a25	初圓成(四)	001	初 圓 成  四  
ZH_X58_0997_001:0295a26	初執有(二)	001	初 執 有  二  
ZH_X58_0997_001:0295a27	初標牒(第二)	001	初 標 牒  第 二  
ZH_X58_0997_001:0295a28	二釋成(二)	001	二 釋 成  二  
ZH_X58_0997_001:0295a29	初常過(三)	001	初 常 過  三  
ZH_X58_0997_001:0295a30	初示執(一常)	001	初 示 執  一 常  
ZH_X58_0997_001:0295a31	二問成(三)	001	二 問 成  三  
ZH_X58_0997_001:0295a32	初正問圓成(二)	001	初 正 問 圓 成  二  
ZH_X58_0997_001:0295a33	初成常(二)	001	初 成 常  二  
ZH_X58_0997_001:0295a34	初問	001	初 問 
ZH_X58_0997_001:0295a35	二答(三)	001	二 答  三  
ZH_X58_0997_001:0295a36	初示理(答聖)	001	初 示 理  答 聖  
ZH_X58_0997_001:0295a37	二揀非(非謂)	001	二 揀 非  非 謂  
ZH_X58_0997_001:0295a38	三釋顯(以彼)	001	三 釋 顯  以 彼  
ZH_X58_0997_001:0295a39	二無常(二)	001	二 無 常  二  
ZH_X58_0997_001:0295a40	初問(問教)	001	初 問  問 教  
ZH_X58_0997_001:0295a41	二答(答教)	001	二 答  答 教  
ZH_X58_0997_001:0295a42	二例問依他(二)	001	二 例 問 依 他  二  
ZH_X58_0997_001:0295a43	初問(問真)	001	初 問  問 真  
ZH_X58_0997_001:0295a44	二答(二)	001	二 答  二  
ZH_X58_0997_001:0295a45	初常成無常(答亦)	001	初 常 成 無 常  答 亦  
ZH_X58_0997_001:0295a46	二無常成常(又以)	001	二 無 常 成 常  又 以  
ZH_X58_0997_001:0295a47	三結成真俗(此中)	001	三 結 成 真 俗  此 中  
ZH_X58_0997_001:0295a48	三結釋(是故)	001	三 結 釋  是 故  
ZH_X58_0997_001:0295a49	二斷過(二斷)	001	二 斷 過  二 斷  
ZH_X58_0997_001:0295a50	二執無(二)	001	二 執 無  二  
ZH_X58_0997_001:0295a51	初常過(第二)	001	初 常 過  第 二  
ZH_X58_0997_001:0295a52	二斷過(又無)	001	二 斷 過  又 無  
ZH_X58_0997_001:0295a53	三雙亦(二)	001	三 雙 亦  二  
ZH_X58_0997_001:0295a54	初斷過(第三)	001	初 斷 過  第 三  
ZH_X58_0997_001:0295a55	二常過(若謂)	001	二 常 過  若 謂  
ZH_X58_0997_001:0295a56	四兩非(二)	001	四 兩 非  二  
ZH_X58_0997_001:0295a57	初斷過(第四)	001	初 斷 過  第 四  
ZH_X58_0997_001:0295a58	二常過(戲論)	001	二 常 過  戲 論  
ZH_X58_0997_001:0295a59	二依他(四)	001	二 依 他  四  
ZH_X58_0997_001:0295a60	初執有(二)	001	初 執 有  二  
ZH_X58_0997_001:0295a61	初顯過(第二)	001	初 顯 過  第 二  
ZH_X58_0997_001:0295a62	二問成(二)	001	二 問 成  二  
ZH_X58_0997_001:0295a63	初問(問若)	001	初 問  問 若  
ZH_X58_0997_001:0295a64	二答(三)	001	二 答  三  
ZH_X58_0997_001:0295a65	初以理正答(答聖)	001	初 以 理 正 答  答 聖  
ZH_X58_0997_001:0295a66	二牒計質破(若謂)	001	二 牒 計 質 破  若 謂  
ZH_X58_0997_001:0296a01	三指失成斷(是故)	001	三 指 失 成 斷  是 故  
ZH_X58_0997_001:0296a02	二執無(三)	001	二 執 無  三  
ZH_X58_0997_001:0296a03	初正示斷過(二若)	001	初 正 示 斷 過  二 若  
ZH_X58_0997_001:0296a04	二問以具成(二)	001	二 問 以 具 成  二  
ZH_X58_0997_001:0296a05	先成本門(二)	001	先 成 本 門  二  
ZH_X58_0997_001:0296a06	初問(問若)	001	初 問  問 若  
ZH_X58_0997_001:0296a07	二答(三)	001	二 答  三  
ZH_X58_0997_001:0296a08	初以理正答(答聖)	001	初 以 理 正 答  答 聖  
ZH_X58_0997_001:0296a09	二牒計質破(若謂)	001	二 牒 計 質 破  若 謂  
ZH_X58_0997_001:0296a10	三指失成斷(是故)	001	三 指 失 成 斷  是 故  
ZH_X58_0997_001:0296a11	後問二義(二)	001	後 問 二 義  二  
ZH_X58_0997_001:0296a12	初二宗互破問(問答)	001	初 二 宗 互 破 問  問 答  
ZH_X58_0997_001:0296a13	二法性會通答(三)	001	二 法 性 會 通 答  三  
ZH_X58_0997_001:0296a14	初直顯聖心(答此)	001	初 直 顯 聖 心  答 此  
ZH_X58_0997_001:0296a15	二別答空有(二)	001	二 別 答 空 有  二  
ZH_X58_0997_001:0296a16	初破有以成有(何者)	001	初 破 有 以 成 有  何 者  
ZH_X58_0997_001:0296a17	二破空以成空(又彼)	001	二 破 空 以 成 空  又 彼  
ZH_X58_0997_001:0296a18	三印定讚德(以色)	001	三 印 定 讚 德  以 色  
ZH_X58_0997_001:0296a19	三結斷示常(是故)	001	三 結 斷 示 常  是 故  
ZH_X58_0997_001:0296a20	三雙亦(二)	001	三 雙 亦  二  
ZH_X58_0997_001:0296a21	初準釋(第三)	001	初 準 釋  第 三  
ZH_X58_0997_001:0296a22	二問成(問若)	001	二 問 成  問 若  
ZH_X58_0997_001:0296a23	四兩非(第四)	001	四 兩 非  第 四  
ZH_X58_0997_001:0296a24	三所執(四)	001	三 所 執  四  
ZH_X58_0997_001:0296a25	初執有(第三)	001	初 執 有  第 三  
ZH_X58_0997_001:0296a26	二執無(二若)	001	二 執 無  二 若  
ZH_X58_0997_001:0296a27	三雙亦(三亦)	001	三 雙 亦  三 亦  
ZH_X58_0997_001:0296a28	四兩非(四非)	001	四 兩 非  四 非  
ZH_X58_0997_001:0296a29	三顯示其義(三)	001	三 顯 示 其 義  三  
ZH_X58_0997_001:0296a30	初圓成(第三)	001	初 圓 成  第 三  
ZH_X58_0997_001:0296a31	二依他(二依)	001	二 依 他  二 依  
ZH_X58_0997_001:0296a32	三所執(三遍)	001	三 所 執  三 遍  
ZH_X58_0997_001:0296a33	後總說(三)	001	後 總 說  三  
ZH_X58_0997_001:0296a34	初顯法(第二)	001	初 顯 法  第 二  
ZH_X58_0997_001:0296a35	二引論(二)	001	二 引 論  二  
ZH_X58_0997_001:0296a36	初婆羅門問經(二)	001	初 婆 羅 門 問 經  二  
ZH_X58_0997_001:0296a37	初引經(如攝)	001	初 引 經  如 攝  
ZH_X58_0997_001:0296a38	二論釋(釋曰)	001	二 論 釋  釋 曰  
ZH_X58_0997_001:0296a39	二阿毗達磨經(二)	001	二 阿 毗 達 磨 經  二  
ZH_X58_0997_001:0296a40	初引經(又云)	001	初 引 經  又 云  
ZH_X58_0997_001:0296a41	二論釋(釋曰)	001	二 論 釋  釋 曰  
ZH_X58_0997_001:0296a42	三釋結(此上)	001	三 釋 結  此 上  
ZH_X58_0997_001:0296a43	二緣起因門六義法○	001	二 緣 起 因 門 六 義 法  
ZH_X58_0997_001:0296a44	三十玄緣起無礙法○	001	三 十 玄 緣 起 無 礙 法  
ZH_X58_0997_001:0296a45	四六相圓融義○	001	四 六 相 圓 融 義  
ZH_X58_0997_001:0296a47	○二緣起因門六義法(二)	001	 二 緣 起 因 門 六 義 法  二  
ZH_X58_0997_001:0296a48	初標列(第二)	001	初 標 列  第 二  
ZH_X58_0997_001:0296a49	二隨釋(六)	001	二 隨 釋  六  
ZH_X58_0997_001:0296a50	初釋相(二)	001	初 釋 相  二  
ZH_X58_0997_001:0296a51	初標分(第一)	001	初 標 分  第 一  
ZH_X58_0997_001:0296a52	二演釋(三)	001	二 演 釋  三  
ZH_X58_0997_001:0296a53	初列名(初列)	001	初 列 名  初 列  
ZH_X58_0997_001:0296a54	二釋相(六)	001	二 釋 相  六  
ZH_X58_0997_001:0296a55	初空有力不待緣(二釋)	001	初 空 有 力 不 待 緣  二 釋  
ZH_X58_0997_001:0296a56	二空有力待緣(二者)	001	二 空 有 力 待 緣  二 者  
ZH_X58_0997_001:0296a57	三空無力待緣(三者)	001	三 空 無 力 待 緣  三 者  
ZH_X58_0997_001:0296a58	四有有力不待緣(四者)	001	四 有 有 力 不 待 緣  四 者  
ZH_X58_0997_001:0296a59	五有有力待緣(五者)	001	五 有 有 力 待 緣  五 者  
ZH_X58_0997_001:0296a60	六有無力待緣(六者)	001	六 有 無 力 待 緣  六 者  
ZH_X58_0997_001:0296a61	三引證(是故)	001	三 引 證  是 故  
ZH_X58_0997_001:0296a62	二建立(二)	001	二 建 立  二  
ZH_X58_0997_001:0296a63	初牒章(第三)	001	初 牒 章  第 三  
ZH_X58_0997_001:0296a64	二問釋(六)	001	二 問 釋  六  
ZH_X58_0997_001:0296a65	初六義增減(問何)	001	初 六 義 增 減  問 何  
ZH_X58_0997_001:0296a66	二明立句數(問何)	001	二 明 立 句 數  問 何  
ZH_X58_0997_001:0297a01	三問待何緣(問待)	001	三 問 待 何 緣  問 待  
ZH_X58_0997_001:0297a02	四以緣待因(問因)	001	四 以 緣 待 因  問 因  
ZH_X58_0997_001:0297a03	五果中具六(問果)	001	五 果 中 具 六  問 果  
ZH_X58_0997_001:0297a04	六現為種因(二)	001	六 現 為 種 因  二  
ZH_X58_0997_001:0297a05	初問(問若)	001	初 問  問 若  
ZH_X58_0997_001:0297a06	二答(二)	001	二 答  二  
ZH_X58_0997_001:0297a07	初約緣不具(答隨)	001	初 約 緣 不 具  答 隨  
ZH_X58_0997_001:0297a08	二準教皆周(若緣)	001	二 準 教 皆 周  若 緣  
ZH_X58_0997_001:0297a09	三句數(二)	001	三 句 數  二  
ZH_X58_0997_001:0297a10	初牒章(第三)	001	初 牒 章  第 三  
ZH_X58_0997_001:0297a11	二演釋(三)	001	二 演 釋  三  
ZH_X58_0997_001:0297a12	初正明(三)	001	初 正 明  三  
ZH_X58_0997_001:0297a13	初約體(初約)	001	初 約 體  初 約  
ZH_X58_0997_001:0297a14	二約用(就用)	001	二 約 用  就 用  
ZH_X58_0997_001:0297a15	三結成(是則)	001	三 結 成  是 則  
ZH_X58_0997_001:0297a16	二引成(二)	001	二 引 成  二  
ZH_X58_0997_001:0297a17	初引地論(故地)	001	初 引 地 論  故 地  
ZH_X58_0997_001:0297a18	二引集論(又集)	001	二 引 集 論  又 集  
ZH_X58_0997_001:0297a19	三問揀(問此)	001	三 問 揀  問 此  
ZH_X58_0997_001:0297a20	四開合(八)	001	四 開 合  八  
ZH_X58_0997_001:0297a21	初約體唯一(第四)	001	初 約 體 唯 一  第 四  
ZH_X58_0997_001:0297a22	二約義分二(或約)	001	二 約 義 分 二  或 約  
ZH_X58_0997_001:0297a23	三約用開三(或約)	001	三 約 用 開 三  或 約  
ZH_X58_0997_001:0297a24	四空有具六(或分)	001	四 空 有 具 六  或 分  
ZH_X58_0997_001:0297a25	五互具成九(或分)	001	五 互 具 成 九  或 分  
ZH_X58_0997_001:0297a26	六二門十二(或分)	001	六 二 門 十 二  或 分  
ZH_X58_0997_001:0297a27	七六義各三(或分)	001	七 六 義 各 三  或 分  
ZH_X58_0997_001:0297a28	八六各具六(或分)	001	八 六 各 具 六  或 分  
ZH_X58_0997_001:0297a29	五融攝(二)	001	五 融 攝  二  
ZH_X58_0997_001:0297a30	初六相顯圓攝(第五)	001	初 六 相 顯 圓 攝  第 五  
ZH_X58_0997_001:0297a31	二問答以辨義(二)	001	二 問 答 以 辨 義  二  
ZH_X58_0997_001:0297a32	初正問答(問六)	001	初 正 問 答  問 六  
ZH_X58_0997_001:0297a33	二辨餘義(如以)	001	二 辨 餘 義  如 以  
ZH_X58_0997_001:0297a34	六約教(三)	001	六 約 教  三  
ZH_X58_0997_001:0297a35	初小乘(第六)	001	初 小 乘  第 六  
ZH_X58_0997_001:0297a36	二三乘(若三)	001	二 三 乘  若 三  
ZH_X58_0997_001:0297a37	三一乘(二)	001	三 一 乘  二  
ZH_X58_0997_001:0297a38	初顯圓義(若一)	001	初 顯 圓 義  若 一  
ZH_X58_0997_001:0297a39	二彰德用(又由)	001	二 彰 德 用  又 由  
ZH_X58_0997_001:0297a41	○三十玄緣起無礙法(二)	001	 三 十 玄 緣 起 無 礙 法  二  
ZH_X58_0997_001:0297a42	初標分(三十)	001	初 標 分  三 十  
ZH_X58_0997_001:0297a43	二隨釋(二)	001	二 隨 釋  二  
ZH_X58_0997_001:0297a44	初義大(四)	001	初 義 大  四  
ZH_X58_0997_001:0297a45	初示法(初義)	001	初 示 法  初 義  
ZH_X58_0997_001:0297a46	二引經(如華)	001	二 引 經  如 華  
ZH_X58_0997_001:0297a47	三揀顯(不論)	001	三 揀 顯  不 論  
ZH_X58_0997_001:0297a48	四問釋(同義)	001	四 問 釋  同 義  
ZH_X58_0997_001:0297a49	二教大(二)	001	二 教 大  二  
ZH_X58_0997_001:0297a50	初標分(第二)	001	初 標 分  第 二  
ZH_X58_0997_001:0297a51	二演釋(二)	001	二 演 釋  二  
ZH_X58_0997_001:0297a52	初以喻略示(三)	001	初 以 喻 略 示  三  
ZH_X58_0997_001:0298a01	初示喻依(初喻)	001	初 示 喻 依  初 喻  
ZH_X58_0997_001:0298a02	二顯喻相(二)	001	二 顯 喻 相  二  
ZH_X58_0997_001:0298a03	初分門(二)	001	初 分 門  二  
ZH_X58_0997_001:0298a04	初列名(此中)	001	初 列 名  此 中  
ZH_X58_0997_001:0298a05	二釋意(所以)	001	二 釋 意  所 以  
ZH_X58_0997_001:0298a06	二隨釋(二)	001	二 隨 釋  二  
ZH_X58_0997_001:0298a07	初異體(二)	001	初 異 體  二  
ZH_X58_0997_001:0298a08	初分門(二)	001	初 分 門  二  
ZH_X58_0997_001:0298a09	初別分判(就異)	001	初 別 分 判  就 異  
ZH_X58_0997_001:0298a10	二顯科意(三)	001	二 顯 科 意  三  
ZH_X58_0997_001:0298a11	初通釋(所以)	001	初 通 釋  所 以  
ZH_X58_0997_001:0298a12	二別顯(二)	001	二 別 顯  二  
ZH_X58_0997_001:0298a13	初相即(初中)	001	初 相 即  初 中  
ZH_X58_0997_001:0298a14	二相入(二明)	001	二 相 入  二 明  
ZH_X58_0997_001:0298a15	三互收(又以)	001	三 互 收  又 以  
ZH_X58_0997_001:0298a16	二隨釋(三)	001	二 隨 釋  三  
ZH_X58_0997_001:0298a17	初相入(四)	001	初 相 入  四  
ZH_X58_0997_001:0298a18	初向上(於中)	001	初 向 上  於 中  
ZH_X58_0997_001:0298a19	二向下(向下)	001	二 向 下  向 下  
ZH_X58_0997_001:0298a20	三結例(如是)	001	三 結 例  如 是  
ZH_X58_0997_001:0298a21	四問釋(六)	001	四 問 釋  六  
ZH_X58_0997_001:0298a22	初謂一無十(問既)	001	初 謂 一 無 十  問 既  
ZH_X58_0997_001:0298a23	二緣成具多答(答大)	001	二 緣 成 具 多 答  答 大  
ZH_X58_0997_001:0298a24	三躡前去一問(問若)	001	三 躡 前 去 一 問  問 若  
ZH_X58_0997_001:0298a25	四無性成多答(答抵)	001	四 無 性 成 多 答  答 抵  
ZH_X58_0997_001:0298a26	五一攝十盡問(問一)	001	五 一 攝 十 盡 問  問 一  
ZH_X58_0997_001:0298a27	六盡亦不盡答(答盡)	001	六 盡 亦 不 盡 答  答 盡  
ZH_X58_0997_001:0298a28	二相即(二)	001	二 相 即  二  
ZH_X58_0997_001:0298a29	初牒分(初異)	001	初 牒 分  初 異  
ZH_X58_0997_001:0298a30	二隨釋(三)	001	二 隨 釋  三  
ZH_X58_0997_001:0298a31	初向上去(初門)	001	初 向 上 去  初 門  
ZH_X58_0997_001:0298a32	二向下來(言向)	001	二 向 下 來  言 向  
ZH_X58_0997_001:0298a33	三寄問成(四)	001	三 寄 問 成  四  
ZH_X58_0997_001:0298a34	初不即何過問(問若)	001	初 不 即 何 過 問  問 若  
ZH_X58_0997_001:0298a35	二不成一十答(答若)	001	二 不 成 一 十 答  答 若  
ZH_X58_0997_001:0298a36	三互即俱非問(問若)	001	三 互 即 俱 非 問  問 若  
ZH_X58_0997_001:0298a37	四俱成互即答(答秪)	001	四 俱 成 互 即 答  答 秪  
ZH_X58_0997_001:0298a38	三問成(八)	001	三 問 成  八  
ZH_X58_0997_001:0298a39	初俱同前後問(問上)	001	初 俱 同 前 後 問  問 上  
ZH_X58_0997_001:0298a40	二前後俱同答(答即)	001	二 前 後 俱 同 答  答 即  
ZH_X58_0997_001:0298a41	三去來義相問(問如)	001	三 去 來 義 相 問  問 如  
ZH_X58_0997_001:0298a42	四去來不動答(答自)	001	四 去 來 不 動 答  答 自  
ZH_X58_0997_001:0298a43	五由智非先問(問若)	001	五 由 智 非 先 問  問 若  
ZH_X58_0997_001:0298a44	六約智舊來答(答若)	001	六 約 智 舊 來 答  答 若  
ZH_X58_0997_001:0298a45	七由法由智問(問為)	001	七 由 法 由 智 問  問 為  
ZH_X58_0997_001:0298a46	八為智為法答(答為)	001	八 為 智 為 法 答  答 為  
ZH_X58_0997_001:0298a47	二同體(二)	001	二 同 體  二  
ZH_X58_0997_001:0298a48	初牒分(第二)	001	初 牒 分  第 二  
ZH_X58_0997_001:0298a49	二演釋(二)	001	二 演 釋  二  
ZH_X58_0997_001:0298a50	初相入義(二)	001	初 相 入 義  二  
ZH_X58_0997_001:0298a51	初釋相(二)	001	初 釋 相  二  
ZH_X58_0997_001:0298a52	初一中多(初門)	001	初 一 中 多  初 門  
ZH_X58_0997_001:0298a53	二多中一(二者)	001	二 多 中 一  二 者  
ZH_X58_0997_001:0298a54	二問答(問此)	001	二 問 答  問 此  
ZH_X58_0997_001:0298a55	二相即義(二)	001	二 相 即 義  二  
ZH_X58_0997_001:0298a56	初釋相(二)	001	初 釋 相  二  
ZH_X58_0997_001:0298a57	初一即十(一者)	001	初 一 即 十  一 者  
ZH_X58_0997_001:0298a58	二十即一(二者)	001	二 十 即 一  二 者  
ZH_X58_0997_001:0298a59	二問成(四)	001	二 問 成  四  
ZH_X58_0997_001:0298a60	初攝十無盡問(問此)	001	初 攝 十 無 盡 問  問 此  
ZH_X58_0997_001:0298a61	二增減由智答(答此)	001	二 增 減 由 智 答  答 此  
ZH_X58_0997_001:0298a62	三俱攝但攝問(問為)	001	三 俱 攝 但 攝 問  問 為  
ZH_X58_0997_001:0298a63	四或俱或但答(三)	001	四 或 俱 或 但 答  三  
ZH_X58_0997_001:0298a64	初俱攝同異(答或)	001	初 俱 攝 同 異  答 或  
ZH_X58_0997_001:0298a65	二但攝同體(或但)	001	二 但 攝 同 體  或 但  
ZH_X58_0997_001:0298a66	三通結無盡(如此)	001	三 通 結 無 盡  如 此  
ZH_X58_0997_001:0298a67	三明分喻(此且)	001	三 明 分 喻  此 且  
ZH_X58_0997_001:0298a68	二約法廣辨(二)	001	二 約 法 廣 辨  二  
ZH_X58_0997_001:0298a69	初牒分(第二)	001	初 牒 分  第 二  
ZH_X58_0997_001:0298a70	二隨釋(二)	001	二 隨 釋  二  
ZH_X58_0997_001:0299a01	初且明法義(二)	001	初 且 明 法 義  二  
ZH_X58_0997_001:0299a02	初別釋二門(二)	001	初 別 釋 二 門  二  
ZH_X58_0997_001:0299a03	初立義門(三)	001	初 立 義 門  三  
ZH_X58_0997_001:0299a04	初標分(初立)	001	初 標 分  初 立  
ZH_X58_0997_001:0299a05	二引釋(一教)	001	二 引 釋  一 教  
ZH_X58_0997_001:0299a06	三結成(此十)	001	三 結 成  此 十  
ZH_X58_0997_001:0299a07	二解釋門(三)	001	二 解 釋 門  三  
ZH_X58_0997_001:0299a08	初分門示意(二言)	001	初 分 門 示 意  二 言  
ZH_X58_0997_001:0299a09	二問成圓數(問何)	001	二 問 成 圓 數  問 何  
ZH_X58_0997_001:0299a10	三列顯十玄(十)	001	三 列 顯 十 玄  十  
ZH_X58_0997_001:0299a11	一同時具足相應門(一者)	001	一 同 時 具 足 相 應 門  一 者  
ZH_X58_0997_001:0299a12	二一多相容不同門(三)	001	二 一 多 相 容 不 同 門  三  
ZH_X58_0997_001:0299a13	初釋相(二者)	001	初 釋 相  二 者  
ZH_X58_0997_001:0299a14	二引教(故此)	001	二 引 教  故 此  
ZH_X58_0997_001:0299a15	三結指(然此)	001	三 結 指  然 此  
ZH_X58_0997_001:0299a16	三諸法相即自在門(三)	001	三 諸 法 相 即 自 在 門  三  
ZH_X58_0997_001:0299a17	初正釋(二)	001	初 正 釋  二  
ZH_X58_0997_001:0299a18	初通示(三者)	001	初 通 示  三 者  
ZH_X58_0997_001:0299a19	二別釋(二)	001	二 別 釋  二  
ZH_X58_0997_001:0299a20	初自門(三)	001	初 自 門  三  
ZH_X58_0997_001:0299a21	初示相(若約)	001	初 示 相  若 約  
ZH_X58_0997_001:0299a22	二引經(故此)	001	二 引 經  故 此  
ZH_X58_0997_001:0299a23	三釋義(義言)	001	三 釋 義  義 言  
ZH_X58_0997_001:0299a24	二餘門(二)	001	二 餘 門  二  
ZH_X58_0997_001:0299a25	初據經示相(何況)	001	初 據 經 示 相  何 況  
ZH_X58_0997_001:0299a26	二引教證成(又云)	001	二 引 教 證 成  又 云  
ZH_X58_0997_001:0299a27	二問成(六)	001	二 問 成  六  
ZH_X58_0997_001:0299a28	初問揀(二)	001	初 問 揀  二  
ZH_X58_0997_001:0299a29	初問(問如)	001	初 問  問 如  
ZH_X58_0997_001:0299a30	二揀(答於)	001	二 揀  答 於  
ZH_X58_0997_001:0299a31	二問餘(問若)	001	二 問 餘  問 若  
ZH_X58_0997_001:0299a32	三問攝(三)	001	三 問 攝  三  
ZH_X58_0997_001:0299a33	初作問(問此)	001	初 作 問  問 此  
ZH_X58_0997_001:0299a34	二辨攝(答既)	001	二 辨 攝  答 既  
ZH_X58_0997_001:0299a35	三徵釋(二)	001	三 徵 釋  二  
ZH_X58_0997_001:0299a36	初徵(何以)	001	初 徵  何 以  
ZH_X58_0997_001:0299a37	二釋(二)	001	二 釋  二  
ZH_X58_0997_001:0299a38	初實德自在(三)	001	初 實 德 自 在  三  
ZH_X58_0997_001:0299a39	初出因(圓融)	001	初 出 因  圓 融  
ZH_X58_0997_001:0299a40	二引證(故此)	001	二 引 證  故 此  
ZH_X58_0997_001:0299a41	三釋成(良由)	001	三 釋 成  良 由  
ZH_X58_0997_001:0299a42	二因果俱齊(二)	001	二 因 果 俱 齊  二  
ZH_X58_0997_001:0299a43	初依論顯理(因果)	001	初 依 論 顯 理  因 果  
ZH_X58_0997_001:0300a01	二引經證成(又此)	001	二 引 經 證 成  又 此  
ZH_X58_0997_001:0300a02	四問德(問此)	001	四 問 德  問 此  
ZH_X58_0997_001:0300a03	五問果(問上)	001	五 問 果  問 上  
ZH_X58_0997_001:0300a04	六問念(問上)	001	六 問 念  問 上  
ZH_X58_0997_001:0300a05	三作結(此即)	001	三 作 結  此 即  
ZH_X58_0997_001:0300a06	四因陀羅網境界門(四)	001	四 因 陀 羅 網 境 界 門  四  
ZH_X58_0997_001:0300a07	初示相(第四)	001	初 示 相  第 四  
ZH_X58_0997_001:0300a08	二引經(故此)	001	二 引 經  故 此  
ZH_X58_0997_001:0300a09	三揀顯(此等)	001	三 揀 顯  此 等  
ZH_X58_0997_001:0300a10	四問成(二)	001	四 問 成  二  
ZH_X58_0997_001:0300a11	初問重重(問上)	001	初 問 重 重  問 上  
ZH_X58_0997_001:0300a12	二問分齊(問若)	001	二 問 分 齊  問 若  
ZH_X58_0997_001:0300a13	五微細相容安立門(三)	001	五 微 細 相 容 安 立 門  三  
ZH_X58_0997_001:0300a14	初釋相(五者)	001	初 釋 相  五 者  
ZH_X58_0997_001:0300a15	二引經(故此)	001	二 引 經  故 此  
ZH_X58_0997_001:0300a16	三問揀(問是)	001	三 問 揀  問 是  
ZH_X58_0997_001:0300a17	六秘密隱顯俱成門(三)	001	六 秘 密 隱 顯 俱 成 門  三  
ZH_X58_0997_001:0300a18	初示相(六者)	001	初 示 相  六 者  
ZH_X58_0997_001:0300a19	二引經(故經)	001	二 引 經  故 經  
ZH_X58_0997_001:0300a20	三合喻(如上)	001	三 合 喻  如 上  
ZH_X58_0997_001:0300a21	七諸藏純雜具德門(第七)	001	七 諸 藏 純 雜 具 德 門  第 七  
ZH_X58_0997_001:0300a22	八十世隔法異成門(三)	001	八 十 世 隔 法 異 成 門  三  
ZH_X58_0997_001:0300a23	初顯法理(八者)	001	初 顯 法 理  八 者  
ZH_X58_0997_001:0300a24	二示十世(言十)	001	二 示 十 世  言 十  
ZH_X58_0997_001:0300a25	三引聖言(二)	001	三 引 聖 言  二  
ZH_X58_0997_001:0300a26	初劫入一多(故此)	001	初 劫 入 一 多  故 此  
ZH_X58_0997_001:0300a27	二時處相入(又此)	001	二 時 處 相 入  又 此  
ZH_X58_0997_001:0300a28	九唯心迴轉善成門(九者)	001	九 唯 心 迴 轉 善 成 門  九 者  
ZH_X58_0997_001:0300a29	十托事顯法生解門(二)	001	十 托 事 顯 法 生 解 門  二  
ZH_X58_0997_001:0300a30	初正釋(十者)	001	初 正 釋  十 者  
ZH_X58_0997_001:0300a31	二問成(問成)	001	二 問 成  問 成  
ZH_X58_0997_001:0300a32	二結明大法(此上)	001	二 結 明 大 法  此 上  
ZH_X58_0997_001:0300a33	二結略指廣(四)	001	二 結 略 指 廣  四  
ZH_X58_0997_001:0300a34	初正宗結指(上來)	001	初 正 宗 結 指  上 來  
ZH_X58_0997_001:0300a35	二重示二宗(三)	001	二 重 示 二 宗  三  
ZH_X58_0997_001:0300a36	初申問(問此)	001	初 申 問  問 此  
ZH_X58_0997_001:0300a37	二引答(答此)	001	二 引 答  答 此  
ZH_X58_0997_001:0300a38	三判釋(由此)	001	三 判 釋  由 此  
ZH_X58_0997_001:0300a39	三略明本末(又此)	001	三 略 明 本 末  又 此  
ZH_X58_0997_001:0300a40	四勸除情執(聖教)	001	四 勸 除 情 執  聖 教  
ZH_X58_0997_001:0300a42	○四六相圓融義(三)	001	 四 六 相 圓 融 義  三  
ZH_X58_0997_001:0300a43	初牒章分門(第四)	001	初 牒 章 分 門  第 四  
ZH_X58_0997_001:0300a44	二依門別釋(三)	001	二 依 門 別 釋  三  
ZH_X58_0997_001:0300a45	初列名略釋(二)	001	初 列 名 略 釋  二  
ZH_X58_0997_001:0300a46	初列名(初列)	001	初 列 名  初 列  
ZH_X58_0997_001:0300a47	二略釋(總相)	001	二 略 釋  總 相  
ZH_X58_0997_001:0300a48	二明教興意(四)	001	二 明 教 興 意  四  
ZH_X58_0997_001:0300a49	初所顯教義(第二)	001	初 所 顯 教 義  第 二  
ZH_X58_0997_001:0300a50	二現義成益(此義)	001	二 現 義 成 益  此 義  
ZH_X58_0997_001:0300a51	三結教功德(良由)	001	三 結 教 功 德  良 由  
ZH_X58_0997_001:0300a52	四別示因果(因即)	001	四 別 示 因 果  因 即  
ZH_X58_0997_001:0300a53	三問答解釋(二)	001	三 問 答 解 釋  二  
ZH_X58_0997_001:0300a54	初牒示(第三)	001	初 牒 示  第 三  
ZH_X58_0997_001:0300a55	二列釋(六)	001	二 列 釋  六  
ZH_X58_0997_001:0300a56	初總相(二)	001	初 總 相  二  
ZH_X58_0997_001:0300a57	初問答(六)	001	初 問 答  六  
ZH_X58_0997_001:0300a58	初問總答舍(問何)	001	初 問 總 答 舍  問 何  
ZH_X58_0997_001:0300a59	二椽等非舍(問此)	001	二 椽 等 非 舍  問 此  
ZH_X58_0997_001:0300a60	三無瓦作舍(問若)	001	三 無 瓦 作 舍  問 若  
ZH_X58_0997_001:0300a61	四少力何過(問若)	001	四 少 力 何 過  問 若  
ZH_X58_0997_001:0300a62	五去一無舍(問無)	001	五 去 一 無 舍  問 無  
ZH_X58_0997_001:0300a63	六板瓦是椽(問會)	001	六 板 瓦 是 椽  問 會  
ZH_X58_0997_001:0300a64	二結歎(是故)	001	二 結 歎  是 故  
ZH_X58_0997_001:0300a65	二別相(二)	001	二 別 相  二  
ZH_X58_0997_001:0300a66	初釋相(第二)	001	初 釋 相  第 二  
ZH_X58_0997_001:0300a67	二問答(三)	001	二 問 答  三  
ZH_X58_0997_001:0300a68	初即別非總(問答)	001	初 即 別 非 總  問 答  
ZH_X58_0997_001:0300a69	二相即何別(問若)	001	二 相 即 何 別  問 若  
ZH_X58_0997_001:0300a70	三無別何過(問若)	001	三 無 別 何 過  問 若  
ZH_X58_0997_001:0300a71	三同相(二)	001	三 同 相  二  
ZH_X58_0997_001:0300a72	初釋相(第三)	001	初 釋 相  第 三  
ZH_X58_0997_001:0300a73	二問答(二)	001	二 問 答  二  
ZH_X58_0997_001:0300a74	初問揀總相(問此)	001	初 問 揀 總 相  問 此  
ZH_X58_0997_001:0300a75	二不同何過(問若)	001	二 不 同 何 過  問 若  
ZH_X58_0997_001:0301a01	四異相(二)	001	四 異 相  二  
ZH_X58_0997_001:0301a02	初釋相(第四)	001	初 釋 相  第 四  
ZH_X58_0997_001:0301a03	二問答(三)	001	二 問 答  三  
ZH_X58_0997_001:0301a04	初若異非同(問若)	001	初 若 異 非 同  問 若  
ZH_X58_0997_001:0301a05	二與別何異(問為)	001	二 與 別 何 異  問 為  
ZH_X58_0997_001:0301a06	三不異何過(問若)	001	三 不 異 何 過  問 若  
ZH_X58_0997_001:0301a07	五成相(二)	001	五 成 相  二  
ZH_X58_0997_001:0301a08	初釋相(第五)	001	初 釋 相  第 五  
ZH_X58_0997_001:0301a09	二問答(二)	001	二 問 答  二  
ZH_X58_0997_001:0301a10	初椽不作舍(問現)	001	初 椽 不 作 舍  問 現  
ZH_X58_0997_001:0301a11	二不成何過(問若)	001	二 不 成 何 過  問 若  
ZH_X58_0997_001:0301a12	六壞相(二)	001	六 壞 相  二  
ZH_X58_0997_001:0301a13	初釋相(第六)	001	初 釋 相  第 六  
ZH_X58_0997_001:0301a14	二問成(二)	001	二 問 成  二  
ZH_X58_0997_001:0301a15	初諸椽作舍(問現)	001	初 諸 椽 作 舍  問 現  
ZH_X58_0997_001:0301a16	二作舍何過(問若)	001	二 作 舍 何 過  問 若  
ZH_X58_0997_001:0301a17	三通示結頌(又總)	001	三 通 示 結 頌  又 總  
ZH_X58_0997_001:0301a19	華嚴一乘教義分齊章科(畢)	001	華 嚴 一 乘 教 義 分 齊 章 科  畢  
