segmentnr	original	folio	analyzed
ZH_X61_1162_003:0559c15	淨土資糧全集卷之三	003	淨 土 資 糧 全 集 卷 之 三 
ZH_X61_1162_003:0559c17	古杭雲棲寺蓮池禪師　袾宏　校正	003	古 杭 雲 棲 寺 蓮 池 禪 師  袾 宏  校 正 
ZH_X61_1162_003:0559c18	[橘-矛+隹]李桐邑淨業弟子　莊廣還　輯	003	[橘矛隹] 李 桐 邑 淨 業 弟 子  莊 廣 還  輯 
ZH_X61_1162_003:0559c19	淨土誓願章	003	淨 土 誓 願 章 
ZH_X61_1162_003:0559c20	論修淨業人宜發願(梵網經有不發願戒)	003	論 修 淨 業 人 宜 發 願  梵 網 經 有 不 發 願 戒  
ZH_X61_1162_003:0559c21	歸元直指曰。慈照宗主云。有行無願。其行必孤。有	003	歸 元 直 指 曰  慈 照 宗 主 云  有 行 無 願  其 行 必 孤  有 
ZH_X61_1162_003:0559c22	願無行。其願必虗。無願無行。空住閻浮。有願有行。	003	願 無 行  其 願 必 虗  無 願 無 行  空 住 閻 浮  有 願 有 行  
ZH_X61_1162_003:0559c23	直入無為。此乃佛祖修淨業之根本也。何以故。理	003	直 入 無 為  此 乃 佛 祖 修 淨 業 之 根 本 也  何 以 故  理 
ZH_X61_1162_003:0559c24	由智導。行由願興。行願得均。理智兼俻。夫願者。樂	003	由 智 導  行 由 願 興  行 願 得 均  理 智 兼 俻  夫 願 者  樂 
ZH_X61_1162_003:0560a01	也。欲也。欲生西方淨土。樂見阿彌陀佛。必須發願。	003	也  欲 也  欲 生 西方淨土  樂 見 阿 彌 陀 佛  必 須 發 願  
ZH_X61_1162_003:0560a02	乃得往生。若無願心。善根沉沒。華嚴經云。不發大	003	乃 得 往 生  若 無 願 心  善 根 沉 沒  華 嚴 經 云  不 發 大 
ZH_X61_1162_003:0560a03	願。魔所攝持。一切佛事。從大願起。欲成無上道。故	003	願  魔 所 攝 持  一 切 佛 事  從 大 願 起  欲 成 無 上 道  故 
ZH_X61_1162_003:0560a04	須得願波羅蜜。所以普賢廣無邊願海。彌陀有六	003	須 得 願波羅蜜  所 以 普 賢 廣 無 邊 願 海  彌 陀 有 六 
ZH_X61_1162_003:0560a05	八願門。是知十方諸佛。上古先賢。皆因願力成就	003	八 願 門  是 知 十方諸佛  上 古 先 賢  皆 因 願 力 成 就 
ZH_X61_1162_003:0560a06	菩提。	003	菩 提  
ZH_X61_1162_003:0560a07	攷證　阿含經云。須彌山南有天下。名閻浮提。	003	攷 證  阿 含 經 云  須 彌 山 南 有 天 下  名 閻 浮 提  
ZH_X61_1162_003:0560a08	其土有大樹。名閻浮。此樹下有閻浮那檀金聚。	003	其 土 有 大 樹  名 閻 浮  此 樹 下 有 閻 浮 那 檀 金 聚  
ZH_X61_1162_003:0560a09	以此勝金出樹下。故因以名樹名洲○新娑婆	003	以 此 勝 金 出 樹 下  故 因 以 名 樹 名 洲  新 娑 婆 
ZH_X61_1162_003:0560a10	論。又名贍部。其土南狹北廣。此土有大樹。名贍	003	論  又 名 贍 部  其 土 南 狹 北 廣  此 土 有 大 樹  名 贍 
ZH_X61_1162_003:0560a11	部。其葉上廣下狹。地形象之。故名贍部。	003	部  其 葉 上 廣 下 狹  地 形 象 之  故 名 贍 部  
ZH_X61_1162_003:0560a12	經曰。歸依佛。歸依法。歸依僧。我今發心。不為自求人	003	經 曰  歸 依 佛  歸 依 法  歸 依 僧  我 今 發 心  不 為 自 求 人 
ZH_X61_1162_003:0560a13	天福報。聲聞緣覺。乃至權乘諸位菩薩。惟依最上乘	003	天 福 報  聲 聞 緣 覺  乃 至 權 乘 諸 位 菩 薩  惟 依 最 上 乘 
ZH_X61_1162_003:0560a14	發菩提心。願與法界眾生。一時同得阿耨多羅三藐	003	發菩提心  願 與 法 界 眾 生  一 時 同 得 阿 耨 多 羅 三 藐 
ZH_X61_1162_003:0560a15	三菩提。	003	三 菩 提  
ZH_X61_1162_003:0560a16	(還)謹按此經。乃發願之大綱。後願文。俻諸節目	003	 還  謹 按 此 經  乃 發 願 之 大 綱  後 願 文  俻 諸 節 目 
ZH_X61_1162_003:0560a17	耳。綱以立其體。目以達其用。發願其庶幾哉。	003	耳  綱 以 立 其 體  目 以 達 其 用  發 願 其 庶 幾 哉  
ZH_X61_1162_003:0560a18	考證三歸初門曰。歸依佛者。歸以返還為	003	考 證 三 歸 初 門 曰  歸 依 佛 者  歸 以 返 還 為 
ZH_X61_1162_003:0560a19	義。返邪師。還事正師。故名歸。依者憑也。歸依佛	003	義  返 邪 師  還 事 正 師  故 名 歸  依 者 憑 也  歸 依 佛 
ZH_X61_1162_003:0560a20	者。終不更歸依其餘諸外天神也。歸依法者。返	003	者  終 不 更 歸 依 其 餘 諸 外 天 神 也  歸 依 法 者  返 
ZH_X61_1162_003:0560a21	邪法。還修正法。憑佛所說。得出三塗及三界生	003	邪 法  還 修 正 法  憑 佛 所 說  得 出 三 塗 及 三 界 生 
ZH_X61_1162_003:0560a22	死。歸依僧者。返九十五種邪行之侶。歸心出家	003	死  歸 依 僧 者  返 九 十 五 種 邪 行 之 侶  歸 心 出 家 
ZH_X61_1162_003:0560a23	三乘正行之伴。及出三界生死○發隱曰。按折	003	三 乘 正 行 之 伴  及 出 三 界 生 死  發 隱 曰  按 折 
ZH_X61_1162_003:0560a24	伏羅漢經云。忉利天子。壽終當受猪身。詣佛求	003	伏 羅 漢 經 云  忉 利 天 子  壽 終 當 受 猪 身  詣 佛 求 
ZH_X61_1162_003:0560b01	救。佛教歸命佛法僧。於七日七夜。精勤三歸。得	003	救  佛 教 歸 命 佛 法 僧  於 七日七夜  精 勤 三 歸  得 
ZH_X61_1162_003:0560b02	免猪胎。為長者子。又木槵子經云。佛告琉璃王。	003	免 猪 胎  為 長 者 子  又 木 槵 子 經 云  佛 告 琉 璃 王  
ZH_X61_1162_003:0560b03	穿木槵子稱三寶。當斷結業。得無上果。故知三	003	穿 木 槵 子 稱 三 寶  當 斷 結 業  得 無 上 果  故 知 三 
ZH_X61_1162_003:0560b04	寶。一切眾生歸依處也。	003	寶  一 切 眾 生 歸 依 處 也  
ZH_X61_1162_003:0560b05	人天福報經云。人天路上。作福為先。廣修善	003	人 天 福 報 經 云  人 天 路 上  作 福 為 先  廣 修 善 
ZH_X61_1162_003:0560b06	事。是名作福。必有福報也。	003	事  是 名 作 福  必 有 福 報 也  
ZH_X61_1162_003:0560b07	聲聞四教儀與發隱相參○聲聞位分二。曰	003	聲 聞 四 教 儀 與 發 隱 相 參  聲 聞 位 分 二  曰 
ZH_X61_1162_003:0560b08	凡。曰聖。凡有二。外凡內凡。身居有漏。聖道未生。	003	凡  曰 聖  凡 有 二  外 凡 內 凡  身 居 有 漏  聖 道 未 生  
ZH_X61_1162_003:0560b09	皆號曰凡。外凡則未見法性。尚在理外。內凡則	003	皆 號 曰 凡  外 凡 則 未 見 法 性  尚 在 理 外  內 凡 則 
ZH_X61_1162_003:0560b10	漸見法性。心遊理內故也。外凡中。自分三。初。五	003	漸 見 法 性  心 遊 理 內 故 也  外 凡 中  自 分 三  初  五 
ZH_X61_1162_003:0560b11	停心。多貪不淨觀。多嗔慈悲觀。多散數息觀。愚	003	停 心  多 貪 不 淨 觀  多 嗔 慈 悲 觀  多 散 數 息 觀  愚 
ZH_X61_1162_003:0560b12	癡因緣觀。多障念佛觀。二。別想念處。即四念處。	003	癡 因 緣 觀  多 障 念 佛 觀  二  別 想 念 處  即 四 念 處  
ZH_X61_1162_003:0560b13	身念不淨。受念是苦。心念無常。法念無我也。三。	003	身 念 不 淨  受 念 是 苦  心 念 無 常  法 念 無 我 也  三  
ZH_X61_1162_003:0560b14	總相念處。念身不淨。亦念身是苦。身無常。身無	003	總 相 念 處  念 身 不 淨  亦 念 身 是 苦  身 無 常  身 無 
ZH_X61_1162_003:0560b15	我。受心法皆然也。已上三科名外凡。內凡四者。	003	我  受 心 法 皆 然 也  已 上 三 科 名 外 凡  內 凡 四 者  
ZH_X61_1162_003:0560b16	謂暖。頂。忍。世第一。煖者。從總相念生煖善根。具	003	謂 暖  頂  忍  世 第 一  煖 者  從 總 相 念 生 煖 善 根  具 
ZH_X61_1162_003:0560b17	觀四諦。修十六行。發相似解。伏煩惱惑。得佛法	003	觀 四 諦  修 十 六 行  發 相 似 解  伏 煩 惱 惑  得 佛 法 
ZH_X61_1162_003:0560b18	氣分。如鑽木先熱。將春先和。名曰煖也。頂者。用	003	氣 分  如 鑽 木 先 熱  將 春 先 和  名 曰 煖 也  頂 者  用 
ZH_X61_1162_003:0560b19	觀同前。轉更明朗。如登高遠視。名曰頂也。忍者。	003	觀 同 前  轉 更 明 朗  如 登 高 遠 視  名 曰 頂 也  忍 者  
ZH_X61_1162_003:0560b20	堪忍。又忍可義。分下中上。下忍遍視八諦。修三	003	堪 忍  又 忍 可 義  分 下 中 上  下 忍 遍 視 八 諦  修 三 
ZH_X61_1162_003:0560b21	十二行。中忍漸減。乃至上忍。惟有一行三剎那	003	十 二 行  中 忍 漸 減  乃 至 上 忍  惟 有 一 行 三 剎 那 
ZH_X61_1162_003:0560b22	在。名曰忍也。世第一者。從上忍二剎那心。一剎	003	在  名 曰 忍 也  世 第 一 者  從 上 忍 二 剎 那 心  一 剎 
ZH_X61_1162_003:0560b23	那盡。餘一剎那猶在忍。更一剎那心盡。即入世	003	那 盡  餘 一 剎 那 猶 在 忍  更 一 剎 那 心 盡  即 入 世 
ZH_X61_1162_003:0560b24	第一。有漏名世。世間最勝。名第一也。此四位為	003	第 一  有 漏 名 世  世 間 最 勝  名 第 一 也  此 四 位 為 
ZH_X61_1162_003:0560c01	內凡。此七方便。入聖之階。過此。則聖位教義。聖	003	內 凡  此 七 方 便  入 聖 之 階  過 此  則 聖 位 教 義  聖 
ZH_X61_1162_003:0560c02	位分三。一。見道。初果。二。修道。二果三果。三。無學	003	位 分 三  一  見 道  初 果  二  修 道  二 果 三 果  三  無 學 
ZH_X61_1162_003:0560c03	道。四果。一。須陀洹。此云預流。此位斷三界八十	003	道  四 果  一  須 陀 洹  此 云 預 流  此 位 斷 三 界 八 十 
ZH_X61_1162_003:0560c04	八使見惑。見真諦。故名為見道。二。斯陀含。此云	003	八 使 見 惑  見 真 諦  故 名 為 見 道  二  斯 陀 含  此 云 
ZH_X61_1162_003:0560c05	一來。此位斷欲界九品思中。斷六品思盡。後三	003	一 來  此 位 斷 欲 界 九 品 思 中  斷 六 品 思 盡  後 三 
ZH_X61_1162_003:0560c06	品猶在。故更一來。三。阿那含。此云不來。此位斷	003	品 猶 在  故 更 一 來  三  阿 那 含  此 云 不 來  此 位 斷 
ZH_X61_1162_003:0560c07	欲界殘思盡。進斷上八地思。此二位名修道。四。	003	欲 界 殘 思 盡  進 斷 上 八 地 思  此 二 位 名 修 道  四  
ZH_X61_1162_003:0560c08	阿羅漢。此云無學。此位斷見思俱盡。子縛已斷。	003	阿 羅 漢  此 云 無 學  此 位 斷 見 思 俱 盡  子 縛 已 斷  
ZH_X61_1162_003:0560c09	果縛猶在。名有餘涅槃。此名無學道。聲聞如此	003	果 縛 猶 在  名 有餘涅槃  此 名 無 學 道  聲 聞 如 此 
ZH_X61_1162_003:0560c10	○永嘉集曰。因聲教而悟解。故號聲聞。原其所	003	 永 嘉 集 曰  因 聲 教 而 悟 解  故 號 聲 聞  原 其 所 
ZH_X61_1162_003:0560c11	修。四諦而為本行。見苦常懷厭離。斷集恒畏其	003	修  四 諦 而 為 本 行  見 苦 常 懷 厭 離  斷 集 恒 畏 其 
ZH_X61_1162_003:0560c12	生。證滅獨契無為。修道惟論自度。大誓之心未	003	生  證 滅 獨 契 無 為  修 道 惟 論 自 度  大 誓 之 心 未 
ZH_X61_1162_003:0560c13	普。設化之道無施。六和之敬空然。三界之慈靡	003	普  設 化 之 道 無 施  六 和 之 敬 空 然  三 界 之 慈 靡 
ZH_X61_1162_003:0560c14	運。因乖萬行。果闕圓常。六度未修。非小何類。如	003	運  因 乖 萬 行  果 闕 圓 常  六 度 未 修  非 小 何 類  如 
ZH_X61_1162_003:0560c15	是。則聲聞之道也。	003	是  則 聲 聞 之 道 也  
ZH_X61_1162_003:0560c16	緣覺華嚴疏曰。辟支。此云緣覺。又云獨覺。獨	003	緣 覺 華 嚴 疏 曰  辟 支  此 云 緣 覺  又 云 獨 覺  獨 
ZH_X61_1162_003:0560c17	但自悟。緣依教悟也。獨覺自分二類。其利根者	003	但 自 悟  緣 依 教 悟 也  獨 覺 自 分 二 類  其 利 根 者 
ZH_X61_1162_003:0560c18	曰麟喻。喻麟之獨出無佛世。見物變易。自覺無	003	曰 麟 喻  喻 麟 之 獨 出 無 佛 世  見 物 變 易  自 覺 無 
ZH_X61_1162_003:0560c19	生。其鈍根者曰部行。亦出無佛世。部黨而行。師	003	生  其 鈍 根 者 曰 部 行  亦 出 無 佛 世  部 黨 而 行  師 
ZH_X61_1162_003:0560c20	徒訓化也。緣覺依佛教。觀十二緣。作流轉還滅	003	徒 訓 化 也  緣 覺 依 佛 教  觀 十 二 緣  作 流 轉 還 滅 
ZH_X61_1162_003:0560c21	二觀法者也○四教儀曰。緣覺值佛出世。稟十	003	二 觀 法 者 也  四 教 儀 曰  緣 覺 值 佛 出 世  稟 十 
ZH_X61_1162_003:0560c22	二因緣教。與前四諦開合之異耳。謂無明。行。愛。	003	二 因 緣 教  與 前 四 諦 開 合 之 異 耳  謂 無 明  行  愛  
ZH_X61_1162_003:0560c23	取。有。此之五支。合為集諦。七支為苦諦也。緣覺	003	取  有  此 之 五 支  合 為 集 諦  七 支 為 苦 諦 也  緣 覺 
ZH_X61_1162_003:0560c24	先觀集諦。所謂明緣行。行緣識。乃至生緣老死。	003	先 觀 集 諦  所 謂 明 緣 行  行 緣 識  乃 至 生 緣 老 死  
ZH_X61_1162_003:0561a01	此則生起。若滅觀者。無明滅。則行滅。乃至生滅。	003	此 則 生 起  若 滅 觀 者  無 明 滅  則 行 滅  乃 至 生 滅  
ZH_X61_1162_003:0561a02	則老死滅。因觀十二緣。覺真諦理。故言緣覺。又	003	則 老 死 滅  因 觀 十 二 緣  覺 真 諦 理  故 言 緣 覺  又 
ZH_X61_1162_003:0561a03	言獨覺。兩名不同。行位無別。此人斷三界。與聲	003	言 獨 覺  兩 名 不 同  行 位 無 別  此 人 斷 三 界  與 聲 
ZH_X61_1162_003:0561a04	聞同。獨覺發真無漏。功德力大。能侵除習氣。聲	003	聞 同  獨 覺 發 真 無 漏  功 德 力 大  能 侵 除 習 氣  聲 
ZH_X61_1162_003:0561a05	聞但斷正使。不侵除習氣。故緣覺居聲聞之上	003	聞 但 斷 正 使  不 侵 除 習 氣  故 緣 覺 居 聲 聞 之 上 
ZH_X61_1162_003:0561a06	○永嘉集曰。緣散而體真。故名緣覺。原其所習。	003	 永 嘉 集 曰  緣 散 而 體 真  故 名 緣 覺  原 其 所 習  
ZH_X61_1162_003:0561a07	十二因緣而為本行。觀無明而即空。達諸行而	003	十二因緣 而 為 本 行  觀 無 明 而 即 空  達 諸 行 而 
ZH_X61_1162_003:0561a08	無作。二因既非其業。五果之報何醻。愛取有以	003	無 作  二 因 既 非 其 業  五 果 之 報 何 醻  愛 取 有 以 
ZH_X61_1162_003:0561a09	無疵。老死亦何所累。心唯善寂。意翫清虗。獨宿	003	無 疵  老 死 亦 何 所 累  心 唯 善 寂  意 翫 清 虗  獨 宿 
ZH_X61_1162_003:0561a10	孤峯。觀緣散滅。利他不普。自益未圓。於下有餘。	003	孤 峯  觀 緣 散 滅  利 他 不 普  自 益 未 圓  於 下 有 餘  
ZH_X61_1162_003:0561a11	於上不足。兩非其類。位處中央。如此。辟支佛道	003	於 上 不 足  兩 非 其 類  位 處 中 央  如 此  辟支佛道 
ZH_X61_1162_003:0561a12	也。	003	也  
ZH_X61_1162_003:0561a13	菩薩四教儀曰。從初發心。緣四諦觀。發四弘	003	菩 薩 四 教 儀 曰  從 初 發 心  緣 四 諦 觀  發 四 弘 
ZH_X61_1162_003:0561a14	誓○初門曰。四弘誓者。一未度者令度。言未度	003	誓  初 門 曰  四 弘 誓 者  一 未 度 者 令 度  言 未 度 
ZH_X61_1162_003:0561a15	苦諦。令度苦諦。苦者生死也。生死有二種。一。分	003	苦 諦  令 度 苦 諦  苦 者 生 死 也  生 死 有 二 種  一  分 
ZH_X61_1162_003:0561a16	段生死。謂六道眾生。有形質分段之成壞。二。變	003	段 生 死  謂 六 道 眾 生  有 形 質 分 段 之 成 壞  二  變 
ZH_X61_1162_003:0561a17	易生死。謂羅漢。辟支。及大力菩薩。三種得意生	003	易 生 死  謂 羅 漢  辟 支  及 大力菩薩  三 種 得 意 生 
ZH_X61_1162_003:0561a18	身。雖無分段之麤報。猶有細微因轉果移。變易	003	身  雖 無 分 段 之 麤 報  猶 有 細 微 因 轉 果 移  變 易 
ZH_X61_1162_003:0561a19	生成之所遷也。若一切未度二種生死苦者。菩	003	生 成 之 所 遷 也  若 一 切 未 度 二 種 生 死 苦 者  菩 
ZH_X61_1162_003:0561a20	薩發心。願令得度。即眾生無邊誓願度也。二。未	003	薩 發 心  願 令 得 度  即 眾 生 無 邊 誓 願 度 也  二  未 
ZH_X61_1162_003:0561a21	解者令解。言未解集諦。令解集諦。集者。即是煩	003	解 者 令 解  言 未 解 集 諦  令 解 集 諦  集 者  即 是 煩 
ZH_X61_1162_003:0561a22	惱潤業。能招聚生死。亦有二種。一。四住地煩惱。	003	惱 潤 業  能 招 聚 生 死  亦 有 二 種  一  四 住 地 煩 惱  
ZH_X61_1162_003:0561a23	潤分段生死業。能招集煩惱生死苦果也。二。無	003	潤 分段生死 業  能 招 集 煩 惱 生 死 苦 果 也  二  無 
ZH_X61_1162_003:0561a24	明住地煩惱。潤變易生死業。能招集變易生死	003	明 住 地 煩 惱  潤 變易生死 業  能 招 集 變易生死 
ZH_X61_1162_003:0561b01	苦果也。若一切未解此二種集者。菩薩發心。願	003	苦 果 也  若 一 切 未 解 此 二 種 集 者  菩 薩 發 心  願 
ZH_X61_1162_003:0561b02	令得解。即煩惱無盡誓願斷也。三。未安者令安。	003	令 得 解  即 煩 惱 無 盡 誓 願 斷 也  三  未 安 者 令 安  
ZH_X61_1162_003:0561b03	言未安道諦。令安道諦。即是能通涅槃之正助	003	言 未 安 道 諦  令 安 道 諦  即 是 能 通 涅 槃 之 正 助 
ZH_X61_1162_003:0561b04	道也。亦有二種。一。偏緣真諦。修正助道。此道但	003	道 也  亦 有 二 種  一  偏 緣 真 諦  修 正 助 道  此 道 但 
ZH_X61_1162_003:0561b05	得至小乘盡苦涅槃。二。正緣中道實相。修正助	003	得 至 小 乘 盡 苦 涅 槃  二  正 緣 中 道 實 相  修 正 助 
ZH_X61_1162_003:0561b06	道。此道能到大乘大般涅槃。若一切未安此二	003	道  此 道 能 到 大 乘 大 般 涅 槃  若 一 切 未 安 此 二 
ZH_X61_1162_003:0561b07	種道者。菩薩發心。願令得安。即法門無量誓願	003	種 道 者  菩 薩 發 心  願 令 得 安  即 法 門 無 量 誓 願 
ZH_X61_1162_003:0561b08	學也。四。未涅槃者。令得涅槃。言未得滅諦。令得	003	學 也  四  未 涅 槃 者  令 得 涅 槃  言 未 得 滅 諦  令 得 
ZH_X61_1162_003:0561b09	滅諦。滅諦者。即是業煩惱滅。生死苦果滅也。亦	003	滅 諦  滅 諦 者  即 是 業 煩 惱 滅  生 死 苦 果 滅 也  亦 
ZH_X61_1162_003:0561b10	有二種。一。分段生死業。四住地煩惱滅。則分段	003	有 二 種  一  分段生死 業  四 住 地 煩 惱 滅  則 分 段 
ZH_X61_1162_003:0561b11	生死苦果滅。即二乘所得滅諦也。一。變易生死	003	生 死 苦 果 滅  即 二 乘 所 得 滅 諦 也  一  變易生死 
ZH_X61_1162_003:0561b12	業。無明住地煩惱滅。即變易生死苦果滅。諸佛	003	業  無明住地 煩 惱 滅  即 變易生死 苦 果 滅  諸 佛 
ZH_X61_1162_003:0561b13	及大菩薩。所得不共。究竟滅諦也。若一切未得	003	及 大 菩 薩  所 得 不 共  究 竟 滅 諦 也  若 一 切 未 得 
ZH_X61_1162_003:0561b14	此二種滅諦者。菩薩發心。願令得滅。即佛道無	003	此 二 種 滅 諦 者  菩 薩 發 心  願 令 得 滅  即 佛 道 無 
ZH_X61_1162_003:0561b15	上誓願成也。既已發心。須行行填願。於三阿僧	003	上 誓 願 成 也  既 已 發 心  須 行 行 填 願  於 三 阿 僧 
ZH_X61_1162_003:0561b16	祇修六度行。百劫種相好○永嘉集曰。如其心	003	祇 修 六 度 行  百 劫 種 相 好  永 嘉 集 曰  如 其 心 
ZH_X61_1162_003:0561b17	無所緣。而能利物。慈悲至大。愛見不拘。人法俱	003	無 所 緣  而 能 利 物  慈 悲 至 大  愛 見 不 拘  人 法 俱 
ZH_X61_1162_003:0561b18	空。故名菩薩。原其所修六度而為正因。行施。則	003	空  故 名 菩 薩  原 其 所 修 六 度 而 為 正 因  行 施  則 
ZH_X61_1162_003:0561b19	盡命傾財。持戒。則吉羅無犯。忍辱。則深明非我。	003	盡 命 傾 財  持 戒  則 吉 羅 無 犯  忍 辱  則 深 明 非 我  
ZH_X61_1162_003:0561b20	割截何傷。精進。則勤求至道。剎那無間。禪那。則	003	割 截 何 傷  精 進  則 勤 求 至 道  剎 那 無 間  禪 那  則 
ZH_X61_1162_003:0561b21	身心寂泊。安般希微。智慧。則了知緣起。自性無	003	身 心 寂 泊  安 般 希 微  智 慧  則 了 知 緣 起  自 性 無 
ZH_X61_1162_003:0561b22	生。廣修萬行。等觀羣方。下及諦緣。上該不共。大	003	生  廣 修 萬 行  等 觀 羣 方  下 及 諦 緣  上 該 不 共  大 
ZH_X61_1162_003:0561b23	誓之心普被。四攝之道通收。悲智雙運。福慧兩	003	誓 之 心 普 被  四 攝 之 道 通 收  悲 智 雙 運  福 慧 兩 
ZH_X61_1162_003:0561b24	嚴。超越二乘。獨居其上。如是。則大乘之道也○	003	嚴  超 越 二 乘  獨 居 其 上  如 是  則 大 乘 之 道 也  
ZH_X61_1162_003:0561c01	權乘諸位菩薩。即二乘。聲聞未得圓證者。非大	003	權 乘 諸 位 菩 薩  即 二 乘  聲 聞 未 得 圓 證 者  非 大 
ZH_X61_1162_003:0561c02	乘菩薩也。	003	乘 菩 薩 也  
ZH_X61_1162_003:0561c03	最上乘黃檗心要曰。如來欲說一乘真法。則	003	最 上 乘 黃 檗 心 要 曰  如 來 欲 說 一 乘 真 法  則 
ZH_X61_1162_003:0561c04	眾生不信。沒於苦海。若都不說。則墮慳貪。不為	003	眾 生 不 信  沒 於 苦 海  若 都 不 說  則 墮 慳 貪  不 為 
ZH_X61_1162_003:0561c05	眾生溥捨妙道。遂設方便。說三乘法。乘有大小。	003	眾 生 溥 捨 妙 道  遂 設 方 便  說 三 乘 法  乘 有 大 小  
ZH_X61_1162_003:0561c06	得有淺深。皆非本性。故云惟有一乘道。餘二則	003	得 有 淺 深  皆 非 本 性  故 云 惟 有 一 乘 道  餘 二 則 
ZH_X61_1162_003:0561c07	非真。然終不能顯一心法。故召迦葉。別付一心。	003	非 真  然 終 不 能 顯 一 心 法  故 召 迦 葉  別 付 一 心  
ZH_X61_1162_003:0561c08	離言說法。此一枝令別行。若契悟者。便至佛道	003	離 言 說 法  此 一 枝 令 別 行  若 契 悟 者  便 至 佛 道 
ZH_X61_1162_003:0561c09	矣○宗鏡錄曰。眾盲觸象。各言己得見象。其觸	003	矣  宗 鏡 錄 曰  眾 盲 觸 象  各 言 己 得 見 象  其 觸 
ZH_X61_1162_003:0561c10	牙者。言象形如萊菔。觸耳者。言象形如箕。觸鼻	003	牙 者  言 象 形 如 萊 菔  觸 耳 者  言 象 形 如 箕  觸 鼻 
ZH_X61_1162_003:0561c11	者。言象形如杵。觸蹄者。言象形如臼。觸腹者。言	003	者  言 象 形 如 杵  觸 蹄 者  言 象 形 如 臼  觸 腹 者  言 
ZH_X61_1162_003:0561c12	象形如床。眾相之外。更無別象。但非象之全體。	003	象 形 如 床  眾 相 之 外  更 無 別 象  但 非 象 之 全 體  
ZH_X61_1162_003:0561c13	不可以言見象也。欲見象之全體者。其唯明眼	003	不 可 以 言 見 象 也  欲 見 象 之 全 體 者  其 唯 明 眼 
ZH_X61_1162_003:0561c14	之人乎。今聲聞之四諦。緣覺之十二緣。菩薩之	003	之 人 乎  今 聲 聞 之 四 諦  緣 覺 之 十 二 緣  菩 薩 之 
ZH_X61_1162_003:0561c15	六度。雖皆佛法。終非佛道之全。不可以言佛也	003	六 度  雖 皆 佛 法  終 非 佛 道 之 全  不 可 以 言 佛 也 
ZH_X61_1162_003:0561c16	欲得佛之全體者。其唯最上乘乎。	003	欲 得 佛 之 全 體 者  其 唯 最 上 乘 乎  
ZH_X61_1162_003:0561c17	發菩提心華嚴經曰。發菩提心者。發大悲心。	003	發菩提心 華 嚴 經 曰  發菩提心 者  發 大 悲 心  
ZH_X61_1162_003:0561c18	普救一切眾生故。發大慈心。等祐一切世間故。	003	普 救 一 切 眾 生 故  發 大 慈 心  等 祐 一切世間 故  
ZH_X61_1162_003:0561c19	發安樂心。令一切眾生滅諸苦故。發饒益心。令	003	發 安 樂 心  令 一 切 眾 生 滅 諸 苦 故  發 饒 益 心  令 
ZH_X61_1162_003:0561c20	一切眾生離惡法故。發哀愍心。有怖畏者咸守	003	一 切 眾 生 離 惡 法 故  發 哀 愍 心  有 怖 畏 者 咸 守 
ZH_X61_1162_003:0561c21	護故。發無碍心。捨離一切諸障碍故。發廣大心。	003	護 故  發 無 碍 心  捨 離 一 切 諸 障 碍 故  發 廣 大 心  
ZH_X61_1162_003:0561c22	一切法界咸徧滿故。發無邊心。等虗空界。無不	003	一 切 法 界 咸 徧 滿 故  發 無 邊 心  等 虗 空 界  無 不 
ZH_X61_1162_003:0561c23	往故。發寬愽心。悉見一切諸如來故。發智慧心。	003	往 故  發 寬 愽 心  悉 見 一切諸如來 故  發 智 慧 心  
ZH_X61_1162_003:0561c24	普入一切智慧海故。是名發菩提心○宗鏡錄	003	普 入 一 切 智 慧 海 故  是 名 發菩提心  宗 鏡 錄 
ZH_X61_1162_003:0562a01	曰。海中有寶。名曰寶藏。普現海中莊嚴事。菩提	003	曰  海 中 有 寶  名 曰 寶 藏  普 現 海 中 莊 嚴 事  菩 提 
ZH_X61_1162_003:0562a02	心寶。亦復如是。普現一切智海諸莊嚴事。	003	心 寶  亦復如是  普 現 一 切 智 海 諸 莊 嚴 事  
ZH_X61_1162_003:0562a03	阿耨多羅三藐三菩提蓮師疏云。阿者。此云	003	阿耨多羅三藐三菩提 蓮 師 疏 云  阿 者  此 云 
ZH_X61_1162_003:0562a04	無。耨多羅。此云上。三藐。此云正等。三菩提。此云	003	無  耨 多 羅  此 云 上  三 藐  此 云 正 等  三 菩 提  此 云 
ZH_X61_1162_003:0562a05	正覺。言無上正等正覺也。鈔云。究竟極果。對下	003	正 覺  言 無 上 正 等 正 覺 也  鈔 云  究 竟 極 果  對 下 
ZH_X61_1162_003:0562a06	而言。名之曰無上。正觀真諦。對邪而言。名之曰	003	而 言  名 之 曰 無 上  正 觀 真 諦  對 邪 而 言  名 之 曰 
ZH_X61_1162_003:0562a07	正。等觀俗諦。對偏而言。名之曰等。亦名曰徧。覺	003	正  等 觀 俗 諦  對 偏 而 言  名 之 曰 等  亦 名 曰 徧  覺 
ZH_X61_1162_003:0562a08	者靈明自心。正覺者。兼上正等二義。言此覺者。	003	者 靈 明 自 心  正 覺 者  兼 上 正 等 二 義  言 此 覺 者  
ZH_X61_1162_003:0562a09	是無上正等之正覺也。良以蠢動含靈。皆有佛	003	是 無 上 正 等 之 正 覺 也  良 以 蠢 動 含 靈  皆 有 佛 
ZH_X61_1162_003:0562a10	性則菩提者。佛與眾生本來無二。無明所覆。遂	003	性 則 菩 提 者  佛 與 眾 生 本 來 無 二  無 明 所 覆  遂 
ZH_X61_1162_003:0562a11	成迷妄。是則邪覺。不名為正。聲聞辟支。止破見	003	成 迷 妄  是 則 邪 覺  不 名 為 正  聲 聞 辟 支  止 破 見 
ZH_X61_1162_003:0562a12	思。雖得菩提其道未中。是則偏覺。不名為等。一	003	思  雖 得 菩 提 其 道 未 中  是 則 偏 覺  不 名 為 等  一 
ZH_X61_1162_003:0562a13	切菩薩。已盡塵沙。未盡無明。雖得正等菩提。佛	003	切 菩 薩  已 盡 塵 沙  未 盡 無 明  雖 得 正等菩提  佛 
ZH_X61_1162_003:0562a14	道猶遠。不名無上。惟佛一人。妄盡覺滿。如望夜	003	道 猶 遠  不 名 無 上  惟 佛 一 人  妄 盡 覺 滿  如 望 夜 
ZH_X61_1162_003:0562a15	月更無有覺過於此者。名無上正等正覺也○	003	月 更 無 有 覺 過 於 此 者  名 無 上 正 等 正 覺 也  
ZH_X61_1162_003:0562a16	維摩經曰。菩提者。不可以身得。不可以心得。寂	003	維 摩 經 曰  菩 提 者  不 可 以 身 得  不 可 以 心 得  寂 
ZH_X61_1162_003:0562a17	滅是也。菩提滅諸相故。不觀是菩提。離諸緣故。	003	滅 是 也  菩 提 滅 諸 相 故  不 觀 是 菩 提  離 諸 緣 故  
ZH_X61_1162_003:0562a18	不行是菩提。無憶念故。斷是菩提。捨諸見故。離	003	不 行 是 菩 提  無 憶 念 故  斷 是 菩 提  捨 諸 見 故  離 
ZH_X61_1162_003:0562a19	是菩提。離諸妄想故。障是菩提。障諸願故。不入	003	是 菩 提  離 諸 妄 想 故  障 是 菩 提  障 諸 願 故  不 入 
ZH_X61_1162_003:0562a20	是菩提。無貪著故。順是菩提。順於如來故。住是	003	是 菩 提  無 貪 著 故  順 是 菩 提  順 於 如 來 故  住 是 
ZH_X61_1162_003:0562a21	菩提。住法性故。至是菩提。至實際故。不二是菩	003	菩 提  住 法 性 故  至 是 菩 提  至 實 際 故  不 二 是 菩 
ZH_X61_1162_003:0562a22	提。離意法故。等是菩提。等虗空故。無為是菩提。	003	提  離 意 法 故  等 是 菩 提  等 虗 空 故  無 為 是 菩 提  
ZH_X61_1162_003:0562a23	無生住滅故。知是菩提。了眾生心行故。不會是	003	無 生 住 滅 故  知 是 菩 提  了 眾 生 心 行 故  不 會 是 
ZH_X61_1162_003:0562a24	菩提。諸入不會故。不合是菩提。離煩惱習故。無	003	菩 提  諸 入 不 會 故  不 合 是 菩 提  離 煩 惱 習 故  無 
ZH_X61_1162_003:0562b01	處是菩提。無形色故。假名是菩提。名字空故。如	003	處 是 菩 提  無 形 色 故  假 名 是 菩 提  名 字 空 故  如 
ZH_X61_1162_003:0562b02	化是菩提。無取捨故。無是菩提。常自靜故。善寂	003	化 是 菩 提  無 取 捨 故  無 是 菩 提  常 自 靜 故  善 寂 
ZH_X61_1162_003:0562b03	是菩提。性清靜故。無取是菩提。離攀緣故。無異	003	是 菩 提  性 清 靜 故  無 取 是 菩 提  離 攀 緣 故  無 異 
ZH_X61_1162_003:0562b04	是菩提。諸法等故。無比是菩提。無所諭故。微妙	003	是 菩 提  諸 法 等 故  無 比 是 菩 提  無 所 諭 故  微 妙 
ZH_X61_1162_003:0562b05	是菩提。諸法難知故○僧肇曰。道之極者。稱曰	003	是 菩 提  諸 法 難 知 故  僧 肇 曰  道 之 極 者  稱 曰 
ZH_X61_1162_003:0562b06	菩提。盖是正覺無相之真智乎。	003	菩 提  盖 是 正 覺 無 相 之 真 智 乎  
ZH_X61_1162_003:0562b07	○附四諦初門曰。諦以審實為義。此四諦法	003	 附 四 諦 初 門 曰  諦 以 審 實 為 義  此 四 諦 法 
ZH_X61_1162_003:0562b08	門。正為聲聞人。從聞生解。故必藉教詮理。今明	003	門  正 為 聲 聞 人  從 聞 生 解  故 必 藉 教 詮 理  今 明 
ZH_X61_1162_003:0562b09	教理不虗。故云審實也○一。苦諦。苦以逼惱為	003	教 理 不 虗  故 云 審 實 也  一  苦 諦  苦 以 逼 惱 為 
ZH_X61_1162_003:0562b10	義。一切有為心行。常為無常患累之所逼惱。故	003	義  一 切 有 為 心 行  常 為 無 常 患 累 之 所 逼 惱  故 
ZH_X61_1162_003:0562b11	名苦諦。二。集諦者。集以招聚為義。若心與結業	003	名 苦 諦  二  集 諦 者  集 以 招 聚 為 義  若 心 與 結 業 
ZH_X61_1162_003:0562b12	相應。未來定能招聚生死之苦。故名集諦。三滅	003	相 應  未 來 定 能 招 聚 生 死 之 苦  故 名 集 諦  三 滅 
ZH_X61_1162_003:0562b13	諦者。滅以滅無為義。結業既盡。則無生死之患	003	諦 者  滅 以 滅 無 為 義  結 業 既 盡  則 無 生 死 之 患 
ZH_X61_1162_003:0562b14	累。故名為滅。若發見思無漏真明。而斷結者。則	003	累  故 名 為 滅  若 發 見 思 無 漏 真 明  而 斷 結 者  則 
ZH_X61_1162_003:0562b15	三界九十八使俱滅。以煩惱結使滅。故三界業	003	三 界 九 十 八 使 俱 滅  以 煩 惱 結 使 滅  故 三 界 業 
ZH_X61_1162_003:0562b16	亦滅。若三界業煩惱滅者。即是滅諦。有餘涅槃	003	亦 滅  若 三 界 業 煩 惱 滅 者  即 是 滅 諦  有餘涅槃 
ZH_X61_1162_003:0562b17	也。因滅故果滅。捨此報身時。後世苦果。永不相	003	也  因 滅 故 果 滅  捨 此 報 身 時  後 世 苦 果  永 不 相 
ZH_X61_1162_003:0562b18	續。名入無餘涅槃。真滅度也。四。道諦者。道以能	003	續  名 入無餘涅槃  真 滅 度 也  四  道 諦 者  道 以 能 
ZH_X61_1162_003:0562b19	通為義。正道及助道。是二相扶。能通至涅槃。故	003	通 為 義  正 道 及 助 道  是 二 相 扶  能 通 至 涅 槃  故 
ZH_X61_1162_003:0562b20	名為道正道實觀三十七品。三解脫門。緣理慧	003	名 為 道 正 道 實 觀 三十七品  三解脫門  緣 理 慧 
ZH_X61_1162_003:0562b21	行。名為正道。助道者。得解觀中。種種諸對治法。	003	行  名 為 正 道  助 道 者  得 解 觀 中  種 種 諸 對 治 法  
ZH_X61_1162_003:0562b22	及諸禪定。皆為助道。審定不虗。即是道諦○四	003	及 諸 禪 定  皆 為 助 道  審 定 不 虗  即 是 道 諦  四 
ZH_X61_1162_003:0562b23	教儀云。四諦之中。分世出世間。前二諦為世間	003	教 儀 云  四 諦 之 中  分 世出世間  前 二 諦 為 世 間 
ZH_X61_1162_003:0562b24	因果。苦因集果也。後二諦為出世間因果。滅果	003	因 果  苦 因 集 果 也  後 二 諦 為 出 世 間 因 果  滅 果 
ZH_X61_1162_003:0562c01	道因也。問。何故世出世前果後因耶。答。聲聞根	003	道 因 也  問  何 故 世 出 世 前 果 後 因 耶  答  聲 聞 根 
ZH_X61_1162_003:0562c02	鈍。知苦斷集。慕果修因。是故然也○合七法為	003	鈍  知 苦 斷 集  慕 果 修 因  是 故 然 也  合 七 法 為 
ZH_X61_1162_003:0562c03	三十七品。一。四念處。二。四正勤。三。四如意足。四。	003	三十七品  一  四 念 處  二  四 正 勤  三  四如意足  四  
ZH_X61_1162_003:0562c04	五根。五。五力。六。七覺分。七。八正道也。一。四念處	003	五 根  五  五 力  六  七 覺 分  七  八 正 道 也  一  四 念 處 
ZH_X61_1162_003:0562c05	者。一身念處二受念處。三心念處。四法念處也。	003	者  一 身 念 處 二 受 念 處  三 心 念 處  四 法 念 處 也  
ZH_X61_1162_003:0562c06	二。四正勤者。一。已生惡法為除斷。一心勤精進。	003	二  四 正 勤 者  一  已 生 惡 法 為 除 斷  一 心 勤 精 進  
ZH_X61_1162_003:0562c07	二。未生惡法不令生。一心勤精進。三。未生善法	003	二  未 生 惡 法 不 令 生  一 心 勤 精 進  三  未 生 善 法 
ZH_X61_1162_003:0562c08	為生。一心勤精進。四。已生善法增長。一心勤精	003	為 生  一 心 勤 精 進  四  已 生 善 法 增 長  一 心 勤 精 
ZH_X61_1162_003:0562c09	進。三。四如意足者。一。欲如意足。二。精進如意足。	003	進  三  四如意足 者  一  欲 如 意 足  二  精 進如意足  
ZH_X61_1162_003:0562c10	三。心如意足。四。思惟如意足也。下四五六七。俱	003	三  心如意足  四  思 惟 如 意 足 也  下 四 五 六 七  俱 
ZH_X61_1162_003:0562c11	見阿彌陀經考證三解脫門者。見修禪章明宗	003	見 阿 彌 陀 經 考 證 三解脫門 者  見 修 禪 章 明 宗 
ZH_X61_1162_003:0562c12	篇考證。	003	篇 考 證  
ZH_X61_1162_003:0562c13	西方願文(蓮池禪師撰)	003	西 方 願 文  蓮 池 禪 師 撰  
ZH_X61_1162_003:0562c14	　稽首西方安樂國　　接引眾生大導師	003	 稽 首 西 方 安 樂 國   接 引 眾 生 大 導 師 
ZH_X61_1162_003:0562c15	　我今發願願往生　　惟願慈悲哀攝受	003	 我 今 發 願 願 往 生   惟 願 慈 悲 哀 攝 受 
ZH_X61_1162_003:0562c16	弟子(某甲眾等)普為四恩三有。法界眾生。求於諸佛。一	003	弟 子  某 甲 眾 等  普 為 四 恩 三 有  法 界 眾 生  求 於 諸 佛  一 
ZH_X61_1162_003:0562c17	乘無上菩提道故。專心持念阿彌陀佛。萬德洪名。	003	乘 無上菩提 道 故  專 心 持 念 阿 彌 陀 佛  萬 德 洪 名  
ZH_X61_1162_003:0562c18	期生淨土。又以業重福輕。障深慧淺。染心易熾。淨	003	期 生 淨 土  又 以 業 重 福 輕  障 深 慧 淺  染 心 易 熾  淨 
ZH_X61_1162_003:0562c19	德難成。今於佛前。翹勤五體。披瀝一心。投誠懺悔。	003	德 難 成  今 於 佛 前  翹 勤 五 體  披 瀝 一 心  投 誠 懺 悔  
ZH_X61_1162_003:0562c20	我及眾生。曠劫至今。迷本淨心。縱貪嗔癡。染穢三	003	我 及 眾 生  曠 劫 至 今  迷 本 淨 心  縱 貪 嗔 癡  染 穢 三 
ZH_X61_1162_003:0562c21	業。無量無邊所作罪垢。無量無邊所結冤業。願悉	003	業  無量無邊 所 作 罪 垢  無量無邊 所 結 冤 業  願 悉 
ZH_X61_1162_003:0562c22	消滅。從於今日。立深誓願。遠離惡法。誓不更造。勤	003	消 滅  從 於 今 日  立 深 誓 願  遠 離 惡 法  誓 不 更 造  勤 
ZH_X61_1162_003:0562c23	脩聖道。誓不退隋。誓成正覺。誓度眾生。阿彌陀佛	003	脩 聖 道  誓 不 退 隋  誓 成 正 覺  誓 度 眾 生  阿 彌 陀 佛 
ZH_X61_1162_003:0562c24	以慈悲願力。當證知我。當哀愍我。當加被我。願禪	003	以 慈 悲 願 力  當 證 知 我  當 哀 愍 我  當 加 被 我  願 禪 
ZH_X61_1162_003:0563a01	觀之中。夢寐之際。得見阿彌陀佛金色之身。得歷	003	觀 之 中  夢 寐 之 際  得 見 阿 彌 陀 佛 金 色 之 身  得 歷 
ZH_X61_1162_003:0563a02	阿彌陀佛寶嚴之土。得蒙阿彌陀佛。甘露灌頂。光	003	阿 彌 陀 佛 寶 嚴 之 土  得 蒙 阿 彌 陀 佛  甘 露 灌 頂  光 
ZH_X61_1162_003:0563a03	明照身。手摩我頭。衣覆我體。使我宿障自除。善根	003	明 照 身  手 摩 我 頭  衣 覆 我 體  使 我 宿 障 自 除  善 根 
ZH_X61_1162_003:0563a04	增長。疾空煩惱。頓破無明。圓覺妙心。廓然開悟。寂	003	增 長  疾 空 煩 惱  頓 破 無 明  圓 覺 妙 心  廓 然 開 悟  寂 
ZH_X61_1162_003:0563a05	光真境。常得現前。至於臨欲命終。預知時至。身無	003	光 真 境  常 得 現 前  至 於 臨 欲 命 終  預 知 時 至  身 無 
ZH_X61_1162_003:0563a06	一切病苦厄難。心無一切貪戀迷惑。諸根悅豫。正	003	一 切 病 苦 厄 難  心 無 一 切 貪 戀 迷 惑  諸 根 悅 豫  正 
ZH_X61_1162_003:0563a07	念分明。捨報安詳。如入禪定。阿彌陀佛。與觀音勢	003	念 分 明  捨 報 安 詳  如 入 禪 定  阿 彌 陀 佛  與 觀 音 勢 
ZH_X61_1162_003:0563a08	至諸聖賢眾。放光接引。垂手提携。樓閣幢旛。異香	003	至 諸 聖 賢 眾  放 光 接 引  垂 手 提 携  樓 閣 幢 旛  異 香 
ZH_X61_1162_003:0563a09	天樂。西方聖境。昭示目前。令諸眾生。見者聞者。歡	003	天 樂  西 方 聖 境  昭 示 目 前  令 諸 眾 生  見 者 聞 者  歡 
ZH_X61_1162_003:0563a10	喜感嘆。發菩提心。我於爾時。乘金剛臺。隨從佛後。	003	喜 感 嘆  發菩提心  我 於 爾 時  乘 金 剛 臺  隨 從 佛 後  
ZH_X61_1162_003:0563a11	如彈指頃。生極樂國。七寶池內。勝蓮華中。華開見	003	如 彈 指 頃  生 極 樂 國  七 寶 池 內  勝 蓮 華 中  華 開 見 
ZH_X61_1162_003:0563a12	佛。見諸菩薩。聞妙法音。獲無生忍。於須臾間承事	003	佛  見 諸 菩 薩  聞 妙 法 音  獲 無 生 忍  於 須 臾 間 承 事 
ZH_X61_1162_003:0563a13	諸佛。親蒙授記得授記已。三身四智。五眼六通。無	003	諸 佛  親 蒙 授 記 得 授 記 已  三 身 四 智  五 眼 六 通  無 
ZH_X61_1162_003:0563a14	量百千陀羅尼門。一切功德。皆悉成就。然後不違	003	量 百 千 陀羅尼門  一切功德  皆 悉 成 就  然 後 不 違 
ZH_X61_1162_003:0563a15	安養。迴入娑婆。分身無數。徧十方剎。以不可思議	003	安 養  迴 入 娑 婆  分 身 無 數  徧 十 方 剎  以 不可思議 
ZH_X61_1162_003:0563a16	自在神力種種方便。度脫眾生。咸令離染。還得淨	003	自在神力 種 種 方 便  度 脫 眾 生  咸 令 離 染  還 得 淨 
ZH_X61_1162_003:0563a17	心。同生西方。入不退地。如是大願。世界無盡。眾生	003	心  同 生 西 方  入 不 退 地  如 是 大 願  世 界 無 盡  眾 生 
ZH_X61_1162_003:0563a18	無盡。業及煩惱。一切無盡。我願無盡。願今禮佛發	003	無 盡  業 及 煩 惱  一 切 無 盡  我 願 無 盡  願 今 禮 佛 發 
ZH_X61_1162_003:0563a19	願。修持功德。回施有情。四恩總報。三有齊資。法界	003	願  修 持 功 德  回 施 有 情  四 恩 總 報  三 有 齊 資  法 界 
ZH_X61_1162_003:0563a20	眾生。同圓種智。	003	眾 生  同 圓 種 智  
ZH_X61_1162_003:0563a21	考證四恩父母。師長。國王。施主。	003	考 證 四 恩 父 母  師 長  國 王  施 主  
ZH_X61_1162_003:0563a22	三有欲有。色有。無色有。即三界之因果不忘。	003	三 有 欲 有  色 有  無 色 有  即 三 界 之 因 果 不 忘  
ZH_X61_1162_003:0563a23	故名為有也。	003	故 名 為 有 也  
ZH_X61_1162_003:0563a24	五體二肘。二膝。及額也。	003	五 體 二 肘  二 膝  及 額 也  
ZH_X61_1162_003:0563b01	懺悔壇經曰。懺悔者。懺其前非。從前所有惡	003	懺 悔 壇 經 曰  懺 悔 者  懺 其 前 非  從 前 所 有 惡 
ZH_X61_1162_003:0563b02	業。愚迷憍誑嫉妬等罪。悉皆盡懺。永不復起。是	003	業  愚 迷 憍 誑 嫉 妬 等 罪  悉 皆 盡 懺  永 不 復 起  是 
ZH_X61_1162_003:0563b03	名為懺。悔者。悔其後過。從今已後。所有惡業。愚	003	名 為 懺  悔 者  悔 其 後 過  從 今 已 後  所 有 惡 業  愚 
ZH_X61_1162_003:0563b04	迷憍誑嫉妬等罪。今已覺悟。悉皆永斷。更不復	003	迷 憍 誑 嫉 妬 等 罪  今 已 覺 悟  悉 皆 永 斷  更 不 復 
ZH_X61_1162_003:0563b05	作。是名為悔。故稱懺悔。凡夫愚迷。只知懺其前	003	作  是 名 為 悔  故 稱 懺 悔  凡 夫 愚 迷  只 知 懺 其 前 
ZH_X61_1162_003:0563b06	愆。不知悔其後過。以不悔故。前愆不滅。後過又	003	愆  不 知 悔 其 後 過  以 不 悔 故  前 愆 不 滅  後 過 又 
ZH_X61_1162_003:0563b07	生。何名懺悔○發隱曰。冥祥記云。沙門慧達。於	003	生  何 名 懺 悔  發 隱 曰  冥 祥 記 云  沙 門 慧 達  於 
ZH_X61_1162_003:0563b08	地府見觀世音菩薩。言沙門白衣。見身為過。及	003	地 府 見 觀 世 音 菩 薩  言 沙 門 白 衣  見 身 為 過  及 
ZH_X61_1162_003:0563b09	宿世罪。種種惡業。能於眾中盡自發露。勤誠懺	003	宿 世 罪  種 種 惡 業  能 於 眾 中 盡 自 發 露  勤 誠 懺 
ZH_X61_1162_003:0563b10	悔罪即消滅。觀此。則知懺悔功德。不可勝量。菩	003	悔 罪 即 消 滅  觀 此  則 知 懺 悔 功 德  不 可 勝 量  菩 
ZH_X61_1162_003:0563b11	薩於幽顯中。皆教人悔罪也○宗鏡錄曰。若欲	003	薩 於 幽 顯 中  皆 教 人 悔 罪 也  宗 鏡 錄 曰  若 欲 
ZH_X61_1162_003:0563b12	懺悔者。端坐念實相。則直了無生之心。當處解	003	懺 悔 者  端 坐 念 實 相  則 直 了 無 生 之 心  當 處 解 
ZH_X61_1162_003:0563b13	脫。此大懺悔也。故云斷惑懺罪。比餘漸教。如[疊*毛]	003	脫  此 大 懺 悔 也  故 云 斷 惑 懺 罪  比 餘 漸 教  如 [疊毛] 
ZH_X61_1162_003:0563b14	花千斤。不如真金一兩○四教儀論懺悔有二。	003	花 千 斤  不 如 真 金 一 兩  四 教 儀 論 懺 悔 有 二  
ZH_X61_1162_003:0563b15	一事懺。二理懺。今壇經發隱所論。事懺也。宗鏡	003	一 事 懺  二 理 懺  今 壇 經 發 隱 所 論  事 懺 也  宗 鏡 
ZH_X61_1162_003:0563b16	所言。理懺也。未悟其理者。事為急矣。	003	所 言  理 懺 也  未 悟 其 理 者  事 為 急 矣  
ZH_X61_1162_003:0563b17	手摩衣覆法華經云。若有受持讀誦法華經	003	手 摩 衣 覆 法 華 經 云  若 有 受持讀誦 法 華 經 
ZH_X61_1162_003:0563b18	者。當知是人。為釋迦牟尼手摩其頭。衣之所覆	003	者  當 知 是 人  為 釋 迦 牟 尼 手 摩 其 頭  衣 之 所 覆 
ZH_X61_1162_003:0563b19	○往生集云。晉劉遺民於定中。見阿彌陀佛手	003	 往 生 集 云  晉 劉 遺 民 於 定 中  見 阿 彌 陀 佛 手 
ZH_X61_1162_003:0563b20	摩其頭。引袈裟覆之。	003	摩 其 頭  引 袈 裟 覆 之  
ZH_X61_1162_003:0563b21	三身法數曰。法身如月之體。報身如月之光。	003	三 身 法 數 曰  法 身 如 月 之 體  報 身 如 月 之 光  
ZH_X61_1162_003:0563b22	應身如月之影○如來三身者。毗盧遮那。此云	003	應 身 如 月 之 影  如 來 三 身 者  毗 盧 遮 那  此 云 
ZH_X61_1162_003:0563b23	遍一切處。法身也。盧舍那。此云淨滿。報身也。釋	003	遍 一 切 處  法 身 也  盧 舍 那  此 云 淨 滿  報 身 也  釋 
ZH_X61_1162_003:0563b24	迦牟尼。此云能仁寂默。化身也○黃檗曰。佛有	003	迦 牟 尼  此 云 能 仁 寂 默  化 身 也  黃 檗 曰  佛 有 
ZH_X61_1162_003:0563c01	三身。法身說自性虗通法。報身說一切清淨法。	003	三 身  法 身 說 自 性 虗 通 法  報 身 說 一 切 清 淨 法  
ZH_X61_1162_003:0563c02	化身說六度萬行法。法身說法。不可以言語音	003	化 身 說 六 度 萬 行 法  法 身 說 法  不 可 以 言 語 音 
ZH_X61_1162_003:0563c03	聲形相文字而求。無所說。無所證。自性虗通而	003	聲 形 相 文 字 而 求  無 所 說  無 所 證  自 性 虗 通 而 
ZH_X61_1162_003:0563c04	已。故曰無法可說。是名說法。報身化身。皆隨機	003	已  故 曰 無 法 可 說  是 名 說 法  報 身 化 身  皆 隨 機 
ZH_X61_1162_003:0563c05	感現。所說法。亦隨事應為攝化。皆非真法。故曰。	003	感 現  所 說 法  亦 隨 事 應 為 攝 化  皆 非 真 法  故 曰  
ZH_X61_1162_003:0563c06	報化非真佛也。	003	報 化 非 真 佛 也  
ZH_X61_1162_003:0563c07	四智證道歌云。三身四智體中圓。註云。四智	003	四 智 證 道 歌 云  三 身 四 智 體 中 圓  註 云  四 智 
ZH_X61_1162_003:0563c08	者。大圓鏡智。平等性智。妙觀察智。成所作智也。	003	者  大圓鏡智  平等性智  妙觀察智  成所作智 也  
ZH_X61_1162_003:0563c09	束四智為三身者。以成所作智妙觀察智為化	003	束 四 智 為 三 身 者  以 成所作智 妙觀察智 為 化 
ZH_X61_1162_003:0563c10	身。平等性智為報身。圓鏡智為法身也。	003	身  平等性智 為 報 身  圓 鏡 智 為 法 身 也  
ZH_X61_1162_003:0563c11	五眼金剛經有肉眼。天眼。慧眼。法眼。佛眼○	003	五 眼 金 剛 經 有 肉 眼  天 眼  慧 眼  法 眼  佛 眼  
ZH_X61_1162_003:0563c12	肉眼者。照見胎卵濕化色身起滅因緣也。天眼	003	肉 眼 者  照 見 胎 卵 濕 化 色 身 起 滅 因 緣 也  天 眼 
ZH_X61_1162_003:0563c13	者。照見諸天宮殿。雲雨明暗。五星二曜旋復因	003	者  照 見 諸 天 宮 殿  雲 雨 明 暗  五 星 二 曜 旋 復 因 
ZH_X61_1162_003:0563c14	緣也。慧眼者。照見眾生慧性深淺。上品下生。輪	003	緣 也  慧 眼 者  照 見 眾 生 慧 性 深 淺  上 品 下 生  輪 
ZH_X61_1162_003:0563c15	迴托蔭因緣也。法眼者。照見法身徧充三界。無	003	迴 托 蔭 因 緣 也  法 眼 者  照 見 法 身 徧 充 三 界  無 
ZH_X61_1162_003:0563c16	形無相。盡虗空徧法界因緣也。佛眼者。照見佛	003	形 無 相  盡 虗 空 徧 法 界 因 緣 也  佛 眼 者  照 見 佛 
ZH_X61_1162_003:0563c17	光普照。無障無碍。圓滿十方。尋光見體。知有涅	003	光 普 照  無 障 無 碍  圓 滿 十 方  尋 光 見 體  知 有 涅 
ZH_X61_1162_003:0563c18	槃國土也。若上根上智之人。能識此五者因緣。	003	槃 國 土 也  若 上 根 上 智 之 人  能 識 此 五 者 因 緣  
ZH_X61_1162_003:0563c19	即名大乘菩薩。	003	即 名 大 乘 菩 薩  
ZH_X61_1162_003:0563c20	六通天眼。天耳。他心。宿命。漏盡。身得如意。詳	003	六 通 天 眼  天 耳  他 心  宿 命  漏 盡  身 得 如 意  詳 
ZH_X61_1162_003:0563c21	見一卷往生勝果篇○正訛集曰。道與通自別。	003	見 一 卷 往 生 勝 果 篇  正 訛 集 曰  道 與 通 自 別  
ZH_X61_1162_003:0563c22	眼徹視。耳徹聽者。通也。入色界。眼不受色惑。入	003	眼 徹 視  耳 徹 聽 者  通 也  入 色 界  眼 不 受 色 惑  入 
ZH_X61_1162_003:0563c23	聲界。耳不受聲惑者。道也。如以通而已矣。則神	003	聲 界  耳 不 受 聲 惑 者  道 也  如 以 通 而 已 矣  則 神 
ZH_X61_1162_003:0563c24	亦有通。鬼亦有通。妖亦有通。與道何涉。認通為	003	亦 有 通  鬼 亦 有 通  妖 亦 有 通  與 道 何 涉  認 通 為 
ZH_X61_1162_003:0564a01	道。遂至墮魔羅境。生外道種。可勿慎諸。	003	道  遂 至 墮 魔 羅 境  生 外 道 種  可 勿 慎 諸  
ZH_X61_1162_003:0564a02	迴入娑婆賾禪師曰。若位居不退。果證無生。	003	迴 入 娑 婆 賾 禪 師 曰  若 位 居 不 退  果 證 無 生  
ZH_X61_1162_003:0564a03	在欲。無欲居塵。出塵方能興無緣慈。運同體悲。	003	在 欲  無 欲 居 塵  出 塵 方 能 興 無 緣 慈  運 同 體 悲  
ZH_X61_1162_003:0564a04	迴入塵勞。和光五濁。其有淺聞單慧。或與少善	003	迴 入 塵 勞  和 光 五 濁  其 有 淺 聞 單 慧  或 與 少 善 
ZH_X61_1162_003:0564a05	相應。便謂永出四流。高超十地。詆訶淨土。耽戀	003	相 應  便 謂 永 出 四 流  高 超 十 地  詆 訶 淨 土  耽 戀 
ZH_X61_1162_003:0564a06	娑婆。掩目空歸。宛然流浪。並肩牛馬。接武泥犂。	003	娑 婆  掩 目 空 歸  宛 然 流 浪  並 肩 牛 馬  接 武 泥 犂  
ZH_X61_1162_003:0564a07	不知自是何人。擬此大權菩薩。由此觀之。則迴	003	不 知 自 是 何 人  擬 此 大 權 菩 薩  由 此 觀 之  則 迴 
ZH_X61_1162_003:0564a08	入娑婆。未可易言也。	003	入 娑 婆  未 可 易 言 也  
ZH_X61_1162_003:0564a09	法界出三界者。不受輪迴生死。四種聖人。諸	003	法 界 出 三 界 者  不 受 輪迴生死  四 種 聖 人  諸 
ZH_X61_1162_003:0564a10	佛菩薩緣覺聲聞是也。四聖得意生身。於三界	003	佛 菩 薩 緣 覺 聲 聞 是 也  四 聖 得 意 生 身  於 三 界 
ZH_X61_1162_003:0564a11	內外。無住無不住。總而言之。有十法界。在人用	003	內 外  無 住 無 不 住  總 而 言 之  有 十 法 界  在 人 用 
ZH_X61_1162_003:0564a12	心不同。各循行業。諸趣攝之。	003	心 不 同  各 循 行 業  諸 趣 攝 之  
ZH_X61_1162_003:0564b01	十法界之圖	003	十 法 界 之 圖 
ZH_X61_1162_003:0564b15	諸佛(修六度萬行三心圓發得證法身)	003	諸 佛  修 六 度 萬 行 三 心 圓 發 得 證 法 身  
ZH_X61_1162_003:0564b16	菩薩(修次第觀行六度行得成大乘菩薩)	003	菩 薩  修 次 第 觀 行 六 度 行 得 成 大 乘 菩 薩  
ZH_X61_1162_003:0564b17	緣覺(修體法空觀十二因緣行道成緣覺)	003	緣 覺  修 體 法 空 觀十二因緣 行 道 成 緣 覺  
ZH_X61_1162_003:0564b18	聲聞(修祈法空觀依四諦行道成阿羅漢)	003	聲 聞  修 祈 法 空 觀 依 四 諦 行 道 成 阿 羅 漢  
ZH_X61_1162_003:0564b19	諸天(修上品十善兼修禪定故得生天道)	003	諸 天  修 上 品 十 善 兼 修 禪 定 故 得 生 天 道  
ZH_X61_1162_003:0564b20	人倫(修中品十善五戒五常故得為人倫)	003	人 倫  修 中 品 十 善 五 戒 五 常 故 得 為 人 倫  
ZH_X61_1162_003:0564b21	修羅(修下品十善五常欲勝他故為修羅)	003	修 羅  修 下 品 十 善 五 常 欲 勝 他 故 為 修 羅  
ZH_X61_1162_003:0564b22	餓鬼(作下等十惡正作能悔故為餓鬼道)	003	餓 鬼  作 下 等 十 惡 正 作 能 悔 故 為 餓 鬼 道  
ZH_X61_1162_003:0564b23	畜生(作中等十惡作已能悔故為之畜生)	003	畜 生  作 中 等 十 惡 作 已 能 悔 故 為 之 畜 生  
ZH_X61_1162_003:0564b24	地獄(作上等十惡作已不能悔故墮地獄)	003	地 獄  作 上 等 十 惡 作 已 不 能 悔 故 墮 地 獄  
ZH_X61_1162_003:0564c01	天如祖師十法界圖解○天如祖師升座云。若	003	天 如 祖 師 十 法 界 圖 解  天 如 祖 師 升 座 云  若 
ZH_X61_1162_003:0564c02	人欲了知三世一切佛。應觀法界性。一切惟心	003	人 欲 了 知 三 世 一 切 佛  應 觀 法 界 性  一 切 惟 心 
ZH_X61_1162_003:0564c03	造。世出世間。聖凡境界。只此一偈。包括無餘。所	003	造  世出世間  聖 凡 境 界  只 此 一 偈  包 括 無 餘  所 
ZH_X61_1162_003:0564c04	言法界者。有四聖六凡。合成為十界。是十法界。	003	言 法 界 者  有 四 聖 六 凡  合 成 為 十 界  是 十 法 界  
ZH_X61_1162_003:0564c05	本無自體。本無自性。亦無自種亦無自根。皆惟	003	本 無 自 體  本 無 自 性  亦 無 自 種 亦 無 自 根  皆 惟 
ZH_X61_1162_003:0564c06	一心之所造也。所言心者。如大虗空。本來清淨。	003	一 心 之 所 造 也  所 言 心 者  如 大 虗 空  本 來 清 淨  
ZH_X61_1162_003:0564c07	不知何故而言法界惟心造哉。原夫此心。雖曰	003	不 知 何 故 而 言 法 界 惟 心 造 哉  原 夫 此 心  雖 曰 
ZH_X61_1162_003:0564c08	不變。而亦隨緣。以其隨緣。故曰能造。隨緣者。或	003	不 變  而 亦 隨 緣  以 其 隨 緣  故 曰 能 造  隨 緣 者  或 
ZH_X61_1162_003:0564c09	因一念瞥生。或因外境相觸。故曰因緣。纔有因	003	因 一 念 瞥 生  或 因 外 境 相 觸  故 曰 因 緣  纔 有 因 
ZH_X61_1162_003:0564c10	緣。便成法界譬如水體本淨。遭遇風觸。則波浪	003	緣  便 成 法 界 譬 如 水 體 本 淨  遭 遇 風 觸  則 波 浪 
ZH_X61_1162_003:0564c11	隨生。故曰水能造波。波因水而有也。心能造法	003	隨 生  故 曰 水 能 造 波  波 因 水 而 有 也  心 能 造 法 
ZH_X61_1162_003:0564c12	界法界因心而有也。然則一乘任運。萬德莊嚴	003	界 法 界 因 心 而 有 也  然 則 一 乘 任 運  萬 德 莊 嚴 
ZH_X61_1162_003:0564c13	者。諸佛之法界也。圓修六度。總攝萬行者。菩薩	003	者  諸 佛 之 法 界 也  圓 修 六 度  總 攝 萬 行 者  菩 薩 
ZH_X61_1162_003:0564c14	之法界也。見局因緣。證偏空理者。緣覺之法界	003	之 法 界 也  見 局 因 緣  證 偏 空 理 者  緣 覺 之 法 界 
ZH_X61_1162_003:0564c15	也。功成四諦。歸小涅槃者。聲聞之法界也。廣修	003	也  功 成 四 諦  歸 小 涅 槃 者  聲 聞 之 法 界 也  廣 修 
ZH_X61_1162_003:0564c16	戒善作有漏因者。天道之法界也。愛染不息。雜	003	戒 善 作 有 漏 因 者  天 道 之 法 界 也  愛 染 不 息  雜 
ZH_X61_1162_003:0564c17	諸善緣者。人道之法界也。鈍執勝心。常懷嗔鬪	003	諸 善 緣 者  人 道 之 法 界 也  鈍 執 勝 心  常 懷 嗔 鬪 
ZH_X61_1162_003:0564c18	者。修羅之法界也。愛見為根。慳貪為業者。餓鬼	003	者  修 羅 之 法 界 也  愛 見 為 根  慳 貪 為 業 者  餓 鬼 
ZH_X61_1162_003:0564c19	之法界也。欲貪不息。痴想橫生者。畜生之法界	003	之 法 界 也  欲 貪 不 息  痴 想 橫 生 者  畜 生 之 法 界 
ZH_X61_1162_003:0564c20	也。造十習因。受六交報者。地獄之法界也。若廣	003	也  造 十 習 因  受 六 交 報 者  地 獄 之 法 界 也  若 廣 
ZH_X61_1162_003:0564c21	而論之。有種種之法界。皆由此心隨緣變造。若	003	而 論 之  有 種 種 之 法 界  皆 由 此 心 隨 緣 變 造  若 
ZH_X61_1162_003:0564c22	能一心不生。了悟了證。則種種法界。隨其所了	003	能 一 心 不 生  了 悟 了 證  則 種 種 法 界  隨 其 所 了 
ZH_X61_1162_003:0564c23	而空也。是故十習既斷。六交不生。地獄之心了	003	而 空 也  是 故 十 習 既 斷  六 交 不 生  地 獄 之 心 了 
ZH_X61_1162_003:0564c24	也。欲貪既斷。痴想不生。畜生之心了也。愛見既	003	也  欲 貪 既 斷  痴 想 不 生  畜 生 之 心 了 也  愛 見 既 
ZH_X61_1162_003:0565a01	斷。慳貪不生。餓鬼之心了也。勝心既斷。嗔鬪不	003	斷  慳 貪 不 生  餓 鬼 之 心 了 也  勝 心 既 斷  嗔 鬪 不 
ZH_X61_1162_003:0565a02	生。修羅之心了也。愛染既斷。正念現前人道之	003	生  修 羅 之 心 了 也  愛 染 既 斷  正 念 現 前 人 道 之 
ZH_X61_1162_003:0565a03	心了也。捨有漏因。修無漏業。天道之心了也。不	003	心 了 也  捨 有 漏 因  修 無 漏 業  天 道 之 心 了 也  不 
ZH_X61_1162_003:0565a04	執四諦。不守真空。聲聞之心了也。不局因緣。回	003	執 四 諦  不 守 真 空  聲 聞 之 心 了 也  不 局 因 緣  回 
ZH_X61_1162_003:0565a05	心入大。緣覺之心了也。六度功成。頓超地位。菩	003	心 入 大  緣 覺 之 心 了 也  六 度 功 成  頓 超 地 位  菩 
ZH_X61_1162_003:0565a06	薩之心了也。圓滿菩提。歸無所得。諸佛之心了	003	薩 之 心 了 也  圓 滿 菩 提  歸 無 所 得  諸 佛 之 心 了 
ZH_X61_1162_003:0565a07	也今我了心於六凡法界之中。必已了悟無疑	003	也 今 我 了 心 於 六 凡 法 界 之 中  必 已 了 悟 無 疑 
ZH_X61_1162_003:0565a08	矣。且道四望法界之中。所了之心。落在甚麼界。	003	矣  且 道 四 望 法 界 之 中  所 了 之 心  落 在 甚 麼 界  
ZH_X61_1162_003:0565a09	喝一喝。下座○纂靈記云。一人死至地獄門。遇	003	喝 一 喝  下 座  纂 靈 記 云  一 人 死 至 地 獄 門  遇 
ZH_X61_1162_003:0565a10	地藏菩薩授以一偈。若人欲了知三句。謂之曰。	003	地 藏 菩 薩 授 以 一 偈  若 人 欲 了 知 三 句  謂 之 曰  
ZH_X61_1162_003:0565a11	誦得此偈能破地獄苦。故知若觀此心。不惟破	003	誦 得 此 偈 能 破 地 獄 苦  故 知 若 觀 此 心  不 惟 破 
ZH_X61_1162_003:0565a12	地獄界乃至十法界一時破。	003	地 獄 界 乃 至 十 法 界 一 時 破  
ZH_X61_1162_003:0565a13	論發願人宜發誓(梵網經有不發誓戒)	003	論 發 願 人 宜 發 誓  梵 網 經 有 不 發 誓 戒  
ZH_X61_1162_003:0565a14	戒疏發隱曰。期其志而必到者。願為之先導也。堅	003	戒 疏 發 隱 曰  期 其 志 而 必 到 者  願 為 之 先 導 也  堅 
ZH_X61_1162_003:0565a15	其願而不退者。誓為之後驅也。故疏稱誓為願中	003	其 願 而 不 退 者  誓 為 之 後 驅 也  故 疏 稱 誓 為 願 中 
ZH_X61_1162_003:0565a16	勇烈意。吾願雖發。若無大誓。安克有終。	003	勇 烈 意  吾 願 雖 發  若 無 大 誓  安 克 有 終  
ZH_X61_1162_003:0565a17	楞嚴經曰。若我滅度後。其有比丘。發心決定修三摩	003	楞 嚴 經 曰  若 我 滅 度 後  其 有 比 丘  發 心 決 定 修 三 摩 
ZH_X61_1162_003:0565a18	地。能於如來形像前。身然一燈。燒一指節。爇一香炷。	003	地  能 於 如 來 形 像 前  身 然 一 燈  燒 一 指 節  爇 一 香 炷  
ZH_X61_1162_003:0565a19	我說是人。雖未即明無上覺路。是人於法已決定心。	003	我 說 是 人  雖 未 即 明 無 上 覺 路  是 人 於 法 已 決 定 心  
ZH_X61_1162_003:0565a20	蓮池禪師曰。燒身燒臂。大乘經中屢開。此得忍大	003	蓮 池 禪 師 曰  燒 身 燒 臂  大 乘 經 中 屢 開  此 得 忍 大 
ZH_X61_1162_003:0565a21	士所為。非初心境界也。求生西方者若能用然臂	003	士 所 為  非 初 心 境 界 也  求 生 西 方 者 若 能 用 然 臂 
ZH_X61_1162_003:0565a22	之精虔勇猛。以治其惡習。則所然亦多矣。古云善	003	之 精 虔 勇 猛  以 治 其 惡 習  則 所 然 亦 多 矣  古 云 善 
ZH_X61_1162_003:0565a23	學柳下惠。不其然歟。	003	學 柳 下 惠  不 其 然 歟  
ZH_X61_1162_003:0565a24	(還)謹按諸佛菩薩。皆有誓願以為究竟之地。今	003	 還  謹 按 諸佛菩薩  皆 有 誓 願 以 為 究 竟 之 地  今 
ZH_X61_1162_003:0565b01	人生於濁世而求[宋-木+取]上乘。不可無決定心。欲發	003	人 生 於 濁 世 而 求 [宋木取] 上 乘  不 可 無 決 定 心  欲 發 
ZH_X61_1162_003:0565b02	決定心。不可無誓願。予故不效諸經(然臂)之事。而	003	決 定 心  不 可 無 誓 願  予 故 不 效 諸 經  然 臂  之 事  而 
ZH_X61_1162_003:0565b03	學佛菩薩誓願之規。其以學柳下惠者。而學蓮	003	學 佛 菩 薩 誓 願 之 規  其 以 學 柳 下 惠 者  而 學 蓮 
ZH_X61_1162_003:0565b04	師歟。	003	師 歟  
ZH_X61_1162_003:0565b05	考證宜發誓阿含經云。比丘不發誓者。終	003	考 證 宜 發 誓 阿 含 經 云  比 丘 不 發 誓 者  終 
ZH_X61_1162_003:0565b06	不成佛道。誓願之福。不可稱計。得至甘露滅盡	003	不 成 佛 道  誓 願 之 福  不可稱計  得 至 甘 露 滅 盡 
ZH_X61_1162_003:0565b07	之處。故願後必須發誓也。○發隱曰。問願多期	003	之 處  故 願 後 必 須 發 誓 也   發 隱 曰  問 願 多 期 
ZH_X61_1162_003:0565b08	望之語。誓類呪咀之詞。修行本擬出離。云何動	003	望 之 語  誓 類 呪 咀 之 詞  修 行 本 擬 出 離  云 何 動 
ZH_X61_1162_003:0565b09	稱地獄。答。誓願中之勇烈意也。呪呾。怨中之毒	003	稱 地 獄  答  誓 願 中 之 勇 烈 意 也  呪 呾  怨 中 之 毒 
ZH_X61_1162_003:0565b10	害意也。柰何以願為怨。以勇烈為毒害乎。世有	003	害 意 也  柰 何 以 願 為 怨  以 勇 烈 為 毒 害 乎  世 有 
ZH_X61_1162_003:0565b11	魔師。教授魔種。閉門塞竇。險語以堅其信根。惡	003	魔 師  教 授 魔 種  閉 門 塞 竇  險 語 以 堅 其 信 根  惡 
ZH_X61_1162_003:0565b12	咀以閉其外問。終身蔽錮。累劫牢籠。而莫之能	003	咀 以 閉 其 外 問  終 身 蔽 錮  累 劫 牢 籠  而 莫 之 能 
ZH_X61_1162_003:0565b13	出也。哀哉。	003	出 也  哀 哉  
ZH_X61_1162_003:0565b14	善學柳下惠魯男子獨處一室鄰婦之屋。夜	003	善 學 柳 下 惠 魯 男 子 獨 處 一 室 鄰 婦 之 屋  夜 
ZH_X61_1162_003:0565b15	為風雨所敗。求寄宿。男子閉門不納。婦曰。汝獨	003	為 風 雨 所 敗  求 寄 宿  男 子 閉 門 不 納  婦 曰  汝 獨 
ZH_X61_1162_003:0565b16	不聞柳下惠之覆寒女乎。男子曰。在柳下惠則	003	不 聞 柳 下 惠 之 覆 寒 女 乎  男 子 曰  在 柳 下 惠 則 
ZH_X61_1162_003:0565b17	可。在我則不可。以我之不可。學柳下惠之可。故	003	可  在 我 則 不 可  以 我 之 不 可  學 柳 下 惠 之 可  故 
ZH_X61_1162_003:0565b18	曰。善學柳下惠。	003	曰  善 學 柳 下 惠  
ZH_X61_1162_003:0565b19	西方誓文(弟子廣還撰)	003	西 方 誓 文  弟 子 廣 還 撰  
ZH_X61_1162_003:0565b20	弟子(某)謹於(某)年(某)月(某)日。發願修持淨業。立	003	弟 子  某  謹 於  某  年  某  月  某  日  發 願 修 持 淨 業  立 
ZH_X61_1162_003:0565b21	誓于	003	誓 于 
ZH_X61_1162_003:0565b22	佛菩薩之前曰。弟子(某)修持淨業。願依[宋-木+取]上乘發菩	003	佛 菩 薩 之 前 曰  弟 子  某  修 持 淨 業  願 依 [宋木取] 上 乘 發 菩 
ZH_X61_1162_003:0565b23	提心。願比然臂事。發決定心。奉持齋戒。遵行日	003	提 心  願 比 然 臂 事  發 決 定 心  奉 持 齋 戒  遵 行 日 
ZH_X61_1162_003:0565b24	課。圓通宗法。必期如西方願文而後已。否則情	003	課  圓 通 宗 法  必 期 如 西 方 願 文 而 後 已  否 則 情 
ZH_X61_1162_003:0565c01	隨事遷。終致退轉。空過一生。輪迴永劫可不痛	003	隨 事 遷  終 致 退 轉  空 過 一 生  輪 迴 永 劫 可 不 痛 
ZH_X61_1162_003:0565c02	哉。自今已後。若違初願。不加精進者。是則欺誑	003	哉  自 今 已 後  若 違 初 願  不 加 精 進 者  是 則 欺 誑 
ZH_X61_1162_003:0565c03	十方	003	十 方 
ZH_X61_1162_003:0565c04	如來。必受譴罰。若得往生。見	003	如 來  必 受 譴 罰  若 得 往 生  見 
ZH_X61_1162_003:0565c05	佛聞法。了證無生法忍。成就一切功德。而自利自足。	003	佛 聞 法  了 證 無生法忍  成 就 一切功德  而 自 利 自 足  
ZH_X61_1162_003:0565c06	不普度法界眾生者。亦同前誓。惟	003	不 普 度 法 界 眾 生 者  亦 同 前 誓  惟 
ZH_X61_1162_003:0565c07	佛昭明。尚其鑒之。	003	佛 昭 明  尚 其 鑒 之  
ZH_X61_1162_003:0565c08	又詣	003	又 詣 
ZH_X61_1162_003:0565c09	三洲感應護法韋馱尊天之前(先讚後誓)。	003	三 洲 感 應 護 法 韋 馱 尊 天 之 前  先 讚 後 誓   
ZH_X61_1162_003:0565c10	讚曰。韋馱天將。菩薩化身。永護法佛誓弘深。寶杵	003	讚 曰  韋 馱 天 將  菩 薩 化 身  永 護 法 佛 誓 弘 深  寶 杵 
ZH_X61_1162_003:0565c11	鎮魔軍。功德難論。祈禱赴凡忱。	003	鎮 魔 軍  功 德 難 論  祈 禱 赴 凡 忱  
ZH_X61_1162_003:0565c12	誓曰(誓與前同)。	003	誓 曰  誓 與 前 同   
ZH_X61_1162_003:0565c13	考證三洲長阿含經云。須彌山南。名閻浮	003	考 證 三 洲 長 阿 含 經 云  須 彌 山 南  名 閻 浮 
ZH_X61_1162_003:0565c14	提。又云贍部。須彌山東。名弗于逮。又名弗菩提。	003	提  又 云 贍 部  須 彌 山 東  名 弗 于 逮  又 名 弗 菩 提  
ZH_X61_1162_003:0565c15	又名東勝神。須彌山西。名瞿耶尼。又名瞿陀尼。	003	又 名 東 勝 神  須 彌 山 西  名 瞿 耶 尼  又 名 瞿 陀 尼  
ZH_X61_1162_003:0565c16	又名西牛貨。須彌山北。名北俱蘆。又名鬱單越。	003	又 名 西 牛 貨  須 彌 山 北  名 北 俱 蘆  又 名 鬱 單 越  
ZH_X61_1162_003:0565c17	四洲而曰三洲感應。何也。佛祖統紀云。北洲佛	003	四 洲 而 曰 三 洲 感 應  何 也  佛 祖 統 紀 云  北 洲 佛 
ZH_X61_1162_003:0565c18	不出生。故不聞佛法。既無佛法。則韋馱不往矣。	003	不 出 生  故 不 聞 佛 法  既 無 佛 法  則 韋 馱 不 往 矣  
ZH_X61_1162_003:0565c19	故止言三洲也。考經四方皆有佛。何言北洲無	003	故 止 言 三 洲 也  考 經 四 方 皆 有 佛  何 言 北 洲 無 
ZH_X61_1162_003:0565c20	佛法。曰。北洲無佛。只言娑婆世界耳。極言四方。	003	佛 法  曰  北 洲 無 佛  只 言 娑婆世界 耳  極 言 四 方  
ZH_X61_1162_003:0565c21	有無量四天下。故言有佛。	003	有 無 量 四 天 下  故 言 有 佛  
ZH_X61_1162_003:0565c22	韋馱尊天一百十七世。世世為童真。其所作	003	韋 馱 尊 天 一 百 十 七 世  世 世 為 童 真  其 所 作 
ZH_X61_1162_003:0565c23	功德浩大。不能盡述。寶華琉璃光佛時成道。名	003	功 德 浩 大  不 能 盡 述  寶 華 琉 璃 光 佛 時 成 道  名 
ZH_X61_1162_003:0565c24	普眼菩薩。釋迦如來會上成道。名童真菩薩。手	003	普 眼 菩 薩  釋 迦 如 來 會 上 成 道  名 童 真 菩 薩  手 
ZH_X61_1162_003:0566a01	持金剛寶杵。重八萬四千斤。發大誓願。若金剛	003	持 金 剛 寶 杵  重 八萬四千 斤  發 大 誓 願  若 金 剛 
ZH_X61_1162_003:0566a02	寶杵壞。即破童真身。佛佛出世。擁護佛法。不見	003	寶 杵 壞  即 破 童 真 身  佛 佛 出 世  擁 護 佛 法  不 見 
ZH_X61_1162_003:0566a03	僧尼之過。頂戴鳳翅兜鍪。足穿黑履。身著黃金	003	僧 尼 之 過  頂 戴 鳳 翅 兜 鍪  足 穿 黑 履  身 著 黃 金 
ZH_X61_1162_003:0566a04	鎻甲○智論云。護世四天王。各有八將軍。周四	003	鎻 甲  智 論 云  護世四天王  各 有 八 將 軍  周 四 
ZH_X61_1162_003:0566a05	天下。護助出家人。韋將軍於三十二將中。最存	003	天 下  護 助 出 家 人  韋 將 軍 於 三 十 二 將 中  最 存 
ZH_X61_1162_003:0566a06	弘護。比丘道力微者。為魔所惑。韋將軍恓惶奔	003	弘 護  比 丘 道 力 微 者  為 魔 所 惑  韋 將 軍 恓 惶 奔 
ZH_X61_1162_003:0566a07	赴。應機剪除。	003	赴  應 機 剪 除  
ZH_X61_1162_003:0566a09	淨土資糧全集卷之三	003	淨 土 資 糧 全 集 卷 之 三 
